time	-I(Rl)	V(vout)
0.000000000000000e+00	1.009601e-09	9.996057e+00
2.000000000000000e-03	1.009601e-09	9.996057e+00
2.000000079872123e-03	2.300749e+01	4.245506e-02
2.000000080184124e-03	2.295656e+01	2.295656e-02
2.000000080808125e-03	2.260721e+01	2.260721e-02
2.000000082056127e-03	2.199936e+01	2.199937e-02
2.000000082368127e-03	2.185805e+01	2.185805e-02
2.000000082992128e-03	2.159207e+01	2.159208e-02
2.000000084240130e-03	2.110045e+01	2.110045e-02
2.000000086736134e-03	2.023834e+01	2.023834e-02
2.000000091728142e-03	1.885412e+01	1.885412e-02
2.000000101712157e-03	1.695103e+01	1.695103e-02
2.000000121680188e-03	1.481863e+01	1.481863e-02
2.000000146007538e-03	1.370019e+01	1.370019e-02
2.000000176121966e-03	1.331221e+01	1.331221e-02
2.000000206995424e-03	1.327069e+01	1.327069e-02
2.000000249071904e-03	1.334279e+01	1.334279e-02
2.000000317135302e-03	1.345077e+01	1.345077e-02
2.000000377330230e-03	1.349636e+01	1.349636e-02
2.000000441342459e-03	1.350219e+01	1.350219e-02
2.000000509057758e-03	1.348371e+01	1.348371e-02
2.000000586818243e-03	1.344449e+01	1.344449e-02
2.000000664018090e-03	1.339343e+01	1.339343e-02
2.000000762813206e-03	1.331691e+01	1.331691e-02
2.000000867166614e-03	1.322818e+01	1.322818e-02
2.000000998789418e-03	1.311022e+01	1.311022e-02
2.000001143374411e-03	1.297874e+01	1.297874e-02
2.000001333433909e-03	1.280948e+01	1.280948e-02
2.000001563037708e-03	1.261841e+01	1.261841e-02
2.000001908743200e-03	1.237062e+01	1.237063e-02
2.000002531931946e-03	1.202241e+01	1.202241e-02
2.000003177644040e-03	1.177662e+01	1.177662e-02
2.000003912826008e-03	1.161997e+01	1.161997e-02
2.000004712092916e-03	1.154889e+01	1.154889e-02
2.000005465251547e-03	1.154834e+01	1.154834e-02
2.000006323520871e-03	1.159980e+01	1.159981e-02
2.000007424676978e-03	1.171095e+01	1.171095e-02
2.000008338071423e-03	1.182688e+01	1.182688e-02
2.000009087320245e-03	1.192363e+01	1.192363e-02
2.000009872624026e-03	1.201355e+01	1.201355e-02
2.000010524143154e-03	1.207873e+01	1.207873e-02
2.000011209317110e-03	1.213641e+01	1.213641e-02
2.000012227668405e-03	1.220230e+01	1.220230e-02
2.000013543391088e-03	1.226029e+01	1.226029e-02
2.000015226781760e-03	1.230435e+01	1.230435e-02
2.000017301971584e-03	1.233409e+01	1.233409e-02
2.000019300926721e-03	1.234586e+01	1.234586e-02
2.000020577007519e-03	1.234048e+01	1.234048e-02
2.000021979159430e-03	1.232470e+01	1.232471e-02
2.000023251229498e-03	1.231121e+01	1.231121e-02
2.000024479056312e-03	1.230198e+01	1.230198e-02
2.000025787362304e-03	1.229571e+01	1.229571e-02
2.000027114360231e-03	1.229315e+01	1.229316e-02
2.000028817979702e-03	1.229436e+01	1.229436e-02
2.000030853719102e-03	1.229985e+01	1.229985e-02
2.000034925197900e-03	1.231586e+01	1.231586e-02
2.000039876018097e-03	1.233744e+01	1.233744e-02
2.000046684927662e-03	1.236790e+01	1.236791e-02
2.000052212932071e-03	1.239493e+01	1.239493e-02
2.000057575523247e-03	1.242854e+01	1.242854e-02
2.000063622950807e-03	1.248298e+01	1.248298e-02
2.000069530817764e-03	1.256369e+01	1.256369e-02
2.000076696181098e-03	1.271101e+01	1.271101e-02
2.000085525208341e-03	1.295974e+01	1.295974e-02
2.000091095434565e-03	1.315793e+01	1.315793e-02
2.000094922928427e-03	1.332030e+01	1.332031e-02
2.000098499628519e-03	1.349418e+01	1.349418e-02
2.000102166531716e-03	1.369710e+01	1.369710e-02
2.000106550645671e-03	1.397915e+01	1.397916e-02
2.000114863958392e-03	1.459523e+01	1.459523e-02
2.000121477322798e-03	1.513541e+01	1.513541e-02
2.000124603683968e-03	1.539596e+01	1.539596e-02
2.000126586003548e-03	1.555221e+01	1.555221e-02
2.000128511811684e-03	1.569621e+01	1.569621e-02
2.000130566287462e-03	1.584161e+01	1.584161e-02
2.000132465074946e-03	1.595245e+01	1.595245e-02
2.000134909833665e-03	1.599325e+01	1.599325e-02
2.000136802813140e-03	1.584644e+01	1.584644e-02
2.000138104807606e-03	1.568597e+01	1.568597e-02
2.000138928002136e-03	1.568105e+01	1.568105e-02
2.000139289353896e-03	1.572482e+01	1.572483e-02
2.000139533266100e-03	1.575813e+01	1.575813e-02
2.000139755682120e-03	1.578666e+01	1.578666e-02
2.000139908562595e-03	1.580667e+01	1.580667e-02
2.000140047910669e-03	1.582433e+01	1.582434e-02
2.000140206421933e-03	1.584405e+01	1.584405e-02
2.000140379862961e-03	1.586546e+01	1.586546e-02
2.000140622994651e-03	1.589457e+01	1.589457e-02
2.000140993361489e-03	1.593726e+01	1.593726e-02
2.000141564133487e-03	1.599977e+01	1.599977e-02
2.000142142810237e-03	1.606088e+01	1.606088e-02
2.000142720891472e-03	1.611958e+01	1.611958e-02
2.000143309636525e-03	1.617733e+01	1.617734e-02
2.000143943965968e-03	1.623866e+01	1.623866e-02
2.000144670730048e-03	1.630883e+01	1.630883e-02
2.000145528948016e-03	1.639247e+01	1.639247e-02
2.000147245383952e-03	1.656261e+01	1.656261e-02
2.000149387047519e-03	1.678096e+01	1.678096e-02
2.000153175236911e-03	1.718275e+01	1.718275e-02
2.000157471037878e-03	1.766101e+01	1.766102e-02
2.000162229965552e-03	1.822852e+01	1.822852e-02
2.000171380245127e-03	1.941402e+01	1.941402e-02
2.000181273671002e-03	2.085587e+01	2.085587e-02
2.000201060522753e-03	2.412902e+01	2.412902e-02
2.000215551484992e-03	2.683445e+01	2.683445e-02
2.000232768539561e-03	3.040667e+01	3.040667e-02
2.000250495822681e-03	3.432427e+01	3.432427e-02
2.000262021939541e-03	3.694862e+01	3.694863e-02
2.000273645020892e-03	3.958638e+01	3.958638e-02
2.000287661517902e-03	4.263919e+01	4.263920e-02
2.000304798482796e-03	4.608755e+01	4.608755e-02
2.000319260781909e-03	4.865577e+01	4.865577e-02
2.000334260478940e-03	5.090686e+01	5.090687e-02
2.000348645334392e-03	5.260645e+01	5.260645e-02
2.000374644029418e-03	5.478016e+01	5.478016e-02
2.000405235252830e-03	5.631910e+01	5.631911e-02
2.000445464351199e-03	5.731462e+01	5.731463e-02
2.000458837029170e-03	5.744294e+01	5.744294e-02
2.000464714613696e-03	5.745370e+01	5.745371e-02
2.000469083131986e-03	5.745275e+01	5.745276e-02
2.000472742359486e-03	5.744743e+01	5.744743e-02
2.000476467432338e-03	5.743914e+01	5.743914e-02
2.000480083293364e-03	5.742805e+01	5.742806e-02
2.000484114924975e-03	5.741267e+01	5.741267e-02
2.000488487752683e-03	5.739265e+01	5.739266e-02
2.000493510687366e-03	5.736565e+01	5.736565e-02
2.000499632059464e-03	5.732759e+01	5.732760e-02
2.000507338642095e-03	5.727234e+01	5.727234e-02
2.000517797951345e-03	5.718576e+01	5.718577e-02
2.000533206160040e-03	5.703970e+01	5.703970e-02
2.000550010182055e-03	5.685977e+01	5.685978e-02
2.000568018373949e-03	5.664477e+01	5.664477e-02
2.000587728692158e-03	5.638554e+01	5.638555e-02
2.000609478838816e-03	5.607256e+01	5.607257e-02
2.000630514729893e-03	5.574113e+01	5.574114e-02
2.000653674358886e-03	5.534108e+01	5.534109e-02
2.000675169873885e-03	5.493055e+01	5.493056e-02
2.000700595801859e-03	5.438625e+01	5.438626e-02
2.000727836277143e-03	5.371171e+01	5.371171e-02
2.000765616933211e-03	5.253385e+01	5.253386e-02
2.000835894976248e-03	4.968154e+01	4.968154e-02
2.000912875555558e-03	4.586872e+01	4.586872e-02
2.000979666252848e-03	4.228270e+01	4.228270e-02
2.001053399730683e-03	3.841748e+01	3.841748e-02
2.001133185114942e-03	3.448469e+01	3.448469e-02
2.001206951373621e-03	3.105985e+01	3.105986e-02
2.001293532959715e-03	2.727807e+01	2.727807e-02
2.001378293849292e-03	2.398297e+01	2.398298e-02
2.001465423902990e-03	2.130956e+01	2.130956e-02
2.001564151408051e-03	1.906364e+01	1.906364e-02
2.001620076464972e-03	1.809467e+01	1.809467e-02
2.001686914022396e-03	1.716470e+01	1.716470e-02
2.001750269503898e-03	1.640781e+01	1.640781e-02
2.001796513207301e-03	1.592500e+01	1.592501e-02
2.001829212770564e-03	1.561664e+01	1.561664e-02
2.001866214498059e-03	1.529043e+01	1.529044e-02
2.001904013862756e-03	1.497725e+01	1.497725e-02
2.001943539770593e-03	1.467507e+01	1.467507e-02
2.002013815570823e-03	1.418447e+01	1.418447e-02
2.002084994870167e-03	1.374000e+01	1.374001e-02
2.002198761704081e-03	1.312206e+01	1.312206e-02
2.002346055264330e-03	1.243695e+01	1.243695e-02
2.002519252666861e-03	1.173401e+01	1.173401e-02
2.002544320774948e-03	1.164211e+01	1.164211e-02
2.002574126973841e-03	1.153997e+01	1.153997e-02
2.002603005195640e-03	1.144356e+01	1.144356e-02
2.002632671756390e-03	1.134715e+01	1.134715e-02
2.002665897565779e-03	1.124236e+01	1.124236e-02
2.002712276764301e-03	1.110078e+01	1.110078e-02
2.002759961186191e-03	1.096052e+01	1.096052e-02
2.002818108793760e-03	1.079656e+01	1.079656e-02
2.002884340537871e-03	1.061840e+01	1.061840e-02
2.002967900814979e-03	1.040500e+01	1.040500e-02
2.003054356548001e-03	1.019704e+01	1.019704e-02
2.003170409731295e-03	9.935820e+00	9.935820e-03
2.003301844408667e-03	9.660679e+00	9.660679e-03
2.003464941611153e-03	9.346015e+00	9.346015e-03
2.003663668355125e-03	8.995395e+00	8.995395e-03
2.003907786893536e-03	8.605275e+00	8.605276e-03
2.004212793173295e-03	8.167953e+00	8.167952e-03
2.004592443637839e-03	7.684322e+00	7.684323e-03
2.005070960085968e-03	7.148283e+00	7.148284e-03
2.005673856948953e-03	6.560803e+00	6.560804e-03
2.006438398726349e-03	5.923313e+00	5.923314e-03
2.007499152821262e-03	5.201019e+00	5.201020e-03
2.008512405123239e-03	4.824000e+00	4.824000e-03
2.009205492945621e-03	4.999839e+00	4.999840e-03
2.009966085526288e-03	5.558127e+00	5.558128e-03
2.010259743596674e-03	5.766250e+00	5.766251e-03
2.010541422760217e-03	5.955212e+00	5.955212e-03
2.010919536568296e-03	6.210911e+00	6.210912e-03
2.011157383108711e-03	6.305621e+00	6.305621e-03
2.011409020478273e-03	6.314130e+00	6.314130e-03
2.011596202243156e-03	6.276744e+00	6.276745e-03
2.011785194896389e-03	6.221636e+00	6.221637e-03
2.011860121434156e-03	6.200166e+00	6.200166e-03
2.011879928231144e-03	6.194833e+00	6.194834e-03
2.011896500624510e-03	6.190423e+00	6.190424e-03
2.011916121049002e-03	6.185155e+00	6.185155e-03
2.011935621426630e-03	6.179873e+00	6.179873e-03
2.011961977553010e-03	6.172600e+00	6.172601e-03
2.011992427078400e-03	6.163984e+00	6.163985e-03
2.012042109923784e-03	6.149535e+00	6.149536e-03
2.012075432724835e-03	6.139615e+00	6.139616e-03
2.012104282948098e-03	6.130876e+00	6.130876e-03
2.012137578106349e-03	6.120719e+00	6.120719e-03
2.012154696489667e-03	6.115480e+00	6.115480e-03
2.012170856930107e-03	6.110545e+00	6.110546e-03
2.012192323262647e-03	6.104018e+00	6.104019e-03
2.012212841301459e-03	6.097814e+00	6.097815e-03
2.012239103033879e-03	6.089943e+00	6.089944e-03
2.012266562706818e-03	6.081800e+00	6.081801e-03
2.012306521591428e-03	6.070125e+00	6.070125e-03
2.012362794925770e-03	6.053917e+00	6.053918e-03
2.012433825665413e-03	6.033700e+00	6.033701e-03
2.012512502000639e-03	6.011420e+00	6.011421e-03
2.012620516542961e-03	5.980927e+00	5.980928e-03
2.012836545627606e-03	5.920749e+00	5.920750e-03
2.013174252734500e-03	5.829335e+00	5.829336e-03
2.013615223934990e-03	5.714694e+00	5.714695e-03
2.014218812768693e-03	5.567332e+00	5.567333e-03
2.015425990436100e-03	5.299280e+00	5.299280e-03
2.017084308713159e-03	4.975589e+00	4.975590e-03
2.018931319334529e-03	4.679757e+00	4.679757e-03
2.022625340577267e-03	4.226618e+00	4.226618e-03
2.026674375416886e-03	3.870294e+00	3.870294e-03
2.031114331381935e-03	3.614423e+00	3.614424e-03
2.036207086499237e-03	3.428405e+00	3.428405e-03
2.040900942592727e-03	3.322264e+00	3.322265e-03
2.045713832172382e-03	3.255985e+00	3.255985e-03
2.050327339305214e-03	3.216702e+00	3.216702e-03
2.055162338436636e-03	3.191348e+00	3.191348e-03
2.059900705080949e-03	3.176010e+00	3.176010e-03
2.064810706421864e-03	3.166300e+00	3.166300e-03
2.069694551398632e-03	3.160417e+00	3.160418e-03
2.074802911035208e-03	3.156721e+00	3.156721e-03
2.080041773653919e-03	3.154474e+00	3.154475e-03
2.085680125913479e-03	3.153080e+00	3.153081e-03
2.091747257937935e-03	3.152247e+00	3.152248e-03
2.098583195437936e-03	3.151748e+00	3.151748e-03
2.105419132937936e-03	3.151491e+00	3.151492e-03
2.112255070437936e-03	3.151364e+00	3.151365e-03
2.119091007937935e-03	3.151301e+00	3.151302e-03
2.125926945437936e-03	3.151269e+00	3.151270e-03
2.132762882937936e-03	3.151253e+00	3.151253e-03
2.139598820437935e-03	3.151240e+00	3.151240e-03
2.146434757937936e-03	3.151226e+00	3.151226e-03
2.153270695437936e-03	3.151217e+00	3.151217e-03
2.160106632937936e-03	3.151212e+00	3.151212e-03
2.166942570437935e-03	3.151214e+00	3.151214e-03
2.173778507937936e-03	3.151221e+00	3.151221e-03
2.180614445437936e-03	3.151224e+00	3.151224e-03
2.187450382937936e-03	3.151223e+00	3.151223e-03
2.194286320437935e-03	3.151222e+00	3.151222e-03
2.201122257937936e-03	3.151221e+00	3.151221e-03
2.207958195437936e-03	3.151219e+00	3.151219e-03
2.214794132937936e-03	3.151218e+00	3.151218e-03
2.221630070437935e-03	3.151216e+00	3.151216e-03
2.228466007937936e-03	3.151213e+00	3.151213e-03
2.235301945437936e-03	3.151197e+00	3.151198e-03
2.242137882937936e-03	3.151415e+00	3.151416e-03
2.242992375125436e-03	3.151345e+00	3.151345e-03
2.244701359500435e-03	3.151132e+00	3.151133e-03
2.246531722954200e-03	3.151097e+00	3.151097e-03
2.248377513470144e-03	3.151049e+00	3.151050e-03
2.248410854357480e-03	3.151049e+00	3.151049e-03
2.248477536132151e-03	3.151047e+00	3.151048e-03
2.248610899681494e-03	3.151041e+00	3.151042e-03
2.248877626780179e-03	3.151021e+00	3.151021e-03
2.249117290016050e-03	3.150984e+00	3.150985e-03
2.249353357092575e-03	3.150926e+00	3.150926e-03
2.249633121187075e-03	3.150860e+00	3.150860e-03
2.249878847721530e-03	3.150826e+00	3.150827e-03
2.250190720298274e-03	3.150799e+00	3.150800e-03
2.250557993661243e-03	3.150763e+00	3.150763e-03
2.251292540387181e-03	3.150681e+00	3.150681e-03
2.252761633839058e-03	3.150457e+00	3.150457e-03
2.255699820742810e-03	3.149653e+00	3.149653e-03
2.260489421853304e-03	3.146821e+00	3.146821e-03
2.265628935997647e-03	3.139723e+00	3.139723e-03
2.270701893586348e-03	3.123702e+00	3.123702e-03
2.276387472087243e-03	3.085992e+00	3.085992e-03
2.283223409587243e-03	3.002547e+00	3.002547e-03
2.290059347087243e-03	2.871657e+00	2.871657e-03
2.296594270155137e-03	2.713227e+00	2.713227e-03
2.303430207655137e-03	2.548249e+00	2.548249e-03
2.310266145155137e-03	2.412627e+00	2.412627e-03
2.317102082655137e-03	2.311553e+00	2.311554e-03
2.323938020155137e-03	2.238464e+00	2.238464e-03
2.330773957655137e-03	2.186042e+00	2.186042e-03
2.337609895155137e-03	2.148540e+00	2.148540e-03
2.344445832655137e-03	2.121737e+00	2.121737e-03
2.351281770155137e-03	2.102584e+00	2.102584e-03
2.358117707655137e-03	2.088901e+00	2.088901e-03
2.364953645155137e-03	2.079123e+00	2.079123e-03
2.371789582655137e-03	2.072135e+00	2.072135e-03
2.378625520155137e-03	2.067137e+00	2.067137e-03
2.385461457655137e-03	2.063561e+00	2.063561e-03
2.392297395155137e-03	2.061000e+00	2.061000e-03
2.399133332655137e-03	2.059165e+00	2.059165e-03
2.405969270155137e-03	2.057846e+00	2.057846e-03
2.412805207655137e-03	2.056898e+00	2.056898e-03
2.419641145155137e-03	2.056214e+00	2.056214e-03
2.426477082655137e-03	2.055719e+00	2.055719e-03
2.433313020155137e-03	2.055360e+00	2.055360e-03
2.440148957655137e-03	2.055098e+00	2.055098e-03
2.446984895155137e-03	2.054905e+00	2.054905e-03
2.453820832655137e-03	2.054763e+00	2.054763e-03
2.460656770155137e-03	2.054656e+00	2.054656e-03
2.467492707655137e-03	2.054575e+00	2.054576e-03
2.474328645155137e-03	2.054514e+00	2.054514e-03
2.481164582655137e-03	2.054466e+00	2.054466e-03
2.488000520155137e-03	2.054428e+00	2.054428e-03
2.494836457655137e-03	2.054398e+00	2.054398e-03
2.501672395155137e-03	2.054373e+00	2.054373e-03
2.508508332655137e-03	2.054352e+00	2.054352e-03
2.515344270155137e-03	2.054335e+00	2.054335e-03
2.522180207655137e-03	2.054319e+00	2.054320e-03
2.529016145155137e-03	2.054306e+00	2.054306e-03
2.535852082655137e-03	2.054294e+00	2.054295e-03
2.542688020155137e-03	2.054284e+00	2.054284e-03
2.549523957655137e-03	2.054275e+00	2.054275e-03
2.556359895155137e-03	2.054266e+00	2.054266e-03
2.563195832655137e-03	2.054258e+00	2.054258e-03
2.570031770155137e-03	2.054251e+00	2.054251e-03
2.576867707655137e-03	2.054244e+00	2.054245e-03
2.583703645155137e-03	2.054238e+00	2.054238e-03
2.590539582655137e-03	2.054232e+00	2.054233e-03
2.597375520155137e-03	2.054227e+00	2.054228e-03
2.604211457655137e-03	2.054222e+00	2.054222e-03
2.611047395155137e-03	2.054218e+00	2.054218e-03
2.617883332655137e-03	2.054214e+00	2.054214e-03
2.624719270155137e-03	2.054209e+00	2.054210e-03
2.631555207655137e-03	2.054206e+00	2.054206e-03
2.638391145155137e-03	2.054203e+00	2.054203e-03
2.645227082655137e-03	2.054199e+00	2.054199e-03
2.652063020155137e-03	2.054196e+00	2.054196e-03
2.658898957655137e-03	2.054193e+00	2.054194e-03
2.665734895155137e-03	2.054191e+00	2.054191e-03
2.672570832655137e-03	2.054188e+00	2.054189e-03
2.679406770155137e-03	2.054186e+00	2.054186e-03
2.686242707655137e-03	2.054184e+00	2.054184e-03
2.693078645155137e-03	2.054182e+00	2.054182e-03
2.699914582655137e-03	2.054180e+00	2.054180e-03
2.706750520155137e-03	2.054178e+00	2.054179e-03
2.713586457655137e-03	2.054177e+00	2.054177e-03
2.720422395155137e-03	2.054175e+00	2.054176e-03
2.727258332655137e-03	2.054174e+00	2.054174e-03
2.734094270155137e-03	2.054173e+00	2.054173e-03
2.740930207655137e-03	2.054171e+00	2.054172e-03
2.747766145155137e-03	2.054170e+00	2.054170e-03
2.754602082655137e-03	2.054169e+00	2.054169e-03
2.761438020155137e-03	2.054168e+00	2.054168e-03
2.768273957655137e-03	2.054167e+00	2.054167e-03
2.775109895155137e-03	2.054166e+00	2.054167e-03
2.781945832655137e-03	2.054166e+00	2.054166e-03
2.788781770155137e-03	2.054165e+00	2.054165e-03
2.795617707655137e-03	2.054164e+00	2.054164e-03
2.802453645155137e-03	2.054163e+00	2.054164e-03
2.809289582655137e-03	2.054163e+00	2.054163e-03
2.816125520155137e-03	2.054162e+00	2.054163e-03
2.822961457655137e-03	2.054162e+00	2.054162e-03
2.829797395155137e-03	2.054161e+00	2.054161e-03
2.836633332655137e-03	2.054161e+00	2.054161e-03
2.843469270155137e-03	2.054160e+00	2.054160e-03
2.850305207655137e-03	2.054160e+00	2.054160e-03
2.857141145155137e-03	2.054159e+00	2.054160e-03
2.863977082655137e-03	2.054159e+00	2.054159e-03
2.870813020155137e-03	2.054159e+00	2.054159e-03
2.877648957655137e-03	2.054158e+00	2.054159e-03
2.884484895155137e-03	2.054158e+00	2.054158e-03
2.891320832655137e-03	2.054158e+00	2.054158e-03
2.898156770155137e-03	2.054158e+00	2.054158e-03
2.904992707655137e-03	2.054157e+00	2.054158e-03
2.911828645155137e-03	2.054157e+00	2.054157e-03
2.918664582655137e-03	2.054157e+00	2.054157e-03
2.925500520155137e-03	2.054157e+00	2.054157e-03
2.932336457655137e-03	2.054157e+00	2.054157e-03
2.939172395155137e-03	2.054157e+00	2.054157e-03
2.946008332655137e-03	2.054156e+00	2.054157e-03
2.952844270155137e-03	2.054156e+00	2.054156e-03
2.959680207655137e-03	2.054156e+00	2.054156e-03
2.966516145155137e-03	2.054156e+00	2.054156e-03
2.973352082655137e-03	2.054156e+00	2.054156e-03
2.980188020155137e-03	2.054156e+00	2.054156e-03
2.987023957655137e-03	2.054156e+00	2.054156e-03
3.000695832655137e-03	2.054155e+00	2.054156e-03
3.007531770155137e-03	2.054155e+00	2.054156e-03
3.014367707655137e-03	2.054155e+00	2.054155e-03
3.021203645155137e-03	2.054155e+00	2.054155e-03
3.028039582655137e-03	2.054155e+00	2.054155e-03
3.034875520155137e-03	2.054155e+00	2.054155e-03
3.041711457655137e-03	2.054155e+00	2.054155e-03
3.048547395155137e-03	2.054155e+00	2.054155e-03
3.055383332655137e-03	2.054155e+00	2.054155e-03
3.062219270155137e-03	2.054155e+00	2.054155e-03
3.069055207655137e-03	2.054155e+00	2.054155e-03
3.075891145155137e-03	2.054155e+00	2.054155e-03
3.082727082655137e-03	2.054155e+00	2.054155e-03
3.089563020155137e-03	2.054155e+00	2.054155e-03
3.096398957655137e-03	2.054155e+00	2.054155e-03
3.103234895155137e-03	2.054155e+00	2.054155e-03
3.110070832655137e-03	2.054155e+00	2.054155e-03
3.116906770155137e-03	2.054154e+00	2.054155e-03
3.123742707655137e-03	2.054154e+00	2.054155e-03
3.130578645155137e-03	2.054154e+00	2.054155e-03
3.137414582655137e-03	2.054154e+00	2.054155e-03
3.144250520155137e-03	2.054154e+00	2.054155e-03
3.151086457655137e-03	2.054154e+00	2.054155e-03
3.157922395155137e-03	2.054154e+00	2.054155e-03
3.164758332655137e-03	2.054154e+00	2.054155e-03
3.178430207655137e-03	2.054154e+00	2.054154e-03
3.192102082655137e-03	2.054154e+00	2.054154e-03
3.198938020155137e-03	2.054154e+00	2.054154e-03
3.205773957655137e-03	2.054154e+00	2.054154e-03
3.212609895155137e-03	2.054154e+00	2.054154e-03
3.219445832655137e-03	2.054154e+00	2.054154e-03
3.226281770155137e-03	2.054154e+00	2.054154e-03
3.233117707655137e-03	2.054154e+00	2.054154e-03
3.239953645155137e-03	2.054154e+00	2.054154e-03
3.246789582655137e-03	2.054154e+00	2.054154e-03
3.253625520155137e-03	2.054154e+00	2.054154e-03
3.267297395155137e-03	2.054154e+00	2.054154e-03
3.280969270155137e-03	2.054154e+00	2.054154e-03
3.294641145155137e-03	2.054154e+00	2.054154e-03
3.308313020155137e-03	2.054154e+00	2.054154e-03
3.315148957655137e-03	2.054154e+00	2.054154e-03
3.321984895155137e-03	2.054154e+00	2.054154e-03
3.328820832655137e-03	2.054154e+00	2.054154e-03
3.342492707655137e-03	2.054154e+00	2.054154e-03
3.356164582655137e-03	2.054154e+00	2.054154e-03
3.369836457655137e-03	2.054154e+00	2.054154e-03
3.383508332655137e-03	2.054154e+00	2.054154e-03
3.404016145155137e-03	2.054154e+00	2.054154e-03
3.417688020155137e-03	2.054154e+00	2.054154e-03
3.431359895155137e-03	2.054154e+00	2.054154e-03
3.451867707655137e-03	2.054154e+00	2.054154e-03
3.995678647189726e-03	2.054154e+00	2.054154e-03
4.000000000000000e-03	1.030241e+00	9.521697e-01
4.000013351440430e-03	5.781994e-03	1.905239e+00
4.000013427028712e-03	1.931608e-10	1.912484e+00
4.000013578205276e-03	1.937315e-10	1.918133e+00
4.000013796054812e-03	1.941400e-10	1.922178e+00
4.000014013169787e-03	1.943634e-10	1.924390e+00
4.000014229012382e-03	1.945394e-10	1.926133e+00
4.000014443906277e-03	1.946896e-10	1.927621e+00
4.000014840153915e-03	1.949183e-10	1.929885e+00
4.000015426317831e-03	1.951731e-10	1.932407e+00
4.000016598645664e-03	1.954839e-10	1.935485e+00
4.000018937677669e-03	1.957561e-10	1.938179e+00
4.000021069113884e-03	1.957769e-10	1.938386e+00
4.000024169580624e-03	1.956238e-10	1.936869e+00
4.000027533249243e-03	1.953989e-10	1.934643e+00
4.000031269190693e-03	1.951266e-10	1.931946e+00
4.000034001231402e-03	1.949235e-10	1.929936e+00
4.000036624032362e-03	1.947335e-10	1.928055e+00
4.000039393441658e-03	1.945382e-10	1.926121e+00
4.000041251142023e-03	1.944078e-10	1.924829e+00
4.000043499966973e-03	1.942503e-10	1.923271e+00
4.000045785855754e-03	1.940908e-10	1.921692e+00
4.000049161254043e-03	1.938558e-10	1.919364e+00
4.000052974874912e-03	1.935905e-10	1.916738e+00
4.000058730371426e-03	1.931908e-10	1.912780e+00
4.000065857273998e-03	1.926967e-10	1.907888e+00
4.000077913609459e-03	1.918636e-10	1.899640e+00
4.000094293567749e-03	1.907373e-10	1.888488e+00
4.000112962290256e-03	1.894627e-10	1.875868e+00
4.000132905052872e-03	1.881133e-10	1.862508e+00
4.000152313560837e-03	1.868148e-10	1.849652e+00
4.000174442681794e-03	1.853522e-10	1.835170e+00
4.000190639703497e-03	1.842951e-10	1.824704e+00
4.000207111371736e-03	1.832342e-10	1.814200e+00
4.000225241019789e-03	1.820819e-10	1.802791e+00
4.000245090766600e-03	1.808413e-10	1.790508e+00
4.000266968757688e-03	1.795563e-10	1.777786e+00
4.000287311915500e-03	1.785867e-10	1.768185e+00
4.000310241733023e-03	1.776951e-10	1.759357e+00
4.000331974102817e-03	1.767445e-10	1.749945e+00
4.000356378965631e-03	1.754651e-10	1.737278e+00
4.000380842720716e-03	1.740822e-10	1.723586e+00
4.000408750224104e-03	1.724711e-10	1.707635e+00
4.000438006920922e-03	1.707895e-10	1.690986e+00
4.000465063296685e-03	1.692554e-10	1.675796e+00
4.000493825489814e-03	1.676532e-10	1.659932e+00
4.000526841913767e-03	1.658520e-10	1.642099e+00
4.000571782423424e-03	1.634629e-10	1.618445e+00
4.000628738651533e-03	1.605285e-10	1.589391e+00
4.000695589337772e-03	1.572063e-10	1.556499e+00
4.000761598363787e-03	1.540773e-10	1.525518e+00
4.000889761273952e-03	1.483379e-10	1.468692e+00
4.001020794697492e-03	1.429126e-10	1.414977e+00
4.001269270896240e-03	1.337050e-10	1.323812e+00
4.001613117745005e-03	1.225283e-10	1.213151e+00
4.001955005484523e-03	1.130238e-10	1.119047e+00
4.002367495019383e-03	1.031974e-10	1.021757e+00
4.002646303388478e-03	9.743862e-11	9.647389e-01
4.002985875555628e-03	9.130719e-11	9.040317e-01
4.003311303808135e-03	8.612394e-11	8.527125e-01
4.003729700153314e-03	8.032566e-11	7.953038e-01
4.004194304579265e-03	7.488008e-11	7.413872e-01
4.004928078970876e-03	6.783297e-11	6.716136e-01
4.005594289101697e-03	6.275903e-11	6.213767e-01
4.006368983874958e-03	5.839667e-11	5.781851e-01
4.007497512676429e-03	5.385090e-11	5.331774e-01
4.008320251636009e-03	5.158923e-11	5.107846e-01
4.009235742884848e-03	4.994118e-11	4.944673e-01
4.009953582807351e-03	4.906413e-11	4.857836e-01
4.010713911234361e-03	4.854244e-11	4.806183e-01
4.012136325004083e-03	4.893681e-11	4.845229e-01
4.012668302182263e-03	5.120112e-11	5.069419e-01
4.013178836958393e-03	5.640254e-11	5.584412e-01
4.013401876072247e-03	5.953891e-11	5.894942e-01
4.013548920491913e-03	6.154162e-11	6.093230e-01
4.013672192675900e-03	6.283801e-11	6.221586e-01
4.013743098393452e-03	6.340414e-11	6.277637e-01
4.013818726454040e-03	6.387565e-11	6.324320e-01
4.013896968320411e-03	6.427010e-11	6.363375e-01
4.013981061631236e-03	6.460243e-11	6.396281e-01
4.014102743731922e-03	6.496593e-11	6.432270e-01
4.014229552195069e-03	6.522863e-11	6.458280e-01
4.014483169121365e-03	6.556413e-11	6.491498e-01
4.014712422159493e-03	6.576579e-11	6.511465e-01
4.015075517343489e-03	6.603687e-11	6.538305e-01
4.015460201514214e-03	6.642396e-11	6.576630e-01
4.016031623299852e-03	6.724752e-11	6.658170e-01
4.016658155832601e-03	6.836678e-11	6.768988e-01
4.017617363351950e-03	7.017702e-11	6.948220e-01
4.018726532401400e-03	7.219503e-11	7.148024e-01
4.019971069751686e-03	7.441059e-11	7.367387e-01
4.022130972059872e-03	7.828099e-11	7.750595e-01
4.024361555942658e-03	8.229214e-11	8.147737e-01
4.028822723708228e-03	9.031705e-11	8.942283e-01
4.035280789805055e-03	1.019528e-10	1.009434e+00
4.042116727305055e-03	1.142822e-10	1.131507e+00
4.048952664805055e-03	1.266198e-10	1.253662e+00
4.055788602305055e-03	1.389615e-10	1.375856e+00
4.062624539805056e-03	1.513049e-10	1.498068e+00
4.069460477305055e-03	1.636490e-10	1.620287e+00
4.076296414805055e-03	1.759930e-10	1.742505e+00
4.083132352305056e-03	1.883368e-10	1.864721e+00
4.089968289805055e-03	2.006800e-10	1.986931e+00
4.096804227305055e-03	2.130228e-10	2.109136e+00
4.103640164805055e-03	2.253648e-10	2.231335e+00
4.110476102305055e-03	2.377062e-10	2.353527e+00
4.117312039805056e-03	2.500470e-10	2.475713e+00
4.124147977305055e-03	2.623871e-10	2.597892e+00
4.130983914805055e-03	2.747265e-10	2.720065e+00
4.137819852305056e-03	2.870654e-10	2.842232e+00
4.144655789805055e-03	2.994035e-10	2.964391e+00
4.151491727305055e-03	3.117409e-10	3.086544e+00
4.158327664805055e-03	3.240776e-10	3.208691e+00
4.165163602305055e-03	3.364138e-10	3.330831e+00
4.171999539805055e-03	3.487493e-10	3.452964e+00
4.178835477305055e-03	3.610841e-10	3.575091e+00
4.185671414805055e-03	3.734182e-10	3.697211e+00
4.192507352305056e-03	3.857518e-10	3.819325e+00
4.199343289805055e-03	3.980847e-10	3.941432e+00
4.206179227305055e-03	4.104169e-10	4.063533e+00
4.213015164805056e-03	4.227483e-10	4.185627e+00
4.219851102305055e-03	4.350791e-10	4.307714e+00
4.226687039805055e-03	4.474091e-10	4.429795e+00
4.233522977305055e-03	4.597386e-10	4.551868e+00
4.240358914805055e-03	4.720673e-10	4.673934e+00
4.247194852305056e-03	4.843951e-10	4.795993e+00
4.254030789805055e-03	4.967221e-10	4.918042e+00
4.260866727305055e-03	5.090482e-10	5.040082e+00
4.267702664805056e-03	5.213729e-10	5.162109e+00
4.274538602305055e-03	5.336960e-10	5.284121e+00
4.281374539805055e-03	5.460171e-10	5.406110e+00
4.288210477305055e-03	5.583350e-10	5.528070e+00
4.295046414805055e-03	5.706486e-10	5.649986e+00
4.301882352305055e-03	5.829554e-10	5.771835e+00
4.308718289805055e-03	5.952518e-10	5.893583e+00
4.315554227305055e-03	6.075326e-10	6.015175e+00
4.322390164805056e-03	6.197892e-10	6.136528e+00
4.329226102305055e-03	6.320091e-10	6.257517e+00
4.336062039805055e-03	6.441742e-10	6.377962e+00
4.342897977305056e-03	6.562589e-10	6.497612e+00
4.349733914805055e-03	6.682306e-10	6.616146e+00
4.356569852305055e-03	6.800503e-10	6.733171e+00
4.363405789805055e-03	6.916745e-10	6.848262e+00
4.370241727305055e-03	7.030598e-10	6.960989e+00
4.377077664805056e-03	7.141672e-10	7.070963e+00
4.383913602305055e-03	7.249648e-10	7.177869e+00
4.390749539805055e-03	7.354291e-10	7.281476e+00
4.397585477305056e-03	7.455460e-10	7.381645e+00
4.404421414805055e-03	7.553096e-10	7.478314e+00
4.411257352305055e-03	7.647210e-10	7.571495e+00
4.418093289805055e-03	7.737857e-10	7.661244e+00
4.424929227305055e-03	7.825132e-10	7.747655e+00
4.431765164805055e-03	7.909148e-10	7.830840e+00
4.438601102305055e-03	7.990028e-10	7.910919e+00
4.445437039805055e-03	8.067892e-10	7.988013e+00
4.452272977305056e-03	8.142859e-10	8.062238e+00
4.459108914805055e-03	8.215043e-10	8.133707e+00
4.465944852305055e-03	8.284551e-10	8.202526e+00
4.472780789805056e-03	8.351486e-10	8.268797e+00
4.479616727305055e-03	8.415941e-10	8.332615e+00
4.486452664805055e-03	8.478012e-10	8.394073e+00
4.493288602305055e-03	8.537789e-10	8.453259e+00
4.500124539805055e-03	8.595356e-10	8.510256e+00
4.506960477305056e-03	8.650795e-10	8.565146e+00
4.513796414805055e-03	8.704187e-10	8.618008e+00
4.520632352305055e-03	8.755607e-10	8.668916e+00
4.527468289805056e-03	8.805123e-10	8.717942e+00
4.534304227305055e-03	8.852808e-10	8.765158e+00
4.541140164805055e-03	8.898735e-10	8.810627e+00
4.547976102305056e-03	8.942964e-10	8.854417e+00
4.554812039805055e-03	8.985555e-10	8.896588e+00
4.561647977305055e-03	9.026573e-10	8.937201e+00
4.568483914805055e-03	9.066075e-10	8.976313e+00
4.575319852305055e-03	9.104117e-10	9.013980e+00
4.582155789805056e-03	9.140755e-10	9.050255e+00
4.588991727305055e-03	9.176039e-10	9.085190e+00
4.595827664805055e-03	9.210020e-10	9.118833e+00
4.602663602305056e-03	9.242745e-10	9.151234e+00
4.609499539805055e-03	9.274261e-10	9.182437e+00
4.616335477305055e-03	9.304610e-10	9.212487e+00
4.623171414805055e-03	9.333838e-10	9.241427e+00
4.630007352305055e-03	9.361988e-10	9.269299e+00
4.636843289805056e-03	9.389099e-10	9.296140e+00
4.643679227305055e-03	9.415210e-10	9.321989e+00
4.650515164805055e-03	9.440353e-10	9.346883e+00
4.657351102305056e-03	9.464565e-10	9.370857e+00
4.664187039805055e-03	9.487884e-10	9.393946e+00
4.671022977305055e-03	9.510341e-10	9.416182e+00
4.677858914805056e-03	9.531970e-10	9.437596e+00
4.684694852305055e-03	9.552799e-10	9.458220e+00
4.691530789805055e-03	9.572861e-10	9.478081e+00
4.698366727305055e-03	9.592179e-10	9.497208e+00
4.705202664805055e-03	9.610782e-10	9.515629e+00
4.712038602305056e-03	9.628700e-10	9.533369e+00
4.718874539805055e-03	9.645956e-10	9.550453e+00
4.725710477305055e-03	9.662575e-10	9.566907e+00
4.732546414805056e-03	9.678580e-10	9.582752e+00
4.739382352305055e-03	9.693992e-10	9.598013e+00
4.746218289805055e-03	9.708836e-10	9.612711e+00
4.753054227305055e-03	9.723129e-10	9.626864e+00
4.759890164805055e-03	9.736897e-10	9.640495e+00
4.766726102305056e-03	9.750156e-10	9.653623e+00
4.773562039805055e-03	9.762926e-10	9.666265e+00
4.780397977305055e-03	9.775223e-10	9.678440e+00
4.787233914805056e-03	9.787064e-10	9.690166e+00
4.794069852305055e-03	9.798471e-10	9.701459e+00
4.800905789805055e-03	9.809458e-10	9.712334e+00
4.807741727305056e-03	9.820038e-10	9.722808e+00
4.814577664805055e-03	9.830223e-10	9.732895e+00
4.821413602305055e-03	9.840033e-10	9.742609e+00
4.828249539805055e-03	9.849482e-10	9.751965e+00
4.835085477305055e-03	9.858583e-10	9.760975e+00
4.841921414805056e-03	9.867347e-10	9.769651e+00
4.848757352305055e-03	9.875787e-10	9.778008e+00
4.855593289805055e-03	9.883915e-10	9.786057e+00
4.862429227305056e-03	9.891742e-10	9.793806e+00
4.869265164805055e-03	9.899281e-10	9.801271e+00
4.876101102305055e-03	9.906544e-10	9.808460e+00
4.882937039805055e-03	9.913537e-10	9.815383e+00
4.889772977305055e-03	9.920272e-10	9.822050e+00
4.896608914805055e-03	9.926758e-10	9.828472e+00
4.903444852305055e-03	9.933003e-10	9.834656e+00
4.910280789805055e-03	9.939018e-10	9.840611e+00
4.917116727305056e-03	9.944809e-10	9.846348e+00
4.923952664805055e-03	9.950387e-10	9.851871e+00
4.930788602305055e-03	9.955761e-10	9.857192e+00
4.937624539805056e-03	9.960937e-10	9.862315e+00
4.944460477305055e-03	9.965921e-10	9.867249e+00
4.951296414805055e-03	9.970722e-10	9.872002e+00
4.958132352305055e-03	9.975343e-10	9.876578e+00
4.964968289805055e-03	9.979793e-10	9.880986e+00
4.978640164805055e-03	9.988208e-10	9.889318e+00
4.985476102305055e-03	9.992185e-10	9.893256e+00
4.992312039805056e-03	9.996050e-10	9.897079e+00
4.993164062500000e-03	9.996520e-10	9.897544e+00
4.994868107889889e-03	9.997447e-10	9.898461e+00
4.996591909220221e-03	9.998374e-10	9.899380e+00
5.000000000000000e-03	1.000017e-09	9.901162e+00
5.006816181559558e-03	1.000368e-09	9.904636e+00
5.013652119059558e-03	1.000709e-09	9.908008e+00
5.020488056559557e-03	1.001036e-09	9.911255e+00
5.027323994059558e-03	1.001352e-09	9.914382e+00
5.034159931559558e-03	1.001657e-09	9.917395e+00
5.040995869059558e-03	1.001950e-09	9.920296e+00
5.047831806559558e-03	1.002232e-09	9.923089e+00
5.054667744059558e-03	1.002504e-09	9.925779e+00
5.061503681559558e-03	1.002766e-09	9.928371e+00
5.068339619059558e-03	1.003018e-09	9.930867e+00
5.075175556559557e-03	1.003260e-09	9.933271e+00
5.082011494059558e-03	1.003494e-09	9.935586e+00
5.095683369059558e-03	1.003936e-09	9.939964e+00
5.109355244059558e-03	1.004346e-09	9.944024e+00
5.116191181559558e-03	1.004540e-09	9.945943e+00
5.123027119059558e-03	1.004727e-09	9.947791e+00
5.129863056559558e-03	1.004907e-09	9.949572e+00
5.136698994059558e-03	1.005080e-09	9.951286e+00
5.143534931559558e-03	1.005246e-09	9.952937e+00
5.150370869059557e-03	1.005407e-09	9.954528e+00
5.157206806559558e-03	1.005562e-09	9.956060e+00
5.164042744059558e-03	1.005711e-09	9.957536e+00
5.170878681559558e-03	1.005855e-09	9.958958e+00
5.177714619059558e-03	1.005993e-09	9.960327e+00
5.184550556559558e-03	1.006126e-09	9.961646e+00
5.191386494059558e-03	1.006255e-09	9.962916e+00
5.198222431559558e-03	1.006378e-09	9.964140e+00
5.205058369059557e-03	1.006497e-09	9.965320e+00
5.211894306559558e-03	1.006612e-09	9.966455e+00
5.218730244059558e-03	1.006722e-09	9.967549e+00
5.225566181559558e-03	1.006829e-09	9.968603e+00
5.232402119059558e-03	1.006932e-09	9.969618e+00
5.239238056559558e-03	1.007030e-09	9.970596e+00
5.246073994059558e-03	1.007125e-09	9.971539e+00
5.252909931559558e-03	1.007217e-09	9.972445e+00
5.259745869059558e-03	1.007305e-09	9.973320e+00
5.266581806559558e-03	1.007390e-09	9.974162e+00
5.273417744059558e-03	1.007472e-09	9.974974e+00
5.280253681559557e-03	1.007551e-09	9.975755e+00
5.287089619059558e-03	1.007627e-09	9.976507e+00
5.293925556559558e-03	1.007700e-09	9.977232e+00
5.300761494059558e-03	1.007771e-09	9.977930e+00
5.307597431559558e-03	1.007839e-09	9.978603e+00
5.314433369059558e-03	1.007904e-09	9.979251e+00
5.321269306559558e-03	1.007967e-09	9.979875e+00
5.328105244059558e-03	1.008028e-09	9.980474e+00
5.334941181559557e-03	1.008086e-09	9.981053e+00
5.341777119059558e-03	1.008143e-09	9.981611e+00
5.348613056559558e-03	1.008197e-09	9.982147e+00
5.355448994059558e-03	1.008249e-09	9.982664e+00
5.362284931559558e-03	1.008299e-09	9.983161e+00
5.369120869059558e-03	1.008348e-09	9.983641e+00
5.375956806559558e-03	1.008394e-09	9.984102e+00
5.382792744059558e-03	1.008439e-09	9.984547e+00
5.389628681559558e-03	1.008482e-09	9.984975e+00
5.396464619059558e-03	1.008524e-09	9.985387e+00
5.403300556559558e-03	1.008564e-09	9.985783e+00
5.410136494059557e-03	1.008603e-09	9.986165e+00
5.416972431559558e-03	1.008640e-09	9.986533e+00
5.423808369059558e-03	1.008676e-09	9.986888e+00
5.430644306559558e-03	1.008710e-09	9.987228e+00
5.437480244059558e-03	1.008743e-09	9.987557e+00
5.444316181559558e-03	1.008775e-09	9.987874e+00
5.451152119059558e-03	1.008806e-09	9.988178e+00
5.457988056559558e-03	1.008836e-09	9.988471e+00
5.464823994059557e-03	1.008864e-09	9.988753e+00
5.471659931559558e-03	1.008891e-09	9.989025e+00
5.478495869059558e-03	1.008918e-09	9.989287e+00
5.485331806559558e-03	1.008943e-09	9.989540e+00
5.492167744059558e-03	1.008968e-09	9.989782e+00
5.499003681559558e-03	1.008992e-09	9.990017e+00
5.505839619059558e-03	1.009014e-09	9.990242e+00
5.512675556559558e-03	1.009036e-09	9.990458e+00
5.519511494059558e-03	1.009057e-09	9.990667e+00
5.533183369059558e-03	1.009097e-09	9.991061e+00
5.546855244059558e-03	1.009134e-09	9.991426e+00
5.560527119059558e-03	1.009168e-09	9.991766e+00
5.581034931559558e-03	1.009215e-09	9.992228e+00
5.601542744059558e-03	1.009257e-09	9.992640e+00
5.622050556559558e-03	1.009294e-09	9.993009e+00
5.642558369059558e-03	1.009327e-09	9.993338e+00
5.663066181559558e-03	1.009356e-09	9.993630e+00
5.683573994059558e-03	1.009383e-09	9.993893e+00
5.704081806559558e-03	1.009407e-09	9.994125e+00
5.724589619059558e-03	1.009428e-09	9.994334e+00
5.745097431559558e-03	1.009446e-09	9.994520e+00
5.765605244059558e-03	1.009463e-09	9.994686e+00
5.786113056559558e-03	1.009478e-09	9.994834e+00
5.806620869059558e-03	1.009491e-09	9.994966e+00
5.827128681559558e-03	1.009503e-09	9.995083e+00
5.847636494059558e-03	1.009514e-09	9.995189e+00
5.868144306559558e-03	1.009523e-09	9.995282e+00
5.888652119059558e-03	1.009532e-09	9.995366e+00
5.909159931559558e-03	1.009539e-09	9.995440e+00
5.929667744059557e-03	1.009546e-09	9.995507e+00
5.950175556559558e-03	1.009552e-09	9.995566e+00
5.970683369059558e-03	1.009557e-09	9.995619e+00
5.991191181559558e-03	1.009562e-09	9.995667e+00
6.011698994059558e-03	1.009567e-09	9.995708e+00
6.032206806559558e-03	1.009570e-09	9.995747e+00
6.052714619059558e-03	1.009574e-09	9.995779e+00
6.073222431559558e-03	1.009577e-09	9.995810e+00
6.093730244059558e-03	1.009580e-09	9.995836e+00
6.114238056559558e-03	1.009582e-09	9.995860e+00
6.134745869059557e-03	1.009584e-09	9.995881e+00
6.155253681559558e-03	1.009586e-09	9.995900e+00
6.175761494059558e-03	1.009588e-09	9.995917e+00
6.196269306559558e-03	1.009589e-09	9.995932e+00
6.216777119059558e-03	1.009590e-09	9.995945e+00
6.237284931559558e-03	1.009592e-09	9.995957e+00
6.257792744059558e-03	1.009593e-09	9.995968e+00
6.278300556559558e-03	1.009594e-09	9.995977e+00
6.298808369059558e-03	1.009595e-09	9.995986e+00
6.319316181559557e-03	1.009595e-09	9.995994e+00
6.339823994059558e-03	1.009596e-09	9.996000e+00
6.360331806559558e-03	1.009597e-09	9.996006e+00
6.380839619059558e-03	1.009597e-09	9.996012e+00
6.398417744059558e-03	1.009597e-09	9.996016e+00
6.415995869059558e-03	1.009598e-09	9.996020e+00
6.433573994059557e-03	1.009598e-09	9.996023e+00
6.451152119059558e-03	1.009598e-09	9.996027e+00
6.468730244059558e-03	1.009599e-09	9.996029e+00
6.486308369059558e-03	1.009599e-09	9.996032e+00
6.503886494059558e-03	1.009600e-09	9.996034e+00
6.522441181559558e-03	1.009600e-09	9.996036e+00
6.540995869059558e-03	1.009600e-09	9.996038e+00
6.559550556559558e-03	1.009600e-09	9.996040e+00
6.578105244059557e-03	1.009600e-09	9.996041e+00
6.596659931559557e-03	1.009600e-09	9.996043e+00
6.615214619059557e-03	1.009600e-09	9.996044e+00
6.633769306559558e-03	1.009600e-09	9.996045e+00
6.654277119059557e-03	1.009601e-09	9.996046e+00
6.674784931559557e-03	1.009601e-09	9.996048e+00
6.695292744059557e-03	1.009601e-09	9.996048e+00
6.715800556559558e-03	1.009601e-09	9.996049e+00
6.736308369059558e-03	1.009601e-09	9.996050e+00
6.756816181559558e-03	1.009601e-09	9.996050e+00
6.777323994059558e-03	1.009601e-09	9.996051e+00
6.802714619059558e-03	1.009601e-09	9.996051e+00
6.828105244059558e-03	1.009601e-09	9.996052e+00
6.853495869059558e-03	1.009601e-09	9.996052e+00
6.878886494059558e-03	1.009601e-09	9.996053e+00
6.904277119059558e-03	1.009601e-09	9.996054e+00
6.929667744059558e-03	1.009601e-09	9.996054e+00
6.955058369059558e-03	1.009601e-09	9.996055e+00
6.989238056559558e-03	1.009601e-09	9.996055e+00
6.996073994059558e-03	1.009601e-09	9.996055e+00
7.000000000000000e-03	1.009601e-09	9.996055e+00
