time	-I(Rl)	V(vout)
0.000000000000000e+00	1.009601e-09	9.996057e+00
2.000000000000000e-03	1.009601e-09	9.996057e+00
2.000000079872123e-03	2.222167e+01	1.736771e-01
2.000000082368127e-03	2.202799e+01	2.202800e-02
2.000000087360135e-03	2.022183e+01	2.022184e-02
2.000000097344150e-03	1.783351e+01	1.783351e-02
2.000000117312181e-03	1.516294e+01	1.516294e-02
2.000000138427645e-03	1.390389e+01	1.390389e-02
2.000000168745216e-03	1.336064e+01	1.336064e-02
2.000000197358021e-03	1.326384e+01	1.326384e-02
2.000000237790967e-03	1.332265e+01	1.332265e-02
2.000000291670269e-03	1.342099e+01	1.342099e-02
2.000000347875824e-03	1.348192e+01	1.348193e-02
2.000000411178474e-03	1.350218e+01	1.350218e-02
2.000000480195219e-03	1.349248e+01	1.349248e-02
2.000000555017601e-03	1.346115e+01	1.346115e-02
2.000000625934406e-03	1.341835e+01	1.341835e-02
2.000000718989468e-03	1.335017e+01	1.335017e-02
2.000000816707015e-03	1.326984e+01	1.326984e-02
2.000000940383091e-03	1.316075e+01	1.316075e-02
2.000001073313439e-03	1.303991e+01	1.303991e-02
2.000001246865810e-03	1.288281e+01	1.288281e-02
2.000001449674169e-03	1.270747e+01	1.270747e-02
2.000001743045622e-03	1.247871e+01	1.247872e-02
2.000002178165497e-03	1.219824e+01	1.219824e-02
2.000002807712407e-03	1.189783e+01	1.189783e-02
2.000003480902633e-03	1.169068e+01	1.169068e-02
2.000004187198433e-03	1.157662e+01	1.157662e-02
2.000004964423258e-03	1.153440e+01	1.153440e-02
2.000005757019122e-03	1.155067e+01	1.155067e-02
2.000006642659353e-03	1.161461e+01	1.161461e-02
2.000007707342812e-03	1.172990e+01	1.172990e-02
2.000008568731153e-03	1.184108e+01	1.184108e-02
2.000009153775692e-03	1.191496e+01	1.191496e-02
2.000009785492520e-03	1.198550e+01	1.198550e-02
2.000010553535195e-03	1.206065e+01	1.206065e-02
2.000011402563279e-03	1.212910e+01	1.212911e-02
2.000012466389720e-03	1.219370e+01	1.219370e-02
2.000013604807479e-03	1.223964e+01	1.223964e-02
2.000015389379466e-03	1.228216e+01	1.228216e-02
2.000017176149374e-03	1.230601e+01	1.230601e-02
2.000019037438921e-03	1.231724e+01	1.231724e-02
2.000020297066016e-03	1.231420e+01	1.231420e-02
2.000021439452052e-03	1.230273e+01	1.230273e-02
2.000022619791385e-03	1.229027e+01	1.229027e-02
2.000024148877266e-03	1.227947e+01	1.227947e-02
2.000025773037705e-03	1.227388e+01	1.227389e-02
2.000028065894997e-03	1.227294e+01	1.227294e-02
2.000030165715149e-03	1.227627e+01	1.227627e-02
2.000032367138827e-03	1.228279e+01	1.228279e-02
2.000035668523264e-03	1.229513e+01	1.229513e-02
2.000038823666425e-03	1.230773e+01	1.230773e-02
2.000044414815578e-03	1.233025e+01	1.233025e-02
2.000049665992206e-03	1.235240e+01	1.235240e-02
2.000054934144329e-03	1.237899e+01	1.237899e-02
2.000060401650213e-03	1.241730e+01	1.241730e-02
2.000066305012921e-03	1.247924e+01	1.247924e-02
2.000072395081539e-03	1.257733e+01	1.257733e-02
2.000080393552740e-03	1.276728e+01	1.276728e-02
2.000089206045067e-03	1.304801e+01	1.304801e-02
2.000094640584151e-03	1.326496e+01	1.326496e-02
2.000099013520238e-03	1.347568e+01	1.347568e-02
2.000104098655950e-03	1.376243e+01	1.376243e-02
2.000108683658961e-03	1.406101e+01	1.406102e-02
2.000113787610161e-03	1.443270e+01	1.443270e-02
2.000117113179065e-03	1.468477e+01	1.468477e-02
2.000120881835709e-03	1.496336e+01	1.496336e-02
2.000122515577196e-03	1.508018e+01	1.508019e-02
2.000124101126837e-03	1.519007e+01	1.519008e-02
2.000126301999336e-03	1.533065e+01	1.533065e-02
2.000128641382866e-03	1.544291e+01	1.544291e-02
2.000130951620699e-03	1.543317e+01	1.543318e-02
2.000132689056777e-03	1.527587e+01	1.527587e-02
2.000133976677532e-03	1.515075e+01	1.515075e-02
2.000134792844028e-03	1.516763e+01	1.516764e-02
2.000135217088483e-03	1.521344e+01	1.521344e-02
2.000135530630529e-03	1.524968e+01	1.524968e-02
2.000135887386714e-03	1.529029e+01	1.529029e-02
2.000136325224743e-03	1.533964e+01	1.533964e-02
2.000136745128417e-03	1.538636e+01	1.538636e-02
2.000137226018070e-03	1.543923e+01	1.543923e-02
2.000137727626015e-03	1.549331e+01	1.549331e-02
2.000138371534181e-03	1.556000e+01	1.556000e-02
2.000139045902988e-03	1.562636e+01	1.562636e-02
2.000139721789904e-03	1.568965e+01	1.568965e-02
2.000140272077830e-03	1.573909e+01	1.573909e-02
2.000140921537554e-03	1.579632e+01	1.579632e-02
2.000141560184668e-03	1.585255e+01	1.585256e-02
2.000142331188419e-03	1.592110e+01	1.592110e-02
2.000143807219044e-03	1.605466e+01	1.605467e-02
2.000145700706915e-03	1.623145e+01	1.623145e-02
2.000149487682657e-03	1.660052e+01	1.660052e-02
2.000153296078171e-03	1.699473e+01	1.699473e-02
2.000159223643318e-03	1.765359e+01	1.765359e-02
2.000165396597817e-03	1.840631e+01	1.840632e-02
2.000177742506814e-03	2.013596e+01	2.013596e-02
2.000200016783623e-03	2.375570e+01	2.375571e-02
2.000217458655879e-03	2.703294e+01	2.703295e-02
2.000236945625946e-03	3.112236e+01	3.112236e-02
2.000248868802034e-03	3.378419e+01	3.378419e-02
2.000261204450828e-03	3.661813e+01	3.661813e-02
2.000273028159351e-03	3.929017e+01	3.929017e-02
2.000296675576398e-03	4.434969e+01	4.434970e-02
2.000312572216187e-03	4.739669e+01	4.739669e-02
2.000329153057282e-03	5.008424e+01	5.008424e-02
2.000344699119549e-03	5.204387e+01	5.204387e-02
2.000375312764641e-03	5.473484e+01	5.473485e-02
2.000404096409022e-03	5.631356e+01	5.631357e-02
2.000426693073910e-03	5.693845e+01	5.693846e-02
2.000448246531188e-03	5.721083e+01	5.721084e-02
2.000452207386099e-03	5.723424e+01	5.723425e-02
2.000456256546921e-03	5.724393e+01	5.724394e-02
2.000460774752215e-03	5.724815e+01	5.724815e-02
2.000464845910834e-03	5.724696e+01	5.724696e-02
2.000470265171540e-03	5.723820e+01	5.723821e-02
2.000477221746210e-03	5.721696e+01	5.721696e-02
2.000486731107218e-03	5.717096e+01	5.717096e-02
2.000502182941693e-03	5.706271e+01	5.706271e-02
2.000527929952525e-03	5.682795e+01	5.682796e-02
2.000546679485567e-03	5.662237e+01	5.662237e-02
2.000561910948424e-03	5.643167e+01	5.643168e-02
2.000578111518739e-03	5.620906e+01	5.620907e-02
2.000596889542682e-03	5.592891e+01	5.592892e-02
2.000615698871766e-03	5.562560e+01	5.562561e-02
2.000631143381805e-03	5.535823e+01	5.535824e-02
2.000642648209864e-03	5.514611e+01	5.514612e-02
2.000653835876393e-03	5.492743e+01	5.492743e-02
2.000667064477737e-03	5.465360e+01	5.465361e-02
2.000679887653845e-03	5.437022e+01	5.437022e-02
2.000695913056806e-03	5.398805e+01	5.398805e-02
2.000713290976286e-03	5.353339e+01	5.353339e-02
2.000735655157799e-03	5.287657e+01	5.287657e-02
2.000762529507055e-03	5.194483e+01	5.194483e-02
2.000810544241287e-03	4.992589e+01	4.992589e-02
2.000866191392356e-03	4.718134e+01	4.718135e-02
2.000921939136645e-03	4.418737e+01	4.418737e-02
2.000981073515837e-03	4.100283e+01	4.100283e-02
2.001044074079921e-03	3.775187e+01	3.775188e-02
2.001105022220864e-03	3.477356e+01	3.477357e-02
2.001174459118350e-03	3.154446e+01	3.154446e-02
2.001242281690030e-03	2.853959e+01	2.853960e-02
2.001333542021603e-03	2.481879e+01	2.481880e-02
2.001410170122078e-03	2.222943e+01	2.222943e-02
2.001497793246734e-03	1.995076e+01	1.995077e-02
2.001544151098053e-03	1.901108e+01	1.901108e-02
2.001598255155085e-03	1.812252e+01	1.812252e-02
2.001656353045052e-03	1.730169e+01	1.730169e-02
2.001711843029280e-03	1.662060e+01	1.662061e-02
2.001759671791111e-03	1.610332e+01	1.610332e-02
2.001794408018596e-03	1.576487e+01	1.576487e-02
2.001826368174856e-03	1.547440e+01	1.547440e-02
2.001859142709676e-03	1.519219e+01	1.519219e-02
2.001894047212913e-03	1.491155e+01	1.491155e-02
2.001949802049255e-03	1.449672e+01	1.449673e-02
2.002004900091684e-03	1.412064e+01	1.412064e-02
2.002069347223072e-03	1.371944e+01	1.371944e-02
2.002129424066745e-03	1.338018e+01	1.338018e-02
2.002223100907159e-03	1.290445e+01	1.290445e-02
2.002325509007596e-03	1.244258e+01	1.244258e-02
2.002469782921697e-03	1.185886e+01	1.185886e-02
2.002507263037810e-03	1.171966e+01	1.171967e-02
2.002543433518732e-03	1.159391e+01	1.159392e-02
2.002582982961125e-03	1.146145e+01	1.146146e-02
2.002632011930139e-03	1.130329e+01	1.130329e-02
2.002676622251381e-03	1.116474e+01	1.116474e-02
2.002718371999446e-03	1.103940e+01	1.103940e-02
2.002749800610391e-03	1.094793e+01	1.094793e-02
2.002780036321448e-03	1.086213e+01	1.086213e-02
2.002812245125756e-03	1.077289e+01	1.077289e-02
2.002842536172637e-03	1.069087e+01	1.069087e-02
2.002872675943652e-03	1.061099e+01	1.061099e-02
2.002901618238137e-03	1.053594e+01	1.053594e-02
2.002930598830912e-03	1.046228e+01	1.046228e-02
2.002963344280750e-03	1.038096e+01	1.038096e-02
2.003001847474513e-03	1.028771e+01	1.028771e-02
2.003054627121252e-03	1.016372e+01	1.016372e-02
2.003114678552505e-03	1.002771e+01	1.002771e-02
2.003197263874820e-03	9.848762e+00	9.848762e-03
2.003297308416096e-03	9.643226e+00	9.643226e-03
2.003433144007985e-03	9.381656e+00	9.381657e-03
2.003606450858835e-03	9.072787e+00	9.072788e-03
2.003838166976588e-03	8.696484e+00	8.696484e-03
2.004148095867490e-03	8.246852e+00	8.246852e-03
2.004612901325897e-03	7.662588e+00	7.662588e-03
2.005389929869622e-03	6.818389e+00	6.818390e-03
2.005785762567881e-03	6.479317e+00	6.479318e-03
2.006041850020157e-03	6.422661e+00	6.422662e-03
2.006255434207430e-03	6.612319e+00	6.612320e-03
2.006418860525569e-03	6.919847e+00	6.919848e-03
2.006541567408217e-03	7.180535e+00	7.180536e-03
2.006679509640587e-03	7.431313e+00	7.431313e-03
2.006776908371190e-03	7.581762e+00	7.581763e-03
2.006899760607844e-03	7.763131e+00	7.763131e-03
2.007013124200576e-03	7.918458e+00	7.918458e-03
2.007119004302001e-03	8.007414e+00	8.007415e-03
2.007236534643844e-03	8.012640e+00	8.012641e-03
2.007301676396670e-03	7.972621e+00	7.972621e-03
2.007359944483724e-03	7.921795e+00	7.921795e-03
2.007429263599716e-03	7.871147e+00	7.871147e-03
2.007499816592377e-03	7.840032e+00	7.840033e-03
2.007576838129908e-03	7.824581e+00	7.824582e-03
2.007659643824358e-03	7.809546e+00	7.809546e-03
2.007740220235963e-03	7.779442e+00	7.779442e-03
2.007819355866556e-03	7.732480e+00	7.732481e-03
2.007894671433229e-03	7.682623e+00	7.682624e-03
2.007976500655932e-03	7.637100e+00	7.637101e-03
2.008061471507612e-03	7.604227e+00	7.604228e-03
2.008152513202511e-03	7.576517e+00	7.576518e-03
2.008254433213378e-03	7.538852e+00	7.538853e-03
2.008360593452706e-03	7.487148e+00	7.487149e-03
2.008459296336039e-03	7.436038e+00	7.436038e-03
2.008569063346120e-03	7.387629e+00	7.387630e-03
2.008690233641427e-03	7.343235e+00	7.343235e-03
2.008815698171991e-03	7.295529e+00	7.295530e-03
2.008942235881040e-03	7.240202e+00	7.240203e-03
2.009066652856045e-03	7.185434e+00	7.185435e-03
2.009214698988694e-03	7.127538e+00	7.127539e-03
2.009366465281432e-03	7.071294e+00	7.071295e-03
2.009531839552242e-03	7.006321e+00	7.006322e-03
2.009706928748143e-03	6.936927e+00	6.936928e-03
2.009892289930643e-03	6.868557e+00	6.868558e-03
2.010095689909866e-03	6.795393e+00	6.795394e-03
2.010314575585684e-03	6.715326e+00	6.715327e-03
2.010545325709855e-03	6.633834e+00	6.633834e-03
2.010794539906885e-03	6.549317e+00	6.549318e-03
2.011085968585682e-03	6.451468e+00	6.451468e-03
2.011404621748656e-03	6.348025e+00	6.348026e-03
2.011733739900540e-03	6.245324e+00	6.245324e-03
2.012139897238199e-03	6.122303e+00	6.122304e-03
2.012597722080775e-03	5.989797e+00	5.989797e-03
2.013069850716954e-03	5.859370e+00	5.859370e-03
2.013627988868316e-03	5.712731e+00	5.712732e-03
2.014221169900138e-03	5.566361e+00	5.566361e-03
2.015041441030316e-03	5.378036e+00	5.378036e-03
2.016052581420866e-03	5.164662e+00	5.164662e-03
2.016998217280081e-03	4.983419e+00	4.983420e-03
2.018116129105668e-03	4.790380e+00	4.790381e-03
2.019215300200600e-03	4.620093e+00	4.620093e-03
2.020424857341243e-03	4.453595e+00	4.453595e-03
2.021754901404733e-03	4.292459e+00	4.292459e-03
2.023277397031735e-03	4.126228e+00	4.126228e-03
2.023468392618633e-03	4.107386e+00	4.107386e-03
2.023850383792428e-03	4.071937e+00	4.071937e-03
2.024213351895526e-03	4.038682e+00	4.038682e-03
2.024561290989053e-03	4.007389e+00	4.007389e-03
2.024709287562741e-03	3.993047e+00	3.993047e-03
2.024808717758198e-03	3.981930e+00	3.981931e-03
2.024886740788546e-03	3.972377e+00	3.972378e-03
2.024977010734273e-03	3.961501e+00	3.961501e-03
2.025065110933089e-03	3.951916e+00	3.951917e-03
2.025219999859519e-03	3.936018e+00	3.936018e-03
2.025382637590810e-03	3.917666e+00	3.917666e-03
2.025583510395465e-03	3.891779e+00	3.891779e-03
2.025827437116972e-03	3.857781e+00	3.857781e-03
2.026047454826655e-03	3.823696e+00	3.823697e-03
2.026370485030546e-03	3.764874e+00	3.764874e-03
2.026694482046142e-03	3.695520e+00	3.695521e-03
2.027054863361514e-03	3.604016e+00	3.604016e-03
2.027582346983134e-03	3.446777e+00	3.446777e-03
2.028103121913785e-03	3.276359e+00	3.276359e-03
2.028619844911121e-03	3.113254e+00	3.113255e-03
2.029361986406747e-03	2.917886e+00	2.917886e-03
2.030191756833428e-03	2.754811e+00	2.754811e-03
2.031089890040595e-03	2.632331e+00	2.632331e-03
2.032304430268585e-03	2.522047e+00	2.522047e-03
2.034179464015725e-03	2.415183e+00	2.415184e-03
2.037419636559693e-03	2.302811e+00	2.302811e-03
2.040988064729047e-03	2.225413e+00	2.225413e-03
2.045396960788675e-03	2.165146e+00	2.165146e-03
2.050618424801634e-03	2.119460e+00	2.119460e-03
2.055394046243378e-03	2.093722e+00	2.093722e-03
2.060223642347846e-03	2.078011e+00	2.078011e-03
2.064877045196273e-03	2.068732e+00	2.068732e-03
2.069800949946964e-03	2.062732e+00	2.062732e-03
2.074692423071783e-03	2.059112e+00	2.059112e-03
2.079841812938358e-03	2.056835e+00	2.056836e-03
2.085091927361953e-03	2.055478e+00	2.055478e-03
2.090780606374286e-03	2.054648e+00	2.054648e-03
2.096896197599275e-03	2.054168e+00	2.054168e-03
2.103287915725518e-03	2.053914e+00	2.053914e-03
2.109498200888401e-03	2.053798e+00	2.053798e-03
2.116334138388401e-03	2.053749e+00	2.053749e-03
2.123170075888401e-03	2.053739e+00	2.053740e-03
2.130006013388400e-03	2.053750e+00	2.053751e-03
2.136841950888401e-03	2.053768e+00	2.053768e-03
2.143677888388401e-03	2.053788e+00	2.053789e-03
2.150513825888401e-03	2.053810e+00	2.053810e-03
2.157349763388400e-03	2.053833e+00	2.053833e-03
2.164185700888401e-03	2.053854e+00	2.053854e-03
2.171021638388401e-03	2.053873e+00	2.053873e-03
2.177857575888401e-03	2.053890e+00	2.053891e-03
2.184693513388401e-03	2.053909e+00	2.053909e-03
2.191529450888401e-03	2.053925e+00	2.053926e-03
2.198365388388401e-03	2.053941e+00	2.053941e-03
2.205201325888401e-03	2.053954e+00	2.053954e-03
2.212037263388401e-03	2.053968e+00	2.053968e-03
2.218873200888401e-03	2.053980e+00	2.053980e-03
2.225709138388401e-03	2.053992e+00	2.053992e-03
2.232545075888400e-03	2.054002e+00	2.054002e-03
2.239381013388401e-03	2.054012e+00	2.054012e-03
2.246216950888401e-03	2.054022e+00	2.054022e-03
2.253052888388401e-03	2.054031e+00	2.054031e-03
2.259888825888400e-03	2.054039e+00	2.054039e-03
2.266724763388401e-03	2.054046e+00	2.054046e-03
2.273560700888401e-03	2.054054e+00	2.054054e-03
2.280396638388401e-03	2.054060e+00	2.054061e-03
2.287232575888400e-03	2.054067e+00	2.054067e-03
2.294068513388401e-03	2.054072e+00	2.054072e-03
2.300904450888401e-03	2.054078e+00	2.054078e-03
2.307740388388401e-03	2.054083e+00	2.054083e-03
2.314576325888401e-03	2.054088e+00	2.054088e-03
2.321412263388401e-03	2.054092e+00	2.054092e-03
2.328248200888401e-03	2.054096e+00	2.054096e-03
2.335084138388401e-03	2.054100e+00	2.054100e-03
2.341920075888401e-03	2.054104e+00	2.054104e-03
2.348756013388401e-03	2.054107e+00	2.054107e-03
2.355591950888401e-03	2.054110e+00	2.054110e-03
2.362427888388400e-03	2.054113e+00	2.054113e-03
2.369263825888401e-03	2.054116e+00	2.054116e-03
2.376099763388401e-03	2.054118e+00	2.054118e-03
2.382935700888401e-03	2.054121e+00	2.054121e-03
2.389771638388400e-03	2.054123e+00	2.054123e-03
2.396607575888401e-03	2.054125e+00	2.054125e-03
2.403443513388401e-03	2.054127e+00	2.054127e-03
2.410279450888401e-03	2.054129e+00	2.054129e-03
2.417115388388400e-03	2.054130e+00	2.054130e-03
2.423951325888401e-03	2.054132e+00	2.054132e-03
2.430787263388401e-03	2.054133e+00	2.054134e-03
2.437623200888401e-03	2.054135e+00	2.054135e-03
2.444459138388401e-03	2.054136e+00	2.054136e-03
2.451295075888401e-03	2.054137e+00	2.054137e-03
2.458131013388401e-03	2.054138e+00	2.054139e-03
2.464966950888401e-03	2.054139e+00	2.054140e-03
2.471802888388401e-03	2.054140e+00	2.054140e-03
2.478638825888401e-03	2.054141e+00	2.054141e-03
2.485474763388401e-03	2.054142e+00	2.054142e-03
2.492310700888400e-03	2.054143e+00	2.054143e-03
2.499146638388401e-03	2.054144e+00	2.054144e-03
2.505982575888401e-03	2.054144e+00	2.054145e-03
2.512818513388401e-03	2.054145e+00	2.054145e-03
2.519654450888400e-03	2.054146e+00	2.054146e-03
2.526490388388401e-03	2.054146e+00	2.054146e-03
2.533326325888401e-03	2.054147e+00	2.054147e-03
2.540162263388401e-03	2.054147e+00	2.054147e-03
2.546998200888401e-03	2.054148e+00	2.054148e-03
2.553834138388401e-03	2.054148e+00	2.054148e-03
2.560670075888401e-03	2.054149e+00	2.054149e-03
2.567506013388401e-03	2.054149e+00	2.054149e-03
2.574341950888401e-03	2.054149e+00	2.054149e-03
2.581177888388401e-03	2.054150e+00	2.054150e-03
2.588013825888401e-03	2.054150e+00	2.054150e-03
2.594849763388400e-03	2.054150e+00	2.054150e-03
2.601685700888401e-03	2.054150e+00	2.054151e-03
2.608521638388401e-03	2.054151e+00	2.054151e-03
2.615357575888401e-03	2.054151e+00	2.054151e-03
2.622193513388400e-03	2.054151e+00	2.054151e-03
2.629029450888401e-03	2.054151e+00	2.054151e-03
2.635865388388401e-03	2.054152e+00	2.054152e-03
2.642701325888401e-03	2.054152e+00	2.054152e-03
2.649537263388400e-03	2.054152e+00	2.054152e-03
2.656373200888401e-03	2.054152e+00	2.054152e-03
2.663209138388401e-03	2.054152e+00	2.054152e-03
2.670045075888401e-03	2.054152e+00	2.054153e-03
2.676881013388401e-03	2.054152e+00	2.054153e-03
2.683716950888401e-03	2.054152e+00	2.054153e-03
2.690552888388401e-03	2.054153e+00	2.054153e-03
2.697388825888401e-03	2.054153e+00	2.054153e-03
2.704224763388401e-03	2.054153e+00	2.054153e-03
2.711060700888401e-03	2.054153e+00	2.054153e-03
2.717896638388401e-03	2.054153e+00	2.054153e-03
2.724732575888400e-03	2.054153e+00	2.054153e-03
2.731568513388401e-03	2.054153e+00	2.054153e-03
2.738404450888401e-03	2.054153e+00	2.054153e-03
2.745240388388401e-03	2.054153e+00	2.054153e-03
2.752076325888400e-03	2.054153e+00	2.054153e-03
2.758912263388401e-03	2.054153e+00	2.054153e-03
2.765748200888401e-03	2.054153e+00	2.054153e-03
2.772584138388401e-03	2.054153e+00	2.054154e-03
2.779420075888400e-03	2.054153e+00	2.054154e-03
2.786256013388401e-03	2.054153e+00	2.054154e-03
2.793091950888401e-03	2.054154e+00	2.054154e-03
2.799927888388401e-03	2.054154e+00	2.054154e-03
2.806763825888401e-03	2.054154e+00	2.054154e-03
2.813599763388401e-03	2.054154e+00	2.054154e-03
2.820435700888401e-03	2.054154e+00	2.054154e-03
2.827271638388401e-03	2.054154e+00	2.054154e-03
2.834107575888401e-03	2.054154e+00	2.054154e-03
2.840943513388401e-03	2.054154e+00	2.054154e-03
2.847779450888401e-03	2.054154e+00	2.054154e-03
2.854615388388400e-03	2.054154e+00	2.054154e-03
2.861451325888401e-03	2.054154e+00	2.054154e-03
2.868287263388401e-03	2.054154e+00	2.054154e-03
2.875123200888401e-03	2.054154e+00	2.054154e-03
2.881959138388400e-03	2.054154e+00	2.054154e-03
2.888795075888401e-03	2.054154e+00	2.054154e-03
2.895631013388401e-03	2.054154e+00	2.054154e-03
2.902466950888401e-03	2.054154e+00	2.054154e-03
2.909302888388400e-03	2.054154e+00	2.054154e-03
2.916138825888401e-03	2.054154e+00	2.054154e-03
2.922974763388401e-03	2.054154e+00	2.054154e-03
2.929810700888401e-03	2.054154e+00	2.054154e-03
2.936646638388401e-03	2.054154e+00	2.054154e-03
2.943482575888401e-03	2.054154e+00	2.054154e-03
2.950318513388401e-03	2.054154e+00	2.054154e-03
2.957154450888400e-03	2.054154e+00	2.054154e-03
2.963990388388401e-03	2.054154e+00	2.054154e-03
2.970826325888401e-03	2.054154e+00	2.054154e-03
2.977662263388401e-03	2.054154e+00	2.054154e-03
2.984498200888400e-03	2.054154e+00	2.054154e-03
2.991334138388401e-03	2.054154e+00	2.054154e-03
2.998170075888401e-03	2.054154e+00	2.054154e-03
3.005006013388401e-03	2.054154e+00	2.054154e-03
3.011841950888400e-03	2.054154e+00	2.054154e-03
3.018677888388401e-03	2.054154e+00	2.054154e-03
3.032349763388401e-03	2.054154e+00	2.054154e-03
3.039185700888401e-03	2.054154e+00	2.054154e-03
3.046021638388401e-03	2.054154e+00	2.054154e-03
3.052857575888401e-03	2.054154e+00	2.054154e-03
3.059693513388401e-03	2.054154e+00	2.054154e-03
3.066529450888401e-03	2.054154e+00	2.054154e-03
3.073365388388401e-03	2.054154e+00	2.054154e-03
3.080201325888401e-03	2.054154e+00	2.054154e-03
3.087037263388400e-03	2.054154e+00	2.054154e-03
3.093873200888401e-03	2.054154e+00	2.054154e-03
3.100709138388401e-03	2.054154e+00	2.054154e-03
3.107545075888401e-03	2.054154e+00	2.054154e-03
3.121216950888401e-03	2.054154e+00	2.054154e-03
3.128052888388401e-03	2.054154e+00	2.054154e-03
3.134888825888401e-03	2.054154e+00	2.054154e-03
3.141724763388400e-03	2.054154e+00	2.054154e-03
3.148560700888401e-03	2.054154e+00	2.054154e-03
3.155396638388401e-03	2.054154e+00	2.054154e-03
3.162232575888401e-03	2.054154e+00	2.054154e-03
3.169068513388401e-03	2.054154e+00	2.054154e-03
3.175904450888401e-03	2.054154e+00	2.054154e-03
3.182740388388401e-03	2.054154e+00	2.054154e-03
3.189576325888401e-03	2.054154e+00	2.054154e-03
3.196412263388401e-03	2.054154e+00	2.054154e-03
3.210084138388401e-03	2.054154e+00	2.054154e-03
3.223756013388401e-03	2.054154e+00	2.054154e-03
3.230591950888401e-03	2.054154e+00	2.054154e-03
3.237427888388401e-03	2.054154e+00	2.054154e-03
3.244263825888400e-03	2.054154e+00	2.054154e-03
3.251099763388401e-03	2.054154e+00	2.054154e-03
3.257935700888401e-03	2.054154e+00	2.054154e-03
3.264771638388401e-03	2.054154e+00	2.054154e-03
3.271607575888400e-03	2.054154e+00	2.054154e-03
3.278443513388401e-03	2.054154e+00	2.054154e-03
3.285279450888401e-03	2.054154e+00	2.054154e-03
3.298951325888401e-03	2.054154e+00	2.054154e-03
3.312623200888401e-03	2.054154e+00	2.054154e-03
3.326295075888401e-03	2.054154e+00	2.054154e-03
3.339966950888401e-03	2.054154e+00	2.054154e-03
3.346802888388400e-03	2.054154e+00	2.054154e-03
3.360474763388401e-03	2.054154e+00	2.054154e-03
3.374146638388400e-03	2.054154e+00	2.054154e-03
3.387818513388401e-03	2.054154e+00	2.054154e-03
3.401490388388401e-03	2.054154e+00	2.054154e-03
3.421998200888401e-03	2.054154e+00	2.054154e-03
3.435670075888401e-03	2.054154e+00	2.054154e-03
3.456177888388401e-03	2.054154e+00	2.054154e-03
3.993164062500000e-03	2.054154e+00	2.054154e-03
4.000000000000000e-03	1.027621e+00	9.223081e-01
4.000003623345919e-03	6.847180e-01	1.255145e+00
4.000010870037759e-03	2.013702e-10	1.993764e+00
4.000010884948636e-03	2.011850e-10	1.991930e+00
4.000010914770389e-03	2.004966e-10	1.985115e+00
4.000010974413896e-03	1.995979e-10	1.976217e+00
4.000011086149997e-03	1.987136e-10	1.967462e+00
4.000011238076169e-03	1.981904e-10	1.962282e+00
4.000011399560611e-03	1.979618e-10	1.960018e+00
4.000011606008898e-03	1.978044e-10	1.958459e+00
4.000011996052691e-03	1.975844e-10	1.956281e+00
4.000012356334065e-03	1.974211e-10	1.954665e+00
4.000012938746327e-03	1.972128e-10	1.952602e+00
4.000013621607222e-03	1.970277e-10	1.950770e+00
4.000014987329014e-03	1.967717e-10	1.948235e+00
4.000017280133985e-03	1.964808e-10	1.945355e+00
4.000020251727357e-03	1.962077e-10	1.942651e+00
4.000023087271509e-03	1.959876e-10	1.940472e+00
4.000025710482844e-03	1.957953e-10	1.938567e+00
4.000028411237221e-03	1.955965e-10	1.936599e+00
4.000031494068514e-03	1.953617e-10	1.934275e+00
4.000034060645051e-03	1.951643e-10	1.932320e+00
4.000037081986539e-03	1.949375e-10	1.930074e+00
4.000038688321641e-03	1.948194e-10	1.928905e+00
4.000040365088693e-03	1.946973e-10	1.927696e+00
4.000042422069853e-03	1.945485e-10	1.926223e+00
4.000044940934977e-03	1.943673e-10	1.924429e+00
4.000047747076065e-03	1.941662e-10	1.922438e+00
4.000051275517685e-03	1.939142e-10	1.919943e+00
4.000055736349770e-03	1.935963e-10	1.916795e+00
4.000061954558155e-03	1.931545e-10	1.912421e+00
4.000070782196080e-03	1.925300e-10	1.906238e+00
4.000083701210969e-03	1.916223e-10	1.897251e+00
4.000103579282747e-03	1.902387e-10	1.883551e+00
4.000122779663055e-03	1.889177e-10	1.870473e+00
4.000142588502249e-03	1.875731e-10	1.857159e+00
4.000162295443645e-03	1.862527e-10	1.844086e+00
4.000176609075251e-03	1.853059e-10	1.834712e+00
4.000192255629014e-03	1.842842e-10	1.824596e+00
4.000210649489588e-03	1.830985e-10	1.812856e+00
4.000229245771409e-03	1.819169e-10	1.801158e+00
4.000250486702094e-03	1.805915e-10	1.788035e+00
4.000273144355476e-03	1.792860e-10	1.775109e+00
4.000296693728840e-03	1.781879e-10	1.764237e+00
4.000318354356810e-03	1.773196e-10	1.755639e+00
4.000342041608687e-03	1.762401e-10	1.744952e+00
4.000366567186276e-03	1.749306e-10	1.731987e+00
4.000395534775865e-03	1.732857e-10	1.715701e+00
4.000429678804978e-03	1.713257e-10	1.696294e+00
4.000460183953660e-03	1.695927e-10	1.679136e+00
4.000492521888313e-03	1.677884e-10	1.661271e+00
4.000525407510918e-03	1.659938e-10	1.643503e+00
4.000572463212274e-03	1.634949e-10	1.618762e+00
4.000634127596412e-03	1.603257e-10	1.587384e+00
4.000703254766362e-03	1.569066e-10	1.553531e+00
4.000776059985411e-03	1.534835e-10	1.519639e+00
4.000915375785031e-03	1.473154e-10	1.458568e+00
4.001050473916003e-03	1.417441e-10	1.403407e+00
4.001213746122382e-03	1.355195e-10	1.341777e+00
4.001344720961779e-03	1.308892e-10	1.295933e+00
4.001478127548445e-03	1.264970e-10	1.252446e+00
4.001607361180555e-03	1.225112e-10	1.212983e+00
4.001766538284280e-03	1.179509e-10	1.167831e+00
4.001999115508920e-03	1.118109e-10	1.107038e+00
4.002222730131624e-03	1.064621e-10	1.054080e+00
4.002543734083438e-03	9.964039e-11	9.865385e-01
4.002929155382584e-03	9.247021e-11	9.155466e-01
4.003373612214730e-03	8.527452e-11	8.443022e-01
4.003668631827731e-03	8.111351e-11	8.031040e-01
4.004005516103814e-03	7.687204e-11	7.611093e-01
4.004131562618080e-03	7.540556e-11	7.465897e-01
4.004279999770204e-03	7.378023e-11	7.304973e-01
4.004377955130549e-03	7.275255e-11	7.203223e-01
4.004504139071685e-03	7.148593e-11	7.077816e-01
4.004636151454894e-03	7.021790e-11	6.952268e-01
4.004778193887520e-03	6.892095e-11	6.823857e-01
4.004943288743896e-03	6.750352e-11	6.683517e-01
4.005180260521322e-03	6.562412e-11	6.497439e-01
4.005411865686299e-03	6.405541e-11	6.342120e-01
4.005564201858680e-03	6.350988e-11	6.288107e-01
4.005656660261140e-03	6.389442e-11	6.326180e-01
4.005735431105955e-03	6.515803e-11	6.451290e-01
4.005814410609064e-03	6.736272e-11	6.669578e-01
4.005886238253358e-03	6.999828e-11	6.930524e-01
4.005954643858873e-03	7.283617e-11	7.211503e-01
4.006028674549775e-03	7.600982e-11	7.525725e-01
4.006115354602128e-03	7.967382e-11	7.888497e-01
4.006217924971246e-03	8.387325e-11	8.304281e-01
4.006313780439681e-03	8.769008e-11	8.682187e-01
4.006445064700017e-03	9.285647e-11	9.193712e-01
4.006647435509959e-03	1.007901e-10	9.979219e-01
4.006830175823190e-03	1.078554e-10	1.067875e+00
4.007008987255605e-03	1.145089e-10	1.133752e+00
4.007180896055206e-03	1.203588e-10	1.191672e+00
4.007357224991102e-03	1.252667e-10	1.240264e+00
4.007561192429492e-03	1.293498e-10	1.280691e+00
4.007673811509385e-03	1.307730e-10	1.294782e+00
4.007765699344409e-03	1.314644e-10	1.301628e+00
4.007878394504531e-03	1.320890e-10	1.307811e+00
4.007995975534783e-03	1.326926e-10	1.313789e+00
4.008111321320189e-03	1.333293e-10	1.320092e+00
4.008245140301092e-03	1.341401e-10	1.328120e+00
4.008384512644608e-03	1.350076e-10	1.336710e+00
4.008557971646376e-03	1.360429e-10	1.346960e+00
4.008729418925776e-03	1.369954e-10	1.356391e+00
4.008963638807411e-03	1.382352e-10	1.368666e+00
4.009206489185176e-03	1.395009e-10	1.381198e+00
4.009542591550529e-03	1.412254e-10	1.398271e+00
4.009902976171160e-03	1.430272e-10	1.416111e+00
4.010623745412422e-03	1.465560e-10	1.451050e+00
4.011284073288125e-03	1.497439e-10	1.482613e+00
4.012395070081639e-03	1.550328e-10	1.534978e+00
4.014617063668666e-03	1.654666e-10	1.638283e+00
4.018352612681349e-03	1.827224e-10	1.809134e+00
4.022514965547023e-03	2.015042e-10	1.995091e+00
4.029350903047023e-03	2.314469e-10	2.291553e+00
4.036186840547022e-03	2.603877e-10	2.578096e+00
4.043022778047023e-03	2.882527e-10	2.853988e+00
4.049858715547023e-03	3.150813e-10	3.119618e+00
4.056694653047022e-03	3.409120e-10	3.375367e+00
4.063530590547023e-03	3.657816e-10	3.621601e+00
4.070366528047023e-03	3.897260e-10	3.858675e+00
4.077202465547022e-03	4.127795e-10	4.086927e+00
4.084038403047023e-03	4.349753e-10	4.306688e+00
4.090874340547022e-03	4.563454e-10	4.518272e+00
4.097710278047023e-03	4.769205e-10	4.721985e+00
4.104546215547023e-03	4.967300e-10	4.918119e+00
4.111382153047022e-03	5.158026e-10	5.106956e+00
4.118218090547023e-03	5.341656e-10	5.288768e+00
4.125054028047023e-03	5.518455e-10	5.463817e+00
4.131889965547022e-03	5.688676e-10	5.632354e+00
4.138725903047023e-03	5.852568e-10	5.794622e+00
4.145561840547022e-03	6.010362e-10	5.950853e+00
4.152397778047023e-03	6.162287e-10	6.101274e+00
4.159233715547023e-03	6.308560e-10	6.246099e+00
4.166069653047022e-03	6.449392e-10	6.385536e+00
4.172905590547023e-03	6.584984e-10	6.519788e+00
4.179741528047023e-03	6.715535e-10	6.649046e+00
4.186577465547022e-03	6.841231e-10	6.773496e+00
4.193413403047023e-03	6.962251e-10	6.893318e+00
4.200249340547023e-03	7.078769e-10	7.008683e+00
4.207085278047022e-03	7.190953e-10	7.119757e+00
4.213921215547023e-03	7.298966e-10	7.226700e+00
4.220757153047022e-03	7.402963e-10	7.329666e+00
4.227593090547023e-03	7.503091e-10	7.428803e+00
4.234429028047023e-03	7.599494e-10	7.524253e+00
4.241264965547022e-03	7.692312e-10	7.616152e+00
4.248100903047023e-03	7.781680e-10	7.704635e+00
4.254936840547023e-03	7.867724e-10	7.789826e+00
4.261772778047022e-03	7.950566e-10	7.871850e+00
4.268608715547023e-03	8.030329e-10	7.950823e+00
4.275444653047022e-03	8.107125e-10	8.026859e+00
4.282280590547023e-03	8.181066e-10	8.100067e+00
4.289116528047023e-03	8.252259e-10	8.170554e+00
4.295952465547022e-03	8.320803e-10	8.238420e+00
4.302788403047023e-03	8.386796e-10	8.303761e+00
4.309624340547023e-03	8.450337e-10	8.366673e+00
4.316460278047022e-03	8.511516e-10	8.427245e+00
4.323296215547023e-03	8.570421e-10	8.485565e+00
4.330132153047023e-03	8.627133e-10	8.541717e+00
4.336968090547022e-03	8.681738e-10	8.595780e+00
4.343804028047023e-03	8.734313e-10	8.647834e+00
4.350639965547022e-03	8.784930e-10	8.697951e+00
4.357475903047023e-03	8.833665e-10	8.746206e+00
4.364311840547023e-03	8.880591e-10	8.792665e+00
4.371147778047022e-03	8.925772e-10	8.837399e+00
4.377983715547023e-03	8.969271e-10	8.880467e+00
4.384819653047023e-03	9.011153e-10	8.921935e+00
4.391655590547022e-03	9.051479e-10	8.961861e+00
4.398491528047023e-03	9.090305e-10	9.000302e+00
4.405327465547022e-03	9.127687e-10	9.037314e+00
4.412163403047023e-03	9.163681e-10	9.072950e+00
4.418999340547023e-03	9.198334e-10	9.107262e+00
4.425835278047022e-03	9.231700e-10	9.140297e+00
4.432671215547023e-03	9.263824e-10	9.172104e+00
4.439507153047023e-03	9.294754e-10	9.202728e+00
4.446343090547022e-03	9.324536e-10	9.232215e+00
4.453179028047023e-03	9.353208e-10	9.260605e+00
4.460014965547023e-03	9.380816e-10	9.287938e+00
4.466850903047022e-03	9.407399e-10	9.314256e+00
4.473686840547023e-03	9.432990e-10	9.339596e+00
4.480522778047022e-03	9.457632e-10	9.363993e+00
4.487358715547023e-03	9.481358e-10	9.387483e+00
4.494194653047023e-03	9.504201e-10	9.410100e+00
4.501030590547022e-03	9.526193e-10	9.431876e+00
4.507866528047023e-03	9.547367e-10	9.452843e+00
4.514702465547023e-03	9.567757e-10	9.473030e+00
4.521538403047022e-03	9.587389e-10	9.492466e+00
4.528374340547023e-03	9.606289e-10	9.511180e+00
4.535210278047022e-03	9.624487e-10	9.529198e+00
4.542046215547023e-03	9.642009e-10	9.546546e+00
4.548882153047023e-03	9.658880e-10	9.563250e+00
4.555718090547022e-03	9.675123e-10	9.579332e+00
4.562554028047023e-03	9.690764e-10	9.594816e+00
4.569389965547023e-03	9.705822e-10	9.609726e+00
4.576225903047022e-03	9.720319e-10	9.624081e+00
4.583061840547023e-03	9.734280e-10	9.637901e+00
4.589897778047023e-03	9.747719e-10	9.651208e+00
4.596733715547022e-03	9.760658e-10	9.664021e+00
4.603569653047023e-03	9.773118e-10	9.676356e+00
4.610405590547022e-03	9.785115e-10	9.688234e+00
4.617241528047023e-03	9.796666e-10	9.699670e+00
4.624077465547023e-03	9.807788e-10	9.710681e+00
4.630913403047022e-03	9.818495e-10	9.721283e+00
4.637749340547023e-03	9.828804e-10	9.731490e+00
4.644585278047023e-03	9.838731e-10	9.741318e+00
4.651421215547022e-03	9.848290e-10	9.750781e+00
4.658257153047023e-03	9.857490e-10	9.759892e+00
4.665093090547023e-03	9.866348e-10	9.768664e+00
4.671929028047022e-03	9.874879e-10	9.777110e+00
4.678764965547023e-03	9.883092e-10	9.785242e+00
4.685600903047022e-03	9.891001e-10	9.793072e+00
4.692436840547023e-03	9.898616e-10	9.800611e+00
4.699272778047023e-03	9.905948e-10	9.807870e+00
4.706108715547022e-03	9.913006e-10	9.814858e+00
4.712944653047023e-03	9.919804e-10	9.821588e+00
4.719780590547023e-03	9.926348e-10	9.828066e+00
4.726616528047022e-03	9.932647e-10	9.834305e+00
4.733452465547023e-03	9.938712e-10	9.840311e+00
4.740288403047022e-03	9.944552e-10	9.846094e+00
4.747124340547023e-03	9.950174e-10	9.851662e+00
4.753960278047023e-03	9.955590e-10	9.857023e+00
4.760796215547022e-03	9.960804e-10	9.862185e+00
4.767632153047023e-03	9.965826e-10	9.867155e+00
4.774468090547023e-03	9.970660e-10	9.871941e+00
4.781304028047022e-03	9.975313e-10	9.876548e+00
4.788139965547023e-03	9.979795e-10	9.880983e+00
4.794975903047023e-03	9.984110e-10	9.885255e+00
4.801811840547022e-03	9.988262e-10	9.889368e+00
4.808647778047023e-03	9.992258e-10	9.893328e+00
4.815483715547022e-03	9.996107e-10	9.897141e+00
4.822319653047023e-03	9.999815e-10	9.900811e+00
4.829155590547023e-03	1.000339e-09	9.904346e+00
4.835991528047022e-03	1.000683e-09	9.907749e+00
4.842827465547023e-03	1.001014e-09	9.911026e+00
4.849663403047023e-03	1.001332e-09	9.914181e+00
4.856499340547022e-03	1.001639e-09	9.917218e+00
4.863335278047023e-03	1.001934e-09	9.920143e+00
4.870171215547022e-03	1.002219e-09	9.922959e+00
4.877007153047023e-03	1.002493e-09	9.925671e+00
4.883843090547023e-03	1.002756e-09	9.928282e+00
4.890679028047022e-03	1.003010e-09	9.930796e+00
4.897514965547023e-03	1.003255e-09	9.933216e+00
4.904350903047023e-03	1.003490e-09	9.935547e+00
4.911186840547022e-03	1.003717e-09	9.937792e+00
4.918022778047023e-03	1.003935e-09	9.939953e+00
4.924858715547023e-03	1.004145e-09	9.942033e+00
4.931694653047022e-03	1.004348e-09	9.944036e+00
4.938530590547023e-03	1.004543e-09	9.945966e+00
4.945366528047022e-03	1.004730e-09	9.947823e+00
4.952202465547023e-03	1.004911e-09	9.949611e+00
4.959038403047023e-03	1.005084e-09	9.951333e+00
4.965874340547022e-03	1.005252e-09	9.952991e+00
4.972710278047023e-03	1.005413e-09	9.954589e+00
4.979546215547023e-03	1.005569e-09	9.956126e+00
4.986382153047022e-03	1.005718e-09	9.957606e+00
4.993218090547023e-03	1.005862e-09	9.959033e+00
5.000000000000000e-03	1.006000e-09	9.960395e+00
5.006835937500000e-03	1.006133e-09	9.961718e+00
5.013671875000000e-03	1.006262e-09	9.962991e+00
5.020507812500000e-03	1.006386e-09	9.964217e+00
5.027343750000000e-03	1.006505e-09	9.965399e+00
5.034179687500000e-03	1.006620e-09	9.966536e+00
5.041015625000000e-03	1.006730e-09	9.967630e+00
5.047851562500000e-03	1.006837e-09	9.968685e+00
5.054687500000000e-03	1.006939e-09	9.969702e+00
5.061523437500000e-03	1.007038e-09	9.970679e+00
5.068359375000000e-03	1.007134e-09	9.971621e+00
5.075195312500000e-03	1.007225e-09	9.972528e+00
5.082031250000000e-03	1.007313e-09	9.973401e+00
5.088867187500000e-03	1.007398e-09	9.974242e+00
5.095703125000000e-03	1.007480e-09	9.975053e+00
5.102539062500000e-03	1.007559e-09	9.975833e+00
5.109375000000000e-03	1.007635e-09	9.976583e+00
5.116210937500000e-03	1.007708e-09	9.977307e+00
5.123046875000000e-03	1.007778e-09	9.978004e+00
5.129882812500000e-03	1.007846e-09	9.978675e+00
5.136718750000000e-03	1.007911e-09	9.979321e+00
5.143554687500000e-03	1.007974e-09	9.979942e+00
5.150390625000000e-03	1.008035e-09	9.980541e+00
5.157226562500000e-03	1.008093e-09	9.981118e+00
5.164062500000000e-03	1.008149e-09	9.981673e+00
5.170898437500000e-03	1.008203e-09	9.982208e+00
5.177734375000000e-03	1.008255e-09	9.982722e+00
5.184570312500000e-03	1.008305e-09	9.983218e+00
5.191406250000000e-03	1.008353e-09	9.983695e+00
5.198242187500000e-03	1.008399e-09	9.984156e+00
5.205078125000000e-03	1.008444e-09	9.984598e+00
5.211914062500000e-03	1.008487e-09	9.985023e+00
5.218750000000000e-03	1.008529e-09	9.985434e+00
5.225585937500000e-03	1.008569e-09	9.985829e+00
5.232421875000000e-03	1.008607e-09	9.986210e+00
5.239257812500000e-03	1.008644e-09	9.986576e+00
5.246093750000000e-03	1.008680e-09	9.986928e+00
5.252929687500000e-03	1.008714e-09	9.987267e+00
5.259765625000000e-03	1.008747e-09	9.987595e+00
5.266601562500000e-03	1.008779e-09	9.987909e+00
5.273437500000000e-03	1.008809e-09	9.988213e+00
5.280273437500000e-03	1.008839e-09	9.988504e+00
5.287109375000000e-03	1.008867e-09	9.988786e+00
5.293945312500000e-03	1.008895e-09	9.989056e+00
5.300781250000000e-03	1.008921e-09	9.989317e+00
5.307617187500000e-03	1.008946e-09	9.989567e+00
5.314453125000000e-03	1.008970e-09	9.989809e+00
5.328125000000000e-03	1.009016e-09	9.990265e+00
5.341796875000000e-03	1.009059e-09	9.990688e+00
5.355468750000000e-03	1.009099e-09	9.991080e+00
5.369140625000000e-03	1.009136e-09	9.991444e+00
5.382812500000000e-03	1.009170e-09	9.991781e+00
5.403320312500000e-03	1.009216e-09	9.992241e+00
5.423828125000000e-03	1.009258e-09	9.992651e+00
5.444335937500000e-03	1.009295e-09	9.993018e+00
5.464843750000000e-03	1.009328e-09	9.993345e+00
5.485351562500000e-03	1.009357e-09	9.993637e+00
5.505859375000000e-03	1.009383e-09	9.993897e+00
5.526367187500000e-03	1.009407e-09	9.994129e+00
5.546875000000000e-03	1.009428e-09	9.994337e+00
5.567382812500000e-03	1.009447e-09	9.994522e+00
5.587890625000000e-03	1.009463e-09	9.994687e+00
5.608398437500000e-03	1.009478e-09	9.994835e+00
5.628906250000000e-03	1.009491e-09	9.994967e+00
5.649414062500000e-03	1.009503e-09	9.995084e+00
5.669921875000000e-03	1.009514e-09	9.995188e+00
5.690429687500000e-03	1.009523e-09	9.995282e+00
5.710937500000000e-03	1.009532e-09	9.995365e+00
5.731445312500000e-03	1.009539e-09	9.995440e+00
5.751953125000000e-03	1.009546e-09	9.995506e+00
5.772460937500000e-03	1.009552e-09	9.995565e+00
5.792968750000000e-03	1.009557e-09	9.995618e+00
5.813476562500000e-03	1.009562e-09	9.995666e+00
5.833984375000000e-03	1.009566e-09	9.995708e+00
5.854492187500000e-03	1.009570e-09	9.995745e+00
5.875000000000000e-03	1.009574e-09	9.995779e+00
5.895507812500000e-03	1.009577e-09	9.995809e+00
5.916015625000000e-03	1.009580e-09	9.995835e+00
5.936523437500000e-03	1.009582e-09	9.995859e+00
5.957031250000000e-03	1.009584e-09	9.995880e+00
5.977539062500000e-03	1.009586e-09	9.995899e+00
5.998046875000000e-03	1.009588e-09	9.995916e+00
6.018554687500000e-03	1.009589e-09	9.995931e+00
6.039062500000000e-03	1.009590e-09	9.995945e+00
6.059570312500000e-03	1.009592e-09	9.995956e+00
6.080078125000000e-03	1.009593e-09	9.995968e+00
6.100585937500000e-03	1.009594e-09	9.995976e+00
6.121093750000000e-03	1.009595e-09	9.995985e+00
6.141601562500000e-03	1.009595e-09	9.995993e+00
6.162109375000000e-03	1.009596e-09	9.996000e+00
6.182617187500000e-03	1.009597e-09	9.996006e+00
6.203125000000000e-03	1.009597e-09	9.996012e+00
6.220703125000000e-03	1.009597e-09	9.996016e+00
6.238281250000000e-03	1.009598e-09	9.996019e+00
6.255859375000000e-03	1.009598e-09	9.996023e+00
6.273437500000000e-03	1.009598e-09	9.996026e+00
6.291015625000000e-03	1.009599e-09	9.996029e+00
6.308593750000000e-03	1.009599e-09	9.996031e+00
6.326171875000000e-03	1.009600e-09	9.996034e+00
6.344726562500000e-03	1.009600e-09	9.996036e+00
6.363281250000000e-03	1.009600e-09	9.996038e+00
6.381835937500000e-03	1.009600e-09	9.996040e+00
6.400390624999999e-03	1.009600e-09	9.996041e+00
6.418945312500000e-03	1.009600e-09	9.996043e+00
6.437500000000000e-03	1.009600e-09	9.996044e+00
6.456054687500000e-03	1.009600e-09	9.996045e+00
6.476562500000000e-03	1.009601e-09	9.996046e+00
6.497070312500000e-03	1.009601e-09	9.996048e+00
6.517578125000000e-03	1.009601e-09	9.996048e+00
6.538085937500000e-03	1.009601e-09	9.996049e+00
6.558593750000000e-03	1.009601e-09	9.996050e+00
6.579101562500000e-03	1.009601e-09	9.996050e+00
6.599609375000000e-03	1.009601e-09	9.996051e+00
6.624023437500000e-03	1.009601e-09	9.996052e+00
6.648437500000000e-03	1.009601e-09	9.996053e+00
6.672851562500000e-03	1.009601e-09	9.996053e+00
6.697265625000000e-03	1.009601e-09	9.996054e+00
6.721679687500000e-03	1.009601e-09	9.996054e+00
6.746093749999999e-03	1.009601e-09	9.996054e+00
6.770507812500000e-03	1.009601e-09	9.996054e+00
6.801757812500000e-03	1.009601e-09	9.996054e+00
6.833007812500000e-03	1.009601e-09	9.996055e+00
6.864257812500000e-03	1.009601e-09	9.996055e+00
6.895507812500000e-03	1.009601e-09	9.996056e+00
6.926757812500000e-03	1.009601e-09	9.996056e+00
6.958007812500000e-03	1.009601e-09	9.996056e+00
6.989257812500000e-03	1.009601e-09	9.996056e+00
6.996093750000000e-03	1.009601e-09	9.996056e+00
7.000000000000000e-03	1.009601e-09	9.996056e+00
