time	-I(Rl)	V(vout)
0.000000000000000e+00	1.009601e-09	9.996057e+00
2.000000000000000e-03	1.009601e-09	9.996057e+00
2.000000010902467e-03	4.500941e+01	6.265259e-02
2.000000010941089e-03	4.500666e+01	4.500667e-02
2.000000011020749e-03	4.467878e+01	4.467879e-02
2.000000136020749e-03	1.782487e+01	1.782488e-02
2.000000137973874e-03	1.743423e+01	1.743423e-02
2.000000141880124e-03	1.677983e+01	1.677983e-02
2.000000149692623e-03	1.581186e+01	1.581187e-02
2.000000165317623e-03	1.468552e+01	1.468552e-02
2.000000196123657e-03	1.371480e+01	1.371480e-02
2.000000224332812e-03	1.345648e+01	1.345648e-02
2.000000262060164e-03	1.344578e+01	1.344578e-02
2.000000302771314e-03	1.347580e+01	1.347580e-02
2.000000371528183e-03	1.350599e+01	1.350599e-02
2.000000438676602e-03	1.350463e+01	1.350463e-02
2.000000509464186e-03	1.347968e+01	1.347969e-02
2.000000577495289e-03	1.344223e+01	1.344223e-02
2.000000655397288e-03	1.338879e+01	1.338879e-02
2.000000745163648e-03	1.331848e+01	1.331848e-02
2.000000851310104e-03	1.322782e+01	1.322782e-02
2.000000971101886e-03	1.312038e+01	1.312038e-02
2.000001114674576e-03	1.298951e+01	1.298952e-02
2.000001285372716e-03	1.283658e+01	1.283658e-02
2.000001505235036e-03	1.265044e+01	1.265045e-02
2.000001799537103e-03	1.242952e+01	1.242952e-02
2.000002293340177e-03	1.212946e+01	1.212946e-02
2.000002934860940e-03	1.184932e+01	1.184933e-02
2.000003647766779e-03	1.166148e+01	1.166148e-02
2.000004485140767e-03	1.155881e+01	1.155881e-02
2.000005254811676e-03	1.154214e+01	1.154214e-02
2.000006129887274e-03	1.158354e+01	1.158354e-02
2.000007082525803e-03	1.167034e+01	1.167035e-02
2.000008024696430e-03	1.178512e+01	1.178512e-02
2.000008952920532e-03	1.190797e+01	1.190797e-02
2.000009537363547e-03	1.197828e+01	1.197828e-02
2.000010019691591e-03	1.203003e+01	1.203004e-02
2.000010537415163e-03	1.208026e+01	1.208026e-02
2.000011359034934e-03	1.214823e+01	1.214823e-02
2.000012171029369e-03	1.220211e+01	1.220211e-02
2.000013044785928e-03	1.224408e+01	1.224408e-02
2.000014388655754e-03	1.228775e+01	1.228775e-02
2.000015698683894e-03	1.231515e+01	1.231515e-02
2.000017207070360e-03	1.233440e+01	1.233440e-02
2.000018884896709e-03	1.234624e+01	1.234625e-02
2.000020107518515e-03	1.234492e+01	1.234492e-02
2.000021180489033e-03	1.233430e+01	1.233430e-02
2.000022303990215e-03	1.232043e+01	1.232044e-02
2.000023355414260e-03	1.231008e+01	1.231008e-02
2.000024474361081e-03	1.230199e+01	1.230199e-02
2.000025685688273e-03	1.229604e+01	1.229604e-02
2.000026967877662e-03	1.229317e+01	1.229317e-02
2.000028422763946e-03	1.229377e+01	1.229377e-02
2.000030686431044e-03	1.229925e+01	1.229925e-02
2.000033295629503e-03	1.230893e+01	1.230893e-02
2.000038514026420e-03	1.233147e+01	1.233147e-02
2.000045108729494e-03	1.236079e+01	1.236079e-02
2.000051201405512e-03	1.238973e+01	1.238973e-02
2.000056573867307e-03	1.242157e+01	1.242157e-02
2.000062671864231e-03	1.247286e+01	1.247286e-02
2.000068471208949e-03	1.254656e+01	1.254656e-02
2.000075274562458e-03	1.267828e+01	1.267828e-02
2.000084363972230e-03	1.292507e+01	1.292508e-02
2.000091097383072e-03	1.315919e+01	1.315919e-02
2.000094725364084e-03	1.331106e+01	1.331106e-02
2.000098107613975e-03	1.347326e+01	1.347326e-02
2.000101412693843e-03	1.365191e+01	1.365191e-02
2.000105359301276e-03	1.389747e+01	1.389747e-02
2.000112466702508e-03	1.440783e+01	1.440783e-02
2.000120011493860e-03	1.501297e+01	1.501297e-02
2.000123632736828e-03	1.531315e+01	1.531315e-02
2.000128135192122e-03	1.566893e+01	1.566893e-02
2.000129673645655e-03	1.578263e+01	1.578264e-02
2.000131231093383e-03	1.588791e+01	1.588791e-02
2.000133186750743e-03	1.599170e+01	1.599170e-02
2.000135204809425e-03	1.600028e+01	1.600028e-02
2.000136921872311e-03	1.583991e+01	1.583992e-02
2.000138150094972e-03	1.568345e+01	1.568345e-02
2.000138939819175e-03	1.568162e+01	1.568162e-02
2.000139300699915e-03	1.572576e+01	1.572576e-02
2.000139549309564e-03	1.575974e+01	1.575974e-02
2.000139770147530e-03	1.578821e+01	1.578821e-02
2.000139920308558e-03	1.580791e+01	1.580791e-02
2.000140058310455e-03	1.582544e+01	1.582544e-02
2.000140211998070e-03	1.584463e+01	1.584463e-02
2.000140380515989e-03	1.586548e+01	1.586548e-02
2.000140615419190e-03	1.589371e+01	1.589371e-02
2.000140971187944e-03	1.593488e+01	1.593488e-02
2.000141522392098e-03	1.599546e+01	1.599546e-02
2.000142122834809e-03	1.605906e+01	1.605906e-02
2.000142683010199e-03	1.611610e+01	1.611611e-02
2.000143234821218e-03	1.617032e+01	1.617033e-02
2.000143855149395e-03	1.623031e+01	1.623032e-02
2.000144560194299e-03	1.629836e+01	1.629836e-02
2.000145387557587e-03	1.637886e+01	1.637886e-02
2.000147042284163e-03	1.654248e+01	1.654248e-02
2.000149082947962e-03	1.674997e+01	1.674997e-02
2.000152996951976e-03	1.716392e+01	1.716392e-02
2.000157283855450e-03	1.763984e+01	1.763984e-02
2.000162003674495e-03	1.820011e+01	1.820011e-02
2.000170490552507e-03	1.929289e+01	1.929289e-02
2.000180434674133e-03	2.073218e+01	2.073218e-02
2.000200322917386e-03	2.400010e+01	2.400010e-02
2.000214975318758e-03	2.672305e+01	2.672306e-02
2.000231935459550e-03	3.023239e+01	3.023239e-02
2.000249582281043e-03	3.412615e+01	3.412616e-02
2.000261098792326e-03	3.674784e+01	3.674784e-02
2.000272745520771e-03	3.939603e+01	3.939603e-02
2.000286239548934e-03	4.231678e+01	4.231678e-02
2.000309754627685e-03	4.691573e+01	4.691574e-02
2.000329065522921e-03	5.014138e+01	5.014139e-02
2.000343252078644e-03	5.205215e+01	5.205216e-02
2.000357619353879e-03	5.356918e+01	5.356918e-02
2.000373797513811e-03	5.481109e+01	5.481110e-02
2.000404964380995e-03	5.636273e+01	5.636274e-02
2.000433262737313e-03	5.717988e+01	5.717989e-02
2.000447901066642e-03	5.736937e+01	5.736938e-02
2.000462571254721e-03	5.744034e+01	5.744034e-02
2.000464721705203e-03	5.744399e+01	5.744400e-02
2.000469022606168e-03	5.744245e+01	5.744245e-02
2.000475846323718e-03	5.743083e+01	5.743083e-02
2.000484108740175e-03	5.740206e+01	5.740206e-02
2.000500130622463e-03	5.731236e+01	5.731236e-02
2.000521137782533e-03	5.715160e+01	5.715160e-02
2.000538602305982e-03	5.698481e+01	5.698482e-02
2.000557100733032e-03	5.677951e+01	5.677952e-02
2.000574844320150e-03	5.655999e+01	5.656000e-02
2.000595880759577e-03	5.627364e+01	5.627364e-02
2.000618080031167e-03	5.594281e+01	5.594282e-02
2.000640444538305e-03	5.557631e+01	5.557632e-02
2.000665029047849e-03	5.513161e+01	5.513161e-02
2.000688251790076e-03	5.466289e+01	5.466290e-02
2.000714680690538e-03	5.405816e+01	5.405816e-02
2.000743182382768e-03	5.329666e+01	5.329667e-02
2.000780380238447e-03	5.207923e+01	5.207924e-02
2.000831581298182e-03	4.995898e+01	4.995899e-02
2.000903829362241e-03	4.636607e+01	4.636608e-02
2.000968902139090e-03	4.287457e+01	4.287457e-02
2.001041759990012e-03	3.902615e+01	3.902615e-02
2.001120264574410e-03	3.512057e+01	3.512058e-02
2.001199160398156e-03	3.142859e+01	3.142859e-02
2.001282819689353e-03	2.774116e+01	2.774116e-02
2.001369975294415e-03	2.424015e+01	2.424015e-02
2.001435685124678e-03	2.204196e+01	2.204196e-02
2.001500382381385e-03	2.034389e+01	2.034389e-02
2.001548903319007e-03	1.933200e+01	1.933200e-02
2.001615939667837e-03	1.819873e+01	1.819873e-02
2.001693588591856e-03	1.710281e+01	1.710281e-02
2.001754438430858e-03	1.637627e+01	1.637627e-02
2.001798321675573e-03	1.592076e+01	1.592076e-02
2.001830529579258e-03	1.561730e+01	1.561730e-02
2.001866333699827e-03	1.530134e+01	1.530134e-02
2.001905662003040e-03	1.497568e+01	1.497568e-02
2.001948284773687e-03	1.465222e+01	1.465223e-02
2.002033530314979e-03	1.407099e+01	1.407099e-02
2.002130234640579e-03	1.349415e+01	1.349415e-02
2.002272722805340e-03	1.277096e+01	1.277096e-02
2.002432142356448e-03	1.207210e+01	1.207210e-02
2.002507182758470e-03	1.177969e+01	1.177969e-02
2.002535989683500e-03	1.167608e+01	1.167608e-02
2.002572178522227e-03	1.155157e+01	1.155157e-02
2.002616327220785e-03	1.140513e+01	1.140513e-02
2.002667684759093e-03	1.124150e+01	1.124150e-02
2.002720164417392e-03	1.108212e+01	1.108213e-02
2.002802856905072e-03	1.084375e+01	1.084375e-02
2.002879598416809e-03	1.063475e+01	1.063476e-02
2.002971963747420e-03	1.039921e+01	1.039921e-02
2.003088961474055e-03	1.012169e+01	1.012169e-02
2.003236758084945e-03	9.798447e+00	9.798448e-03
2.003405753634019e-03	9.465199e+00	9.465201e-03
2.003743744732168e-03	8.886374e+00	8.886375e-03
2.004335056424913e-03	8.047323e+00	8.047324e-03
2.005311644808751e-03	6.947990e+00	6.947991e-03
2.006543528513504e-03	5.881775e+00	5.881776e-03
2.008186288696202e-03	4.976974e+00	4.976974e-03
2.009164056056278e-03	5.049765e+00	5.049766e-03
2.010194284932623e-03	5.713053e+00	5.713054e-03
2.010625616998905e-03	6.013141e+00	6.013142e-03
2.011019913527654e-03	6.237569e+00	6.237570e-03
2.011294784827565e-03	6.318367e+00	6.318368e-03
2.011486537762966e-03	6.297460e+00	6.297461e-03
2.011742169239324e-03	6.230101e+00	6.230101e-03
2.011862494069612e-03	6.202897e+00	6.202897e-03
2.011906672346919e-03	6.192605e+00	6.192605e-03
2.011934432313723e-03	6.184937e+00	6.184937e-03
2.011948496425137e-03	6.180661e+00	6.180662e-03
2.011967333040495e-03	6.174595e+00	6.174596e-03
2.011989598198556e-03	6.167146e+00	6.167147e-03
2.012026559596194e-03	6.154435e+00	6.154436e-03
2.012084331859955e-03	6.134611e+00	6.134612e-03
2.012136624491624e-03	6.117340e+00	6.117341e-03
2.012190415111339e-03	6.100775e+00	6.100775e-03
2.012258560320847e-03	6.081291e+00	6.081292e-03
2.012348764696362e-03	6.056547e+00	6.056547e-03
2.012452297193043e-03	6.027856e+00	6.027856e-03
2.012592280545498e-03	5.987938e+00	5.987938e-03
2.012754069248584e-03	5.941837e+00	5.941837e-03
2.012933439250119e-03	5.892307e+00	5.892307e-03
2.013165457893002e-03	5.829965e+00	5.829966e-03
2.013416593729750e-03	5.763991e+00	5.763992e-03
2.013900957964757e-03	5.641166e+00	5.641167e-03
2.014387272541776e-03	5.523519e+00	5.523519e-03
2.015012082709126e-03	5.382393e+00	5.382394e-03
2.016242112595823e-03	5.131748e+00	5.131748e-03
2.018165267619757e-03	4.794615e+00	4.794615e-03
2.020687629834792e-03	4.439250e+00	4.439251e-03
2.024238809467932e-03	4.069308e+00	4.069308e-03
2.029124721000148e-03	3.721652e+00	3.721652e-03
2.034240372305919e-03	3.489732e+00	3.489732e-03
2.039048234716070e-03	3.357299e+00	3.357300e-03
2.043692164412886e-03	3.279442e+00	3.279442e-03
2.048373773853503e-03	3.230963e+00	3.230963e-03
2.053130897914111e-03	3.200435e+00	3.200436e-03
2.057927236738175e-03	3.181454e+00	3.181455e-03
2.062755628090963e-03	3.169738e+00	3.169739e-03
2.067645698667262e-03	3.162503e+00	3.162503e-03
2.072647692990399e-03	3.158026e+00	3.158026e-03
2.077826542130867e-03	3.155256e+00	3.155257e-03
2.083278244651504e-03	3.153555e+00	3.153555e-03
2.089147444016117e-03	3.152521e+00	3.152521e-03
2.095650801551094e-03	3.151902e+00	3.151902e-03
2.102480927294171e-03	3.151571e+00	3.151571e-03
2.110632157730322e-03	3.151381e+00	3.151381e-03
2.118594031505475e-03	3.151292e+00	3.151292e-03
2.128856518442168e-03	3.151240e+00	3.151240e-03
2.132760926718550e-03	3.151241e+00	3.151241e-03
2.134104895074094e-03	3.151222e+00	3.151222e-03
2.134618682870474e-03	3.151220e+00	3.151221e-03
2.134882932540386e-03	3.151256e+00	3.151256e-03
2.135044524193768e-03	3.151248e+00	3.151248e-03
2.135172357772157e-03	3.151215e+00	3.151216e-03
2.135305293574888e-03	3.151213e+00	3.151213e-03
2.135455886191761e-03	3.151231e+00	3.151232e-03
2.135666167030669e-03	3.151236e+00	3.151237e-03
2.135985074175168e-03	3.151228e+00	3.151228e-03
2.136446161412295e-03	3.151228e+00	3.151229e-03
2.137116065529058e-03	3.151229e+00	3.151229e-03
2.138099845595560e-03	3.151227e+00	3.151227e-03
2.139618392909074e-03	3.151228e+00	3.151229e-03
2.142030894583507e-03	3.151232e+00	3.151232e-03
2.146398686613780e-03	3.151234e+00	3.151235e-03
2.154847228173310e-03	3.151231e+00	3.151232e-03
2.166565978173310e-03	3.151226e+00	3.151226e-03
2.178284728173310e-03	3.151221e+00	3.151222e-03
2.190003478173310e-03	3.151219e+00	3.151219e-03
2.201722228173310e-03	3.151217e+00	3.151218e-03
2.211138634412066e-03	3.151216e+00	3.151216e-03
2.218851610648905e-03	3.151212e+00	3.151212e-03
2.224512740102745e-03	3.151196e+00	3.151196e-03
2.227314221889214e-03	3.151185e+00	3.151186e-03
2.229456352937350e-03	3.151183e+00	3.151183e-03
2.232056806763834e-03	3.151181e+00	3.151182e-03
2.236175244172632e-03	3.151167e+00	3.151167e-03
2.239560951288368e-03	3.150533e+00	3.150533e-03
2.240202953733408e-03	3.150634e+00	3.150634e-03
2.241486958623488e-03	3.151011e+00	3.151012e-03
2.241676141807465e-03	3.150977e+00	3.150978e-03
2.242054508175419e-03	3.150852e+00	3.150852e-03
2.242416955633454e-03	3.150664e+00	3.150664e-03
2.242774666943596e-03	3.150303e+00	3.150303e-03
2.243063095407696e-03	3.149534e+00	3.149534e-03
2.243183864534080e-03	3.148639e+00	3.148639e-03
2.243272286618550e-03	3.147497e+00	3.147498e-03
2.243350338333672e-03	3.146357e+00	3.146358e-03
2.243432346204553e-03	3.145307e+00	3.145307e-03
2.243596361946316e-03	3.143371e+00	3.143371e-03
2.243787137227951e-03	3.140259e+00	3.140259e-03
2.244134543755747e-03	3.130636e+00	3.130636e-03
2.244621080312950e-03	3.107179e+00	3.107179e-03
2.245141074415023e-03	3.060724e+00	3.060724e-03
2.245849837247454e-03	2.949852e+00	2.949852e-03
2.246619280716848e-03	2.764676e+00	2.764676e-03
2.247336519546253e-03	2.534684e+00	2.534684e-03
2.248146472730847e-03	2.239168e+00	2.239168e-03
2.248992456177345e-03	1.930186e+00	1.930187e-03
2.250141220060362e-03	1.536930e+00	1.536930e-03
2.251187999996310e-03	1.219979e+00	1.219979e-03
2.253281559868208e-03	7.091104e-01	7.091105e-04
2.255613289756553e-03	3.043809e-01	3.043810e-04
2.257028954310914e-03	1.545630e-01	1.545630e-04
2.257915840574378e-03	1.012592e-01	1.012592e-04
2.258958582104990e-03	6.241809e-02	6.241810e-05
2.259979033158086e-03	3.799109e-02	3.799109e-05
2.260971182253562e-03	2.326616e-02	2.326616e-05
2.261900475200871e-03	1.475932e-02	1.475932e-05
2.262880485228402e-03	9.239469e-03	9.239469e-06
2.263846948513435e-03	5.894499e-03	5.894500e-06
2.264875041273020e-03	3.772781e-03	3.772781e-06
2.266099784418738e-03	2.324706e-03	2.324707e-06
2.267545872567344e-03	1.418531e-03	1.418531e-06
2.269551281771253e-03	8.249261e-04	8.249262e-07
2.272115316574949e-03	5.023215e-04	5.023215e-07
2.276425093571560e-03	2.854526e-04	2.854527e-07
2.281272691895699e-03	1.670000e-04	1.670000e-07
2.285861850040620e-03	1.047872e-04	1.047872e-07
2.290731520041603e-03	6.490347e-05	6.490348e-08
2.295329835110413e-03	4.157822e-05	4.157823e-08
2.300123799404118e-03	2.658386e-05	2.658386e-08
2.304751919962366e-03	1.758769e-05	1.758769e-08
2.309527617992608e-03	1.185556e-05	1.185556e-08
2.314182416309128e-03	8.392040e-06	8.392041e-09
2.318937726034106e-03	6.213574e-06	6.213575e-09
2.323607398358770e-03	4.897203e-06	4.897204e-09
2.328349980909195e-03	4.081326e-06	4.081327e-09
2.333032277331579e-03	3.595678e-06	3.595678e-09
2.337768483142948e-03	3.304555e-06	3.304556e-09
2.342461208448641e-03	3.141750e-06	3.141751e-09
2.347198662845338e-03	3.054515e-06	3.054516e-09
2.351903774596853e-03	3.018632e-06	3.018632e-09
2.356657728426672e-03	3.012118e-06	3.012119e-09
2.361385372786350e-03	3.027587e-06	3.027588e-09
2.366191805377197e-03	3.054588e-06	3.054588e-09
2.370972815686303e-03	3.092845e-06	3.092846e-09
2.375923378871323e-03	3.136107e-06	3.136108e-09
2.380841198656625e-03	3.187612e-06	3.187613e-09
2.386171544720227e-03	3.242863e-06	3.242864e-09
2.391433179971558e-03	3.306991e-06	3.306992e-09
2.397740690299178e-03	3.379959e-06	3.379960e-09
2.403808291776896e-03	3.461457e-06	3.461458e-09
2.411706623144336e-03	3.563611e-06	3.563612e-09
2.419889328011564e-03	3.687674e-06	3.687674e-09
2.431608078011564e-03	3.870095e-06	3.870095e-09
2.443326828011564e-03	4.076434e-06	4.076434e-09
2.455045578011564e-03	4.311265e-06	4.311266e-09
2.466764328011564e-03	4.577425e-06	4.577426e-09
2.478483078011564e-03	4.888147e-06	4.888148e-09
2.490201828011564e-03	5.251332e-06	5.251333e-09
2.501920578011564e-03	5.690278e-06	5.690278e-09
2.513639328011564e-03	6.225474e-06	6.225474e-09
2.525358078011564e-03	6.908827e-06	6.908828e-09
2.537076828011564e-03	7.795323e-06	7.795323e-09
2.548795578011564e-03	9.032441e-06	9.032442e-09
2.560514328011564e-03	1.084659e-05	1.084659e-08
2.572233078011564e-03	1.395113e-05	1.395113e-08
2.583951828011564e-03	2.062890e-05	2.062890e-08
2.595670578011564e-03	3.977290e-05	3.977291e-08
2.602051693951033e-03	8.837722e-05	8.837723e-08
2.606423250504121e-03	3.190783e-04	3.190784e-07
2.608645460366141e-03	1.171118e-03	1.171118e-06
2.609905372922291e-03	3.844289e-03	3.844289e-06
2.610716193456565e-03	1.010544e-02	1.010544e-05
2.611262699797516e-03	2.146655e-02	2.146655e-05
2.611831110804592e-03	4.471204e-02	4.471205e-05
2.612357384896256e-03	9.152187e-02	9.152188e-05
2.612690341980346e-03	1.812962e-01	1.812962e-04
2.612877411957007e-03	2.940166e-01	2.940166e-04
2.612958633381625e-03	3.590242e-01	3.590242e-04
2.613017519270188e-03	4.020052e-01	4.020052e-04
2.613061433997029e-03	4.267324e-01	4.267324e-04
2.613115972395882e-03	4.490645e-01	4.490645e-04
2.613167853797822e-03	4.635518e-01	4.635518e-04
2.613227246881207e-03	4.733263e-01	4.733263e-04
2.613296782104206e-03	4.779481e-01	4.779481e-04
2.613435852550203e-03	4.763576e-01	4.763576e-04
2.613576498533151e-03	4.671352e-01	4.671352e-04
2.613706338416134e-03	4.539074e-01	4.539075e-04
2.613848002526956e-03	4.367841e-01	4.367841e-04
2.614092353075641e-03	4.051795e-01	4.051795e-04
2.614433892826954e-03	3.610964e-01	3.610964e-04
2.614811188821069e-03	3.164720e-01	3.164720e-04
2.615565780809300e-03	2.428925e-01	2.428926e-04
2.616446441554981e-03	1.852554e-01	1.852554e-04
2.617346290338529e-03	1.783710e-01	1.783710e-04
2.618427462537046e-03	2.473426e-01	2.473426e-04
2.619093626860265e-03	3.167711e-01	3.167711e-04
2.619654959043287e-03	3.617567e-01	3.617567e-04
2.620066965384788e-03	3.700369e-01	3.700369e-04
2.620527059852315e-03	3.607768e-01	3.607768e-04
2.621011638571348e-03	3.446348e-01	3.446348e-04
2.621510933548939e-03	3.299201e-01	3.299201e-04
2.622219394259429e-03	3.199447e-01	3.199447e-04
2.622858192599093e-03	3.244113e-01	3.244113e-04
2.623753274256394e-03	3.439036e-01	3.439036e-04
2.624704527027916e-03	3.616396e-01	3.616396e-04
2.626016045635951e-03	3.695845e-01	3.695845e-04
2.627389565884547e-03	3.691147e-01	3.691147e-04
2.628945075961137e-03	3.726753e-01	3.726754e-04
2.630811983305811e-03	3.801117e-01	3.801117e-04
2.632996760668561e-03	3.828099e-01	3.828100e-04
2.635994597970528e-03	3.815789e-01	3.815790e-04
2.639109737991351e-03	3.792495e-01	3.792496e-04
2.642824822692703e-03	3.725475e-01	3.725475e-04
2.648037316431663e-03	3.593689e-01	3.593689e-04
2.654829848724385e-03	3.401562e-01	3.401562e-04
2.662438436696770e-03	3.179000e-01	3.179000e-04
2.673202343061244e-03	2.894855e-01	2.894855e-04
2.684921093061244e-03	2.639977e-01	2.639977e-04
2.696639843061244e-03	2.448797e-01	2.448797e-04
2.708358593061244e-03	2.312698e-01	2.312698e-04
2.720077343061244e-03	2.219777e-01	2.219777e-04
2.731796093061244e-03	2.157481e-01	2.157481e-04
2.743514843061244e-03	2.116469e-01	2.116469e-04
2.755233593061244e-03	2.090037e-01	2.090037e-04
2.766952343061244e-03	2.072726e-01	2.072726e-04
2.778671093061244e-03	2.062048e-01	2.062049e-04
2.790389843061244e-03	2.054884e-01	2.054884e-04
2.802108593061244e-03	2.050719e-01	2.050719e-04
2.813827343061244e-03	2.047800e-01	2.047800e-04
2.825546093061244e-03	2.046187e-01	2.046187e-04
2.837264843061244e-03	2.045054e-01	2.045054e-04
2.848983593061244e-03	2.044382e-01	2.044382e-04
2.860702343061244e-03	2.044011e-01	2.044011e-04
2.872421093061244e-03	2.043668e-01	2.043668e-04
2.884139843061244e-03	2.043612e-01	2.043612e-04
2.895858593061244e-03	2.043397e-01	2.043397e-04
2.907577343061244e-03	2.043445e-01	2.043445e-04
2.919296093061244e-03	2.043311e-01	2.043311e-04
2.931014843061244e-03	2.043360e-01	2.043361e-04
2.942733593061244e-03	2.043298e-01	2.043298e-04
2.954452343061244e-03	2.043308e-01	2.043309e-04
2.966171093061244e-03	2.043308e-01	2.043309e-04
2.977889843061244e-03	2.043277e-01	2.043277e-04
2.989608593061244e-03	2.043317e-01	2.043317e-04
3.001327343061244e-03	2.043262e-01	2.043263e-04
3.013046093061244e-03	2.043315e-01	2.043315e-04
3.024764843061244e-03	2.043262e-01	2.043262e-04
3.036483593061244e-03	2.043304e-01	2.043305e-04
3.048202343061244e-03	2.043271e-01	2.043271e-04
3.059921093061244e-03	2.043290e-01	2.043290e-04
3.071639843061244e-03	2.043283e-01	2.043284e-04
3.083358593061244e-03	2.043278e-01	2.043278e-04
3.095077343061244e-03	2.043293e-01	2.043293e-04
3.106796093061244e-03	2.043271e-01	2.043271e-04
3.118514843061244e-03	2.043297e-01	2.043297e-04
3.130233593061244e-03	2.043271e-01	2.043271e-04
3.141952343061244e-03	2.043295e-01	2.043295e-04
3.153671093061244e-03	2.043275e-01	2.043276e-04
3.165389843061244e-03	2.043289e-01	2.043290e-04
3.177108593061244e-03	2.043282e-01	2.043282e-04
3.188827343061244e-03	2.043283e-01	2.043283e-04
3.200546093061244e-03	2.043287e-01	2.043287e-04
3.212264843061244e-03	2.043279e-01	2.043279e-04
3.223983593061244e-03	2.043290e-01	2.043290e-04
3.235702343061244e-03	2.043277e-01	2.043277e-04
3.247421093061244e-03	2.043289e-01	2.043289e-04
3.259139843061244e-03	2.043278e-01	2.043278e-04
3.270858593061244e-03	2.043287e-01	2.043287e-04
3.282577343061244e-03	2.043281e-01	2.043281e-04
3.294296093061244e-03	2.043283e-01	2.043284e-04
3.306014843061244e-03	2.043283e-01	2.043284e-04
3.317733593061244e-03	2.043281e-01	2.043281e-04
3.329452343061244e-03	2.043285e-01	2.043285e-04
3.341171093061244e-03	2.043280e-01	2.043280e-04
3.352889843061244e-03	2.043286e-01	2.043286e-04
3.364608593061244e-03	2.043280e-01	2.043280e-04
3.376327343061244e-03	2.043285e-01	2.043285e-04
3.388046093061244e-03	2.043281e-01	2.043282e-04
3.399764843061244e-03	2.043284e-01	2.043284e-04
3.411483593061244e-03	2.043283e-01	2.043283e-04
3.423202343061244e-03	2.043283e-01	2.043283e-04
3.434921093061244e-03	2.043284e-01	2.043284e-04
3.446639843061244e-03	2.043282e-01	2.043282e-04
3.458358593061244e-03	2.043284e-01	2.043284e-04
3.470077343061244e-03	2.043281e-01	2.043282e-04
3.481796093061244e-03	2.043284e-01	2.043284e-04
3.493514843061244e-03	2.043282e-01	2.043282e-04
3.505233593061244e-03	2.043283e-01	2.043284e-04
3.516952343061244e-03	2.043282e-01	2.043283e-04
3.528671093061244e-03	2.043283e-01	2.043283e-04
3.540389843061244e-03	2.043283e-01	2.043283e-04
3.552108593061244e-03	2.043282e-01	2.043283e-04
3.563827343061244e-03	2.043283e-01	2.043284e-04
3.575546093061244e-03	2.043282e-01	2.043282e-04
3.587264843061244e-03	2.043284e-01	2.043284e-04
3.598983593061244e-03	2.043282e-01	2.043282e-04
3.610702343061244e-03	2.043283e-01	2.043284e-04
3.622421093061244e-03	2.043283e-01	2.043283e-04
3.634139843061244e-03	2.043283e-01	2.043283e-04
3.645858593061244e-03	2.043283e-01	2.043283e-04
3.657577343061244e-03	2.043283e-01	2.043283e-04
3.669296093061244e-03	2.043283e-01	2.043283e-04
3.681014843061244e-03	2.043283e-01	2.043283e-04
3.692733593061244e-03	2.043283e-01	2.043283e-04
3.704452343061244e-03	2.043283e-01	2.043283e-04
3.716171093061244e-03	2.043283e-01	2.043283e-04
3.727889843061244e-03	2.043283e-01	2.043283e-04
3.739608593061244e-03	2.043283e-01	2.043283e-04
3.763046093061244e-03	2.043283e-01	2.043283e-04
3.774764843061244e-03	2.043283e-01	2.043283e-04
3.786483593061244e-03	2.043283e-01	2.043283e-04
3.798202343061244e-03	2.043283e-01	2.043283e-04
3.809921093061244e-03	2.043283e-01	2.043283e-04
3.821639843061244e-03	2.043283e-01	2.043283e-04
3.833358593061244e-03	2.043283e-01	2.043283e-04
3.845077343061244e-03	2.043283e-01	2.043283e-04
3.856796093061244e-03	2.043283e-01	2.043283e-04
3.868514843061244e-03	2.043283e-01	2.043283e-04
3.891952343061244e-03	2.043283e-01	2.043283e-04
3.903671093061244e-03	2.043283e-01	2.043283e-04
3.915389843061244e-03	2.043283e-01	2.043283e-04
3.927108593061245e-03	2.043283e-01	2.043283e-04
3.938827343061244e-03	2.043283e-01	2.043283e-04
3.950546093061245e-03	2.043283e-01	2.043283e-04
3.962264843061244e-03	2.043283e-01	2.043283e-04
3.973983593061244e-03	2.043283e-01	2.043283e-04
3.985702343061244e-03	2.043281e-01	2.043281e-04
3.993439063877511e-03	2.043286e-01	2.043286e-04
4.000000000000000e-03	1.310507e-01	4.588055e-02
4.002586041606799e-03	3.565768e-02	9.172448e-02
4.003972484669967e-03	8.853490e-12	8.765832e-02
4.004609498266690e-03	7.368215e-12	7.295264e-02
4.004943127130500e-03	6.808763e-12	6.741350e-02
4.005158330055460e-03	6.495032e-12	6.430724e-02
4.005226910206274e-03	6.403638e-12	6.340235e-02
4.005267048490597e-03	6.354671e-12	6.291753e-02
4.005298115510122e-03	6.316308e-12	6.253771e-02
4.005334630041537e-03	6.271521e-12	6.209427e-02
4.005369527920470e-03	6.229450e-12	6.167773e-02
4.005418121463932e-03	6.172082e-12	6.110973e-02
4.005469484145738e-03	6.113176e-12	6.052650e-02
4.005556915598216e-03	6.016325e-12	5.956758e-02
4.005651170917714e-03	5.916306e-12	5.857729e-02
4.005771693792022e-03	5.796581e-12	5.739190e-02
4.006012739540639e-03	5.578201e-12	5.522973e-02
4.006309366536440e-03	5.346948e-12	5.294009e-02
4.006902620528042e-03	4.994164e-12	4.944716e-02
4.008089128511246e-03	4.542130e-12	4.497159e-02
4.009971583668670e-03	4.172192e-12	4.130882e-02
4.011852961498739e-03	4.049293e-12	4.009201e-02
4.013756334591955e-03	4.178689e-12	4.137316e-02
4.015518958062185e-03	4.673806e-12	4.627531e-02
4.017080764765153e-03	5.515286e-12	5.460679e-02
4.018650120736652e-03	6.588441e-12	6.523209e-02
4.020079768978315e-03	7.287992e-12	7.215835e-02
4.021755616808249e-03	7.391410e-12	7.318227e-02
4.022867279497419e-03	7.196081e-12	7.124832e-02
4.023850464824228e-03	7.079469e-12	7.009377e-02
4.024850774131485e-03	7.130358e-12	7.059763e-02
4.025778745522715e-03	7.331891e-12	7.259298e-02
4.026781635019430e-03	7.676731e-12	7.600723e-02
4.027935504525399e-03	8.119363e-12	8.038972e-02
4.029180907867393e-03	8.523084e-12	8.438697e-02
4.030396890373553e-03	8.778456e-12	8.691542e-02
4.031623393185327e-03	8.928924e-12	8.840521e-02
4.032995258473377e-03	9.076804e-12	8.986937e-02
4.034281225083141e-03	9.267251e-12	9.175499e-02
4.035663027055981e-03	9.543188e-12	9.448704e-02
4.037166915229028e-03	9.882773e-12	9.784926e-02
4.038685119078190e-03	1.021063e-11	1.010954e-01
4.040450796231493e-03	1.054382e-11	1.043942e-01
4.042449878317620e-03	1.089062e-11	1.078279e-01
4.044641602332006e-03	1.128444e-11	1.117272e-01
4.047364531842563e-03	1.180220e-11	1.168535e-01
4.050770240563269e-03	1.244569e-11	1.232247e-01
4.054809800934450e-03	1.318781e-11	1.305724e-01
4.059917197283546e-03	1.412605e-11	1.398619e-01
4.066884113438385e-03	1.540700e-11	1.525446e-01
4.078043986909274e-03	1.744299e-11	1.727029e-01
4.089762736909274e-03	1.957471e-11	1.938090e-01
4.101481486909274e-03	2.169994e-11	2.148509e-01
4.113200236909273e-03	2.382168e-11	2.358583e-01
4.124918986909274e-03	2.594167e-11	2.568483e-01
4.136637736909273e-03	2.805974e-11	2.778192e-01
4.148356486909274e-03	3.017779e-11	2.987900e-01
4.160075236909274e-03	3.229472e-11	3.197497e-01
4.171793986909274e-03	3.441187e-11	3.407116e-01
4.183512736909274e-03	3.652861e-11	3.616694e-01
4.195231486909274e-03	3.864527e-11	3.826264e-01
4.206950236909274e-03	4.076204e-11	4.035845e-01
4.218668986909274e-03	4.287848e-11	4.245394e-01
4.230387736909274e-03	4.499521e-11	4.454971e-01
4.242106486909274e-03	4.711164e-11	4.664519e-01
4.253825236909274e-03	4.922826e-11	4.874085e-01
4.265543986909274e-03	5.134478e-11	5.083640e-01
4.277262736909274e-03	5.346126e-11	5.293194e-01
4.288981486909274e-03	5.557781e-11	5.502755e-01
4.300700236909274e-03	5.769425e-11	5.712302e-01
4.312418986909274e-03	5.981081e-11	5.921863e-01
4.324137736909274e-03	6.192723e-11	6.131410e-01
4.335856486909274e-03	6.404373e-11	6.340965e-01
4.347575236909274e-03	6.616020e-11	6.550515e-01
4.359293986909274e-03	6.827664e-11	6.760064e-01
4.371012736909274e-03	7.039311e-11	6.969616e-01
4.382731486909274e-03	7.250952e-11	7.179162e-01
4.394450236909274e-03	7.462597e-11	7.388712e-01
4.406168986909274e-03	7.674238e-11	7.598257e-01
4.417887736909274e-03	7.885881e-11	7.807804e-01
4.429606486909274e-03	8.097523e-11	8.017349e-01
4.441325236909274e-03	8.309162e-11	8.226893e-01
4.453043986909274e-03	8.520801e-11	8.436438e-01
4.464762736909274e-03	8.732438e-11	8.645979e-01
4.476481486909274e-03	8.944079e-11	8.855522e-01
4.488200236909274e-03	9.155715e-11	9.065063e-01
4.499918986909274e-03	9.367351e-11	9.274604e-01
4.511637736909274e-03	9.578986e-11	9.484143e-01
4.523356486909274e-03	9.790620e-11	9.693682e-01
4.535075236909274e-03	1.000225e-10	9.903221e-01
4.546793986909274e-03	1.021389e-10	1.011276e+00
4.558512736909274e-03	1.042552e-10	1.032229e+00
4.570231486909274e-03	1.063715e-10	1.053183e+00
4.581950236909274e-03	1.084877e-10	1.074136e+00
4.593668986909273e-03	1.106040e-10	1.095090e+00
4.605387736909274e-03	1.127204e-10	1.116043e+00
4.617106486909273e-03	1.148366e-10	1.136996e+00
4.628825236909274e-03	1.169529e-10	1.157949e+00
4.640543986909273e-03	1.190691e-10	1.178903e+00
4.652262736909274e-03	1.211854e-10	1.199856e+00
4.663981486909274e-03	1.233016e-10	1.220808e+00
4.675700236909274e-03	1.254179e-10	1.241761e+00
4.687418986909274e-03	1.275341e-10	1.262714e+00
4.710856486909274e-03	1.317666e-10	1.304619e+00
4.722575236909274e-03	1.338828e-10	1.325572e+00
4.734293986909274e-03	1.359990e-10	1.346524e+00
4.746012736909274e-03	1.381151e-10	1.367477e+00
4.757731486909274e-03	1.402313e-10	1.388429e+00
4.769450236909274e-03	1.423475e-10	1.409381e+00
4.781168986909274e-03	1.444636e-10	1.430333e+00
4.792887736909274e-03	1.465798e-10	1.451285e+00
4.804606486909274e-03	1.486959e-10	1.472237e+00
4.816325236909274e-03	1.508121e-10	1.493189e+00
4.828043986909274e-03	1.529282e-10	1.514141e+00
4.839762736909274e-03	1.550444e-10	1.535093e+00
4.851481486909274e-03	1.571605e-10	1.556044e+00
4.863200236909274e-03	1.592765e-10	1.576996e+00
4.874918986909274e-03	1.613926e-10	1.597947e+00
4.886637736909274e-03	1.635087e-10	1.618899e+00
4.898356486909274e-03	1.656248e-10	1.639850e+00
4.910075236909274e-03	1.677409e-10	1.660801e+00
4.921793986909274e-03	1.698570e-10	1.681753e+00
4.933512736909274e-03	1.719731e-10	1.702704e+00
4.945231486909274e-03	1.740891e-10	1.723655e+00
4.956950236909274e-03	1.762052e-10	1.744606e+00
4.968668986909274e-03	1.783212e-10	1.765556e+00
4.980387736909274e-03	1.804373e-10	1.786507e+00
4.988281250000000e-03	1.818626e-10	1.800619e+00
5.000000000000000e-03	1.839786e-10	1.821570e+00
5.011718750000000e-03	1.860946e-10	1.842520e+00
5.023437500000000e-03	1.882105e-10	1.863471e+00
5.035156250000000e-03	1.903265e-10	1.884421e+00
5.046875000000000e-03	1.924425e-10	1.905372e+00
5.058593750000000e-03	1.945585e-10	1.926322e+00
5.070312500000000e-03	1.966745e-10	1.947272e+00
5.082031250000000e-03	1.987905e-10	1.968222e+00
5.093750000000000e-03	2.009064e-10	1.989172e+00
5.105468750000000e-03	2.030223e-10	2.010122e+00
5.117187500000000e-03	2.051382e-10	2.031072e+00
5.128906250000000e-03	2.072541e-10	2.052022e+00
5.140625000000000e-03	2.093701e-10	2.072972e+00
5.152343750000000e-03	2.114860e-10	2.093921e+00
5.164062500000000e-03	2.136019e-10	2.114871e+00
5.175781250000000e-03	2.157179e-10	2.135821e+00
5.187500000000000e-03	2.178338e-10	2.156770e+00
5.210937500000000e-03	2.220656e-10	2.198669e+00
5.222656250000000e-03	2.241814e-10	2.219618e+00
5.234375000000000e-03	2.262972e-10	2.240567e+00
5.246093750000000e-03	2.284130e-10	2.261516e+00
5.257812500000000e-03	2.305289e-10	2.282465e+00
5.269531250000000e-03	2.326448e-10	2.303414e+00
5.281250000000000e-03	2.347606e-10	2.324363e+00
5.292968750000000e-03	2.368764e-10	2.345311e+00
5.304687500000000e-03	2.389923e-10	2.366260e+00
5.316406250000000e-03	2.411081e-10	2.387209e+00
5.328125000000000e-03	2.432239e-10	2.408157e+00
5.339843750000000e-03	2.453396e-10	2.429106e+00
5.351562500000000e-03	2.474554e-10	2.450054e+00
5.363281250000000e-03	2.495712e-10	2.471002e+00
5.375000000000000e-03	2.516869e-10	2.491951e+00
5.386718750000000e-03	2.538027e-10	2.512899e+00
5.398437500000000e-03	2.559185e-10	2.533847e+00
5.410156250000000e-03	2.580343e-10	2.554795e+00
5.433593750000000e-03	2.622657e-10	2.596690e+00
5.445312500000000e-03	2.643814e-10	2.617638e+00
5.457031250000000e-03	2.664971e-10	2.638586e+00
5.468750000000000e-03	2.686128e-10	2.659534e+00
5.480468750000000e-03	2.707285e-10	2.680481e+00
5.492187500000000e-03	2.728442e-10	2.701429e+00
5.503906250000000e-03	2.749599e-10	2.722376e+00
5.527343750000000e-03	2.791913e-10	2.764271e+00
5.539062500000000e-03	2.813070e-10	2.785218e+00
5.562500000000000e-03	2.855383e-10	2.827112e+00
5.574218750000000e-03	2.876538e-10	2.848059e+00
5.585937500000000e-03	2.897695e-10	2.869006e+00
5.597656250000000e-03	2.918852e-10	2.889953e+00
5.621093750000000e-03	2.961165e-10	2.931846e+00
5.632812500000000e-03	2.982321e-10	2.952793e+00
5.656250000000000e-03	3.024633e-10	2.994685e+00
5.667968750000000e-03	3.045788e-10	3.015632e+00
5.691406250000000e-03	3.088099e-10	3.057524e+00
5.714843750000000e-03	3.130410e-10	3.099417e+00
5.726562500000000e-03	3.151565e-10	3.120363e+00
5.750000000000000e-03	3.193877e-10	3.162254e+00
5.773437500000000e-03	3.236187e-10	3.204146e+00
7.378906250000000e-03	6.133789e-10	6.073058e+00
7.445870535714286e-03	6.254621e-10	6.192694e+00
7.512834821428571e-03	6.375451e-10	6.312328e+00
7.579799107142857e-03	6.496279e-10	6.431960e+00
7.646763392857143e-03	6.617105e-10	6.551590e+00
7.713727678571428e-03	6.737930e-10	6.671218e+00
7.780691964285714e-03	6.858752e-10	6.790844e+00
7.847656250000000e-03	6.979572e-10	6.910468e+00
7.881138392857142e-03	7.039981e-10	6.970279e+00
7.914620535714286e-03	7.100390e-10	7.030090e+00
7.948102678571429e-03	7.160798e-10	7.089900e+00
7.981584821428571e-03	7.221206e-10	7.149710e+00
8.015066964285713e-03	7.281614e-10	7.209519e+00
8.048549107142857e-03	7.342021e-10	7.269327e+00
8.082031250000000e-03	7.402428e-10	7.329135e+00
8.103794642857143e-03	7.441691e-10	7.368010e+00
8.125558035714285e-03	7.480954e-10	7.406885e+00
8.147321428571429e-03	7.520216e-10	7.445759e+00
8.169084821428571e-03	7.559479e-10	7.484633e+00
8.190848214285715e-03	7.598741e-10	7.523507e+00
8.212611607142857e-03	7.638002e-10	7.562380e+00
8.234375000000000e-03	7.677264e-10	7.601253e+00
8.269531250000000e-03	7.740686e-10	7.664047e+00
8.292968749999999e-03	7.782966e-10	7.705909e+00
8.316406250000000e-03	7.825249e-10	7.747770e+00
8.339843749999999e-03	7.867528e-10	7.789631e+00
8.363281250000000e-03	7.909805e-10	7.831492e+00
8.386718749999999e-03	7.952084e-10	7.873352e+00
8.410156250000000e-03	7.994363e-10	7.915211e+00
8.433593749999999e-03	8.036637e-10	7.957068e+00
8.457031250000000e-03	8.078914e-10	7.998925e+00
8.480468749999999e-03	8.121190e-10	8.040781e+00
8.503906250000000e-03	8.163463e-10	8.082636e+00
8.527343749999999e-03	8.205732e-10	8.124489e+00
8.539062500000000e-03	8.226870e-10	8.145414e+00
8.550781250000000e-03	8.248006e-10	8.166340e+00
8.562500000000001e-03	8.269139e-10	8.187265e+00
8.574218749999999e-03	8.290272e-10	8.208189e+00
8.585937500000000e-03	8.311405e-10	8.229113e+00
8.597656250000000e-03	8.332538e-10	8.250036e+00
8.609375000000001e-03	8.353669e-10	8.270959e+00
8.621093749999999e-03	8.374798e-10	8.291881e+00
8.632812500000000e-03	8.395927e-10	8.312801e+00
8.644531250000000e-03	8.417056e-10	8.333722e+00
8.656250000000001e-03	8.438185e-10	8.354641e+00
8.667968749999999e-03	8.459314e-10	8.375560e+00
8.679687500000000e-03	8.480443e-10	8.396477e+00
8.691406250000000e-03	8.501569e-10	8.417394e+00
8.703125000000001e-03	8.522693e-10	8.438309e+00
8.714843750000000e-03	8.543812e-10	8.459223e+00
8.726562500000000e-03	8.564933e-10	8.480135e+00
8.738281250000000e-03	8.586053e-10	8.501045e+00
8.750000000000001e-03	8.607173e-10	8.521955e+00
8.761718750000000e-03	8.628291e-10	8.542862e+00
8.773437500000000e-03	8.649405e-10	8.563766e+00
8.785156250000000e-03	8.670517e-10	8.584670e+00
8.796874999999999e-03	8.691628e-10	8.605572e+00
8.808593750000000e-03	8.712736e-10	8.626470e+00
8.820312500000000e-03	8.733838e-10	8.647366e+00
8.832031250000000e-03	8.754941e-10	8.668259e+00
8.843749999999999e-03	8.776040e-10	8.689149e+00
8.855468750000000e-03	8.797134e-10	8.710035e+00
8.867187500000000e-03	8.818226e-10	8.730917e+00
8.878906250000001e-03	8.839314e-10	8.751796e+00
8.890624999999999e-03	8.860397e-10	8.772671e+00
8.902343750000000e-03	8.881474e-10	8.793540e+00
8.914062500000000e-03	8.902546e-10	8.814404e+00
8.925781250000001e-03	8.923617e-10	8.835263e+00
8.937499999999999e-03	8.944679e-10	8.856116e+00
8.949218750000000e-03	8.965731e-10	8.876963e+00
8.960937500000000e-03	8.986780e-10	8.897801e+00
8.972656250000001e-03	9.007821e-10	8.918633e+00
8.984374999999999e-03	9.028849e-10	8.939455e+00
8.996093750000000e-03	9.049870e-10	8.960269e+00
9.007812500000000e-03	9.070882e-10	8.981072e+00
9.019531250000001e-03	9.091883e-10	9.001864e+00
9.031249999999999e-03	9.112871e-10	9.022645e+00
9.042968750000000e-03	9.133846e-10	9.043413e+00
9.054687500000000e-03	9.154806e-10	9.064167e+00
9.066406250000001e-03	9.175751e-10	9.084905e+00
9.078124999999999e-03	9.196680e-10	9.105625e+00
9.089843750000000e-03	9.217590e-10	9.126328e+00
9.101562500000000e-03	9.238478e-10	9.147010e+00
9.113281250000001e-03	9.259345e-10	9.167670e+00
9.124999999999999e-03	9.280187e-10	9.188306e+00
9.136718750000000e-03	9.301002e-10	9.208914e+00
9.148437500000000e-03	9.321786e-10	9.229494e+00
9.160156250000001e-03	9.342540e-10	9.250041e+00
9.171874999999999e-03	9.363259e-10	9.270553e+00
9.183593750000000e-03	9.383937e-10	9.291025e+00
9.195312500000000e-03	9.404569e-10	9.311454e+00
9.207031250000001e-03	9.425152e-10	9.331835e+00
9.218750000000000e-03	9.445682e-10	9.352163e+00
9.230468750000000e-03	9.466157e-10	9.372433e+00
9.242187500000000e-03	9.486563e-10	9.392637e+00
9.253906250000001e-03	9.506894e-10	9.412768e+00
9.265625000000000e-03	9.527145e-10	9.432818e+00
9.277343750000000e-03	9.547304e-10	9.452778e+00
9.289062500000000e-03	9.567360e-10	9.472635e+00
9.300781249999999e-03	9.587301e-10	9.492379e+00
9.312500000000000e-03	9.607111e-10	9.511994e+00
9.324218750000000e-03	9.626776e-10	9.531466e+00
9.335937500000000e-03	9.646279e-10	9.550774e+00
9.347656249999999e-03	9.665595e-10	9.569897e+00
9.359375000000000e-03	9.684699e-10	9.588811e+00
9.371093750000000e-03	9.703565e-10	9.607489e+00
9.382812500000001e-03	9.722161e-10	9.625899e+00
9.394531249999999e-03	9.740451e-10	9.644008e+00
9.406250000000000e-03	9.758394e-10	9.661776e+00
9.417968750000000e-03	9.775949e-10	9.679160e+00
9.429687500000001e-03	9.793075e-10	9.696116e+00
9.441406249999999e-03	9.809722e-10	9.712599e+00
9.453125000000000e-03	9.825840e-10	9.728559e+00
9.464843750000000e-03	9.841388e-10	9.743952e+00
9.476562500000001e-03	9.856324e-10	9.758737e+00
9.488281249999999e-03	9.870609e-10	9.772881e+00
9.500000000000000e-03	9.884218e-10	9.786356e+00
9.511718750000000e-03	9.897140e-10	9.799150e+00
9.523437500000001e-03	9.909369e-10	9.811256e+00
9.535156249999999e-03	9.920910e-10	9.822682e+00
9.546875000000000e-03	9.931778e-10	9.833444e+00
9.558593750000000e-03	9.941997e-10	9.843563e+00
9.570312500000001e-03	9.951595e-10	9.853067e+00
9.582031249999999e-03	9.960605e-10	9.861987e+00
9.593750000000000e-03	9.969059e-10	9.870356e+00
9.605468750000000e-03	9.976985e-10	9.878202e+00
9.617187500000001e-03	9.984413e-10	9.885561e+00
9.628906249999999e-03	9.991381e-10	9.892460e+00
9.640625000000000e-03	9.997914e-10	9.898928e+00
9.652343750000000e-03	1.000404e-09	9.904991e+00
9.664062500000001e-03	1.000978e-09	9.910676e+00
9.675781249999999e-03	1.001516e-09	9.916006e+00
9.687500000000000e-03	1.002021e-09	9.921003e+00
9.699218750000000e-03	1.002494e-09	9.925688e+00
9.710937500000001e-03	1.002938e-09	9.930080e+00
9.722656250000000e-03	1.003354e-09	9.934197e+00
9.734375000000000e-03	1.003744e-09	9.938059e+00
9.746093750000000e-03	1.004110e-09	9.941679e+00
9.757812500000001e-03	1.004452e-09	9.945072e+00
9.769531250000000e-03	1.004774e-09	9.948256e+00
9.781250000000000e-03	1.005075e-09	9.951240e+00
9.792968750000000e-03	1.005357e-09	9.954038e+00
9.804687499999999e-03	1.005623e-09	9.956661e+00
9.816406250000000e-03	1.005871e-09	9.959122e+00
9.828125000000000e-03	1.006105e-09	9.961430e+00
9.839843750000000e-03	1.006323e-09	9.963593e+00
9.851562499999999e-03	1.006528e-09	9.965624e+00
9.863281250000000e-03	1.006720e-09	9.967527e+00
9.875000000000000e-03	1.006901e-09	9.969313e+00
9.886718750000001e-03	1.007070e-09	9.970986e+00
9.898437499999999e-03	1.007228e-09	9.972557e+00
9.910156250000000e-03	1.007377e-09	9.974030e+00
9.921875000000000e-03	1.007516e-09	9.975411e+00
9.933593750000001e-03	1.007647e-09	9.976707e+00
9.945312499999999e-03	1.007770e-09	9.977921e+00
9.957031250000000e-03	1.007885e-09	9.979060e+00
9.968750000000000e-03	1.007993e-09	9.980127e+00
9.980468750000001e-03	1.008094e-09	9.981129e+00
9.992187499999999e-03	1.008189e-09	9.982067e+00
1.000390625000000e-02	1.008277e-09	9.982946e+00
1.001562500000000e-02	1.008361e-09	9.983770e+00
1.002734375000000e-02	1.008439e-09	9.984544e+00
1.003906250000000e-02	1.008512e-09	9.985268e+00
1.005078125000000e-02	1.008581e-09	9.985947e+00
1.006250000000000e-02	1.008645e-09	9.986584e+00
1.007421875000000e-02	1.008705e-09	9.987181e+00
1.008593750000000e-02	1.008762e-09	9.987740e+00
1.009765625000000e-02	1.008815e-09	9.988263e+00
1.010937500000000e-02	1.008864e-09	9.988754e+00
1.012109375000000e-02	1.008910e-09	9.989214e+00
1.013281250000000e-02	1.008954e-09	9.989646e+00
1.014453125000000e-02	1.008995e-09	9.990050e+00
1.015625000000000e-02	1.009033e-09	9.990429e+00
1.016796875000000e-02	1.009069e-09	9.990784e+00
1.017968750000000e-02	1.009103e-09	9.991117e+00
1.019140625000000e-02	1.009134e-09	9.991428e+00
1.020312500000000e-02	1.009164e-09	9.991720e+00
1.021484375000000e-02	1.009191e-09	9.991994e+00
1.022656250000000e-02	1.009217e-09	9.992250e+00
1.023828125000000e-02	1.009241e-09	9.992491e+00
1.026171875000000e-02	1.009286e-09	9.992928e+00
1.028515625000000e-02	1.009324e-09	9.993310e+00
1.030859375000000e-02	1.009358e-09	9.993647e+00
1.033203125000000e-02	1.009388e-09	9.993941e+00
1.035546875000000e-02	1.009414e-09	9.994200e+00
1.037890625000000e-02	1.009437e-09	9.994428e+00
1.040234375000000e-02	1.009457e-09	9.994627e+00
1.042578125000000e-02	1.009475e-09	9.994802e+00
1.044921875000000e-02	1.009490e-09	9.994955e+00
1.047265625000000e-02	1.009504e-09	9.995090e+00
1.049609375000000e-02	1.009516e-09	9.995209e+00
1.051953125000000e-02	1.009527e-09	9.995313e+00
1.054296875000000e-02	1.009536e-09	9.995403e+00
1.056640625000000e-02	1.009544e-09	9.995483e+00
1.058984375000000e-02	1.009551e-09	9.995554e+00
1.061328125000000e-02	1.009557e-09	9.995616e+00
1.063671875000000e-02	1.009563e-09	9.995669e+00
1.066015625000000e-02	1.009568e-09	9.995717e+00
1.068359375000000e-02	1.009571e-09	9.995759e+00
1.070703125000000e-02	1.009575e-09	9.995795e+00
1.073046875000000e-02	1.009578e-09	9.995827e+00
1.075390625000000e-02	1.009582e-09	9.995855e+00
1.077734375000000e-02	1.009584e-09	9.995880e+00
1.080078125000000e-02	1.009586e-09	9.995901e+00
1.081250000000000e-02	1.009587e-09	9.995911e+00
1.083593750000000e-02	1.009589e-09	9.995929e+00
1.085937500000000e-02	1.009590e-09	9.995945e+00
1.087109375000000e-02	1.009591e-09	9.995952e+00
1.088281250000000e-02	1.009592e-09	9.995958e+00
1.090625000000000e-02	1.009593e-09	9.995970e+00
1.092968750000000e-02	1.009594e-09	9.995981e+00
1.095312500000000e-02	1.009595e-09	9.995990e+00
1.097656250000000e-02	1.009596e-09	9.995998e+00
1.100000000000000e-02	1.009596e-09	9.996005e+00
1.102343750000000e-02	1.009597e-09	9.996012e+00
1.104687500000000e-02	1.009598e-09	9.996017e+00
1.107031250000000e-02	1.009598e-09	9.996022e+00
1.109375000000000e-02	1.009598e-09	9.996026e+00
1.111718750000000e-02	1.009599e-09	9.996030e+00
1.114062500000000e-02	1.009599e-09	9.996033e+00
1.116406250000000e-02	1.009599e-09	9.996036e+00
1.118750000000000e-02	1.009600e-09	9.996038e+00
1.121093750000000e-02	1.009600e-09	9.996040e+00
1.123437500000000e-02	1.009600e-09	9.996042e+00
1.125781250000000e-02	1.009600e-09	9.996044e+00
1.128125000000000e-02	1.009601e-09	9.996046e+00
1.130468750000000e-02	1.009601e-09	9.996047e+00
1.133984375000000e-02	1.009601e-09	9.996049e+00
1.137500000000000e-02	1.009601e-09	9.996050e+00
1.141015625000000e-02	1.009601e-09	9.996051e+00
1.144531250000000e-02	1.009601e-09	9.996052e+00
1.148046875000000e-02	1.009601e-09	9.996053e+00
1.151562500000000e-02	1.009601e-09	9.996054e+00
1.154408482142857e-02	1.009601e-09	9.996054e+00
1.157254464285714e-02	1.009602e-09	9.996054e+00
1.160100446428571e-02	1.009602e-09	9.996055e+00
1.162946428571429e-02	1.009602e-09	9.996055e+00
1.165792410714286e-02	1.009602e-09	9.996055e+00
1.168638392857143e-02	1.009602e-09	9.996055e+00
1.171484375000000e-02	1.009602e-09	9.996056e+00
1.175334821428571e-02	1.009602e-09	9.996056e+00
1.179185267857143e-02	1.009602e-09	9.996056e+00
1.183035714285714e-02	1.009602e-09	9.996056e+00
1.186886160714286e-02	1.009602e-09	9.996056e+00
1.190736607142857e-02	1.009602e-09	9.996056e+00
1.194587053571429e-02	1.009602e-09	9.996056e+00
1.198437500000000e-02	1.009602e-09	9.996056e+00
1.199609375000000e-02	1.009602e-09	9.996056e+00
1.200000000000000e-02	1.009602e-09	9.996056e+00
