time	-I(Rl)	V(vout)
0.000000000000000e+00	1.009601e-09	9.996057e+00
2.000000000000000e-03	1.009601e-09	9.996057e+00
2.000000079872123e-03	2.313616e+01	2.557541e-02
2.000000079911123e-03	2.312566e+01	2.312566e-02
2.000000079989123e-03	2.309299e+01	2.309299e-02
2.000001079989123e-03	1.556256e+01	1.556256e-02
2.000002079989123e-03	1.259836e+01	1.259836e-02
2.000003079989123e-03	1.210767e+01	1.210767e-02
2.000004079989124e-03	1.185790e+01	1.185790e-02
2.000005079989123e-03	1.173009e+01	1.173009e-02
2.000005185797430e-03	1.172138e+01	1.172138e-02
2.000005397414043e-03	1.170898e+01	1.170898e-02
2.000005820647269e-03	1.170040e+01	1.170040e-02
2.000006667113721e-03	1.172364e+01	1.172364e-02
2.000007528916369e-03	1.178814e+01	1.178814e-02
2.000008283354639e-03	1.187026e+01	1.187026e-02
2.000008831250441e-03	1.193312e+01	1.193313e-02
2.000009409666212e-03	1.199507e+01	1.199507e-02
2.000010168560100e-03	1.206966e+01	1.206966e-02
2.000010970072143e-03	1.213767e+01	1.213767e-02
2.000012023566384e-03	1.220802e+01	1.220802e-02
2.000013202940577e-03	1.226270e+01	1.226270e-02
2.000014932321139e-03	1.231162e+01	1.231162e-02
2.000016956019870e-03	1.234462e+01	1.234462e-02
2.000018805010823e-03	1.235987e+01	1.235987e-02
2.000020085357948e-03	1.235834e+01	1.235834e-02
2.000021202700925e-03	1.234661e+01	1.234661e-02
2.000022364349213e-03	1.233191e+01	1.233192e-02
2.000023671992934e-03	1.231866e+01	1.231867e-02
2.000024849735187e-03	1.231021e+01	1.231021e-02
2.000026058755673e-03	1.230564e+01	1.230564e-02
2.000027502322217e-03	1.230484e+01	1.230484e-02
2.000029644435999e-03	1.230877e+01	1.230877e-02
2.000031603289718e-03	1.231558e+01	1.231558e-02
2.000034965991488e-03	1.233046e+01	1.233046e-02
2.000038388081890e-03	1.234661e+01	1.234661e-02
2.000043656093567e-03	1.237176e+01	1.237176e-02
2.000049178476365e-03	1.239930e+01	1.239930e-02
2.000054972574851e-03	1.243345e+01	1.243346e-02
2.000060829027370e-03	1.248078e+01	1.248078e-02
2.000066991657189e-03	1.255474e+01	1.255474e-02
2.000073532594899e-03	1.267334e+01	1.267334e-02
2.000081871437011e-03	1.288807e+01	1.288807e-02
2.000089226880260e-03	1.313574e+01	1.313574e-02
2.000094402085272e-03	1.334857e+01	1.334857e-02
2.000097579128682e-03	1.350043e+01	1.350043e-02
2.000100454636439e-03	1.365600e+01	1.365600e-02
2.000103922838935e-03	1.386928e+01	1.386928e-02
2.000110465549000e-03	1.433001e+01	1.433001e-02
2.000117920971733e-03	1.492871e+01	1.492871e-02
2.000126263501004e-03	1.565421e+01	1.565421e-02
2.000130446718314e-03	1.600945e+01	1.600945e-02
2.000132910235724e-03	1.620116e+01	1.620116e-02
2.000135177556161e-03	1.635018e+01	1.635018e-02
2.000137743195402e-03	1.641257e+01	1.641257e-02
2.000139794104097e-03	1.626363e+01	1.626363e-02
2.000141107158389e-03	1.610031e+01	1.610031e-02
2.000141864318396e-03	1.610255e+01	1.610255e-02
2.000142195787100e-03	1.614887e+01	1.614887e-02
2.000142410992529e-03	1.618042e+01	1.618042e-02
2.000142574613457e-03	1.620255e+01	1.620255e-02
2.000142707510930e-03	1.622110e+01	1.622110e-02
2.000142840375521e-03	1.623906e+01	1.623907e-02
2.000142986001173e-03	1.625823e+01	1.625823e-02
2.000143163836363e-03	1.628132e+01	1.628132e-02
2.000143416289102e-03	1.631260e+01	1.631260e-02
2.000143801977024e-03	1.635831e+01	1.635832e-02
2.000144313023171e-03	1.641679e+01	1.641679e-02
2.000144882573013e-03	1.648017e+01	1.648017e-02
2.000145409609461e-03	1.653672e+01	1.653672e-02
2.000146056217498e-03	1.660423e+01	1.660423e-02
2.000146768520560e-03	1.667794e+01	1.667794e-02
2.000147714063461e-03	1.677599e+01	1.677599e-02
2.000148657495303e-03	1.687494e+01	1.687494e-02
2.000150544358986e-03	1.707733e+01	1.707733e-02
2.000154318086353e-03	1.749479e+01	1.749479e-02
2.000157863728687e-03	1.790481e+01	1.790481e-02
2.000163390758493e-03	1.857850e+01	1.857851e-02
2.000168569371760e-03	1.925508e+01	1.925508e-02
2.000178926598293e-03	2.075149e+01	2.075149e-02
2.000196127207301e-03	2.352911e+01	2.352911e-02
2.000210506671790e-03	2.614801e+01	2.614801e-02
2.000227944102035e-03	2.968408e+01	2.968408e-02
2.000245731669425e-03	3.355383e+01	3.355383e-02
2.000257296974436e-03	3.617009e+01	3.617010e-02
2.000268954589875e-03	3.882313e+01	3.882314e-02
2.000283122306091e-03	4.194963e+01	4.194963e-02
2.000300023187872e-03	4.543710e+01	4.543711e-02
2.000314415555736e-03	4.809450e+01	4.809450e-02
2.000329304985995e-03	5.044983e+01	5.044983e-02
2.000343862629397e-03	5.227967e+01	5.227968e-02
2.000370085689306e-03	5.463735e+01	5.463736e-02
2.000400051222736e-03	5.629316e+01	5.629317e-02
2.000439923292714e-03	5.739072e+01	5.739072e-02
2.000463826042766e-03	5.762468e+01	5.762468e-02
2.000487274064578e-03	5.762377e+01	5.762377e-02
2.000489523964726e-03	5.761596e+01	5.761596e-02
2.000494023765020e-03	5.759237e+01	5.759237e-02
2.000499139627208e-03	5.756178e+01	5.756179e-02
2.000504702239046e-03	5.752377e+01	5.752378e-02
2.000515827462722e-03	5.743623e+01	5.743623e-02
2.000530237967812e-03	5.730671e+01	5.730671e-02
2.000545105424646e-03	5.715682e+01	5.715682e-02
2.000556586951806e-03	5.703077e+01	5.703077e-02
2.000565725570241e-03	5.692390e+01	5.692391e-02
2.000574925171458e-03	5.681083e+01	5.681083e-02
2.000584885327256e-03	5.668272e+01	5.668272e-02
2.000596911970875e-03	5.652080e+01	5.652080e-02
2.000609742592149e-03	5.633929e+01	5.633929e-02
2.000624497436412e-03	5.611929e+01	5.611929e-02
2.000638839628768e-03	5.589290e+01	5.589291e-02
2.000655523865799e-03	5.561251e+01	5.561252e-02
2.000671503958323e-03	5.532503e+01	5.532504e-02
2.000690049685655e-03	5.496580e+01	5.496581e-02
2.000708615087149e-03	5.457410e+01	5.457411e-02
2.000730693802884e-03	5.405714e+01	5.405715e-02
2.000756578726288e-03	5.334354e+01	5.334355e-02
2.000808348573098e-03	5.156178e+01	5.156179e-02
2.000867787862977e-03	4.896964e+01	4.896964e-02
2.000938484802252e-03	4.533093e+01	4.533093e-02
2.001002763493482e-03	4.186257e+01	4.186257e-02
2.001070276199548e-03	3.833319e+01	3.833320e-02
2.001137563734480e-03	3.501525e+01	3.501526e-02
2.001208988329064e-03	3.168053e+01	3.168053e-02
2.001285721684775e-03	2.827228e+01	2.827228e-02
2.001367467825037e-03	2.493755e+01	2.493755e-02
2.001446581888131e-03	2.226711e+01	2.226712e-02
2.001538425540648e-03	1.988430e+01	1.988431e-02
2.001589427071608e-03	1.886375e+01	1.886375e-02
2.001647614345351e-03	1.793103e+01	1.793103e-02
2.001710200908202e-03	1.707709e+01	1.707710e-02
2.001771710952543e-03	1.635633e+01	1.635633e-02
2.001823928867280e-03	1.582171e+01	1.582171e-02
2.001864659970160e-03	1.544581e+01	1.544581e-02
2.001906952712441e-03	1.508424e+01	1.508424e-02
2.001946804931489e-03	1.476962e+01	1.476962e-02
2.002008050224313e-03	1.433046e+01	1.433046e-02
2.002092386958381e-03	1.378692e+01	1.378692e-02
2.002178334489951e-03	1.330073e+01	1.330073e-02
2.002313415801351e-03	1.264347e+01	1.264348e-02
2.002477379529092e-03	1.194399e+01	1.194399e-02
2.002528980782440e-03	1.174630e+01	1.174630e-02
2.002557892094402e-03	1.164381e+01	1.164381e-02
2.002606973625608e-03	1.147654e+01	1.147655e-02
2.002644615118974e-03	1.135280e+01	1.135280e-02
2.002688941134131e-03	1.121338e+01	1.121338e-02
2.002763215439840e-03	1.099019e+01	1.099019e-02
2.002830222220860e-03	1.079941e+01	1.079941e-02
2.002923759286202e-03	1.054858e+01	1.054859e-02
2.003009378986583e-03	1.033347e+01	1.033347e-02
2.003132014633778e-03	1.004694e+01	1.004694e-02
2.003261887204196e-03	9.766593e+00	9.766594e-03
2.003446306931401e-03	9.405210e+00	9.405212e-03
2.003724097738655e-03	8.918236e+00	8.918237e-03
2.004062569983785e-03	8.397792e+00	8.397793e-03
2.004523373722149e-03	7.788400e+00	7.788401e-03
2.005148865568573e-03	7.086454e+00	7.086455e-03
2.005956423661870e-03	6.329119e+00	6.329119e-03
2.007002557332591e-03	5.524723e+00	5.524723e-03
2.008428731484669e-03	4.652353e+00	4.652353e-03
2.010472895193787e-03	3.691439e+00	3.691440e-03
2.012788715660077e-03	2.913723e+00	2.913724e-03
2.014024382501464e-03	2.841132e+00	2.841132e-03
2.015390441983322e-03	3.205974e+00	3.205974e-03
2.015928409623602e-03	3.400326e+00	3.400326e-03
2.016261124734901e-03	3.511798e+00	3.511798e-03
2.016489139188074e-03	3.592157e+00	3.592157e-03
2.016636503788754e-03	3.646287e+00	3.646287e-03
2.016761202948284e-03	3.691041e+00	3.691041e-03
2.016870521099144e-03	3.729916e+00	3.729916e-03
2.016983656299510e-03	3.770317e+00	3.770318e-03
2.017102143900045e-03	3.813017e+00	3.813018e-03
2.017269620189882e-03	3.873905e+00	3.873905e-03
2.017495578269349e-03	3.956626e+00	3.956626e-03
2.017730369370657e-03	4.043090e+00	4.043090e-03
2.018100669892190e-03	4.177587e+00	4.177587e-03
2.018673514316301e-03	4.351943e+00	4.351943e-03
2.019420901609951e-03	4.476689e+00	4.476689e-03
2.019986012151266e-03	4.478739e+00	4.478740e-03
2.020508583352677e-03	4.429379e+00	4.429379e-03
2.021041063406457e-03	4.367332e+00	4.367332e-03
2.021539228010631e-03	4.309454e+00	4.309455e-03
2.022398308223252e-03	4.215550e+00	4.215551e-03
2.023404310457062e-03	4.114556e+00	4.114557e-03
2.024599957345741e-03	4.006995e+00	4.006995e-03
2.026012185244945e-03	3.895378e+00	3.895379e-03
2.027645772491402e-03	3.784452e+00	3.784452e-03
2.029595932009988e-03	3.673820e+00	3.673821e-03
2.031937216889977e-03	3.566507e+00	3.566507e-03
2.034784516860183e-03	3.465603e+00	3.465603e-03
2.038277627134476e-03	3.375267e+00	3.375267e-03
2.042790032882439e-03	3.295809e+00	3.295809e-03
2.048053370845078e-03	3.233814e+00	3.233815e-03
2.050449868550604e-03	3.214470e+00	3.214470e-03
2.051048992976986e-03	3.210606e+00	3.210606e-03
2.052247241829749e-03	3.203424e+00	3.203424e-03
2.052431478042491e-03	3.202416e+00	3.202416e-03
2.052799950467973e-03	3.200471e+00	3.200471e-03
2.053362837563252e-03	3.197568e+00	3.197569e-03
2.053868134867032e-03	3.195006e+00	3.195006e-03
2.053881148321499e-03	3.194940e+00	3.194940e-03
2.053907175230434e-03	3.194806e+00	3.194807e-03
2.053959229048302e-03	3.194536e+00	3.194536e-03
2.054063336684039e-03	3.193933e+00	3.193934e-03
2.054146773519529e-03	3.193300e+00	3.193301e-03
2.054211423402534e-03	3.192636e+00	3.192636e-03
2.054283061398387e-03	3.191776e+00	3.191777e-03
2.054368010489322e-03	3.190787e+00	3.190788e-03
2.054458318495692e-03	3.189904e+00	3.189905e-03
2.054627229633478e-03	3.188471e+00	3.188471e-03
2.054875304166937e-03	3.186186e+00	3.186186e-03
2.055348182213750e-03	3.180846e+00	3.180847e-03
2.055987096224471e-03	3.170167e+00	3.170168e-03
2.057246983618690e-03	3.134520e+00	3.134520e-03
2.058569521698989e-03	3.071742e+00	3.071742e-03
2.059729841796142e-03	2.984306e+00	2.984307e-03
2.061298108808865e-03	2.822519e+00	2.822519e-03
2.062837511496492e-03	2.640561e+00	2.640562e-03
2.064706703434030e-03	2.433686e+00	2.433686e-03
2.066893614819905e-03	2.254336e+00	2.254336e-03
2.069191013489946e-03	2.147513e+00	2.147513e-03
2.072484387587956e-03	2.085324e+00	2.085324e-03
2.077326257691082e-03	2.059674e+00	2.059674e-03
2.082483626262634e-03	2.055132e+00	2.055132e-03
2.088438115714417e-03	2.054303e+00	2.054303e-03
2.094024069010497e-03	2.053695e+00	2.053695e-03
2.100607773373897e-03	2.053344e+00	2.053344e-03
2.106708410746817e-03	2.053208e+00	2.053208e-03
2.113476287617529e-03	2.053161e+00	2.053162e-03
2.120312225117529e-03	2.053172e+00	2.053173e-03
2.127148162617529e-03	2.053212e+00	2.053213e-03
2.133984100117529e-03	2.053263e+00	2.053263e-03
2.140820037617529e-03	2.053314e+00	2.053314e-03
2.147655975117529e-03	2.053365e+00	2.053366e-03
2.154491912617529e-03	2.053417e+00	2.053417e-03
2.161327850117529e-03	2.053466e+00	2.053467e-03
2.168163787617529e-03	2.053511e+00	2.053511e-03
2.174999725117529e-03	2.053552e+00	2.053553e-03
2.181835662617529e-03	2.053592e+00	2.053593e-03
2.188671600117529e-03	2.053631e+00	2.053631e-03
2.195507537617529e-03	2.053665e+00	2.053666e-03
2.202343475117529e-03	2.053697e+00	2.053697e-03
2.209179412617529e-03	2.053727e+00	2.053727e-03
2.216015350117529e-03	2.053756e+00	2.053756e-03
2.222851287617529e-03	2.053783e+00	2.053783e-03
2.229687225117529e-03	2.053807e+00	2.053807e-03
2.236523162617529e-03	2.053829e+00	2.053830e-03
2.243359100117529e-03	2.053851e+00	2.053851e-03
2.250195037617529e-03	2.053872e+00	2.053872e-03
2.257030975117529e-03	2.053890e+00	2.053891e-03
2.263866912617529e-03	2.053907e+00	2.053908e-03
2.270702850117529e-03	2.053924e+00	2.053924e-03
2.277538787617529e-03	2.053940e+00	2.053940e-03
2.284374725117529e-03	2.053954e+00	2.053954e-03
2.291210662617529e-03	2.053967e+00	2.053967e-03
2.298046600117529e-03	2.053979e+00	2.053979e-03
2.304882537617529e-03	2.053991e+00	2.053991e-03
2.311718475117529e-03	2.054002e+00	2.054002e-03
2.318554412617529e-03	2.054012e+00	2.054012e-03
2.325390350117529e-03	2.054021e+00	2.054021e-03
2.332226287617529e-03	2.054030e+00	2.054030e-03
2.339062225117529e-03	2.054039e+00	2.054039e-03
2.345898162617529e-03	2.054046e+00	2.054046e-03
2.352734100117529e-03	2.054053e+00	2.054053e-03
2.359570037617529e-03	2.054060e+00	2.054060e-03
2.366405975117529e-03	2.054066e+00	2.054066e-03
2.373241912617529e-03	2.054072e+00	2.054072e-03
2.380077850117529e-03	2.054077e+00	2.054078e-03
2.386913787617529e-03	2.054082e+00	2.054083e-03
2.393749725117529e-03	2.054087e+00	2.054088e-03
2.400585662617529e-03	2.054092e+00	2.054092e-03
2.407421600117529e-03	2.054096e+00	2.054096e-03
2.414257537617529e-03	2.054100e+00	2.054100e-03
2.421093475117529e-03	2.054103e+00	2.054104e-03
2.427929412617529e-03	2.054107e+00	2.054107e-03
2.434765350117529e-03	2.054110e+00	2.054110e-03
2.441601287617529e-03	2.054113e+00	2.054113e-03
2.448437225117529e-03	2.054116e+00	2.054116e-03
2.455273162617529e-03	2.054118e+00	2.054118e-03
2.462109100117529e-03	2.054121e+00	2.054121e-03
2.468945037617529e-03	2.054123e+00	2.054123e-03
2.475780975117529e-03	2.054125e+00	2.054125e-03
2.482616912617529e-03	2.054127e+00	2.054127e-03
2.489452850117529e-03	2.054129e+00	2.054129e-03
2.496288787617529e-03	2.054130e+00	2.054130e-03
2.503124725117529e-03	2.054132e+00	2.054132e-03
2.509960662617529e-03	2.054133e+00	2.054133e-03
2.516796600117529e-03	2.054135e+00	2.054135e-03
2.523632537617529e-03	2.054136e+00	2.054136e-03
2.530468475117529e-03	2.054137e+00	2.054137e-03
2.537304412617529e-03	2.054138e+00	2.054139e-03
2.544140350117529e-03	2.054139e+00	2.054140e-03
2.550976287617529e-03	2.054140e+00	2.054140e-03
2.557812225117529e-03	2.054141e+00	2.054141e-03
2.564648162617529e-03	2.054142e+00	2.054142e-03
2.571484100117529e-03	2.054143e+00	2.054143e-03
2.578320037617529e-03	2.054144e+00	2.054144e-03
2.585155975117529e-03	2.054144e+00	2.054145e-03
2.591991912617529e-03	2.054145e+00	2.054145e-03
2.598827850117529e-03	2.054146e+00	2.054146e-03
2.605663787617529e-03	2.054146e+00	2.054146e-03
2.612499725117529e-03	2.054147e+00	2.054147e-03
2.619335662617529e-03	2.054147e+00	2.054147e-03
2.626171600117529e-03	2.054148e+00	2.054148e-03
2.633007537617529e-03	2.054148e+00	2.054148e-03
2.639843475117529e-03	2.054148e+00	2.054149e-03
2.646679412617529e-03	2.054149e+00	2.054149e-03
2.653515350117529e-03	2.054149e+00	2.054150e-03
2.660351287617529e-03	2.054149e+00	2.054150e-03
2.667187225117529e-03	2.054150e+00	2.054150e-03
2.674023162617529e-03	2.054150e+00	2.054150e-03
2.680859100117529e-03	2.054150e+00	2.054151e-03
2.687695037617529e-03	2.054151e+00	2.054151e-03
2.694530975117529e-03	2.054151e+00	2.054151e-03
2.701366912617529e-03	2.054151e+00	2.054151e-03
2.708202850117529e-03	2.054151e+00	2.054152e-03
2.715038787617529e-03	2.054152e+00	2.054152e-03
2.721874725117529e-03	2.054152e+00	2.054152e-03
2.728710662617529e-03	2.054152e+00	2.054152e-03
2.735546600117529e-03	2.054152e+00	2.054152e-03
2.742382537617529e-03	2.054152e+00	2.054152e-03
2.749218475117529e-03	2.054152e+00	2.054153e-03
2.756054412617529e-03	2.054152e+00	2.054153e-03
2.762890350117529e-03	2.054152e+00	2.054153e-03
2.769726287617529e-03	2.054153e+00	2.054153e-03
2.776562225117529e-03	2.054153e+00	2.054153e-03
2.783398162617529e-03	2.054153e+00	2.054153e-03
2.790234100117529e-03	2.054153e+00	2.054153e-03
2.797070037617529e-03	2.054153e+00	2.054153e-03
2.803905975117529e-03	2.054153e+00	2.054153e-03
2.810741912617529e-03	2.054153e+00	2.054153e-03
2.817577850117529e-03	2.054153e+00	2.054153e-03
2.824413787617529e-03	2.054153e+00	2.054153e-03
2.831249725117529e-03	2.054153e+00	2.054153e-03
2.838085662617529e-03	2.054153e+00	2.054153e-03
2.844921600117529e-03	2.054153e+00	2.054153e-03
2.851757537617529e-03	2.054153e+00	2.054153e-03
2.858593475117529e-03	2.054153e+00	2.054154e-03
2.865429412617529e-03	2.054153e+00	2.054154e-03
2.872265350117529e-03	2.054154e+00	2.054154e-03
2.879101287617529e-03	2.054154e+00	2.054154e-03
2.885937225117529e-03	2.054154e+00	2.054154e-03
2.892773162617529e-03	2.054154e+00	2.054154e-03
2.899609100117529e-03	2.054154e+00	2.054154e-03
2.906445037617529e-03	2.054154e+00	2.054154e-03
2.913280975117529e-03	2.054154e+00	2.054154e-03
2.920116912617529e-03	2.054154e+00	2.054154e-03
2.926952850117529e-03	2.054154e+00	2.054154e-03
2.933788787617529e-03	2.054154e+00	2.054154e-03
2.940624725117529e-03	2.054154e+00	2.054154e-03
2.947460662617529e-03	2.054154e+00	2.054154e-03
2.954296600117529e-03	2.054154e+00	2.054154e-03
2.961132537617529e-03	2.054154e+00	2.054154e-03
2.967968475117529e-03	2.054154e+00	2.054154e-03
2.974804412617529e-03	2.054154e+00	2.054154e-03
2.981640350117529e-03	2.054154e+00	2.054154e-03
2.988476287617529e-03	2.054154e+00	2.054154e-03
2.995312225117529e-03	2.054154e+00	2.054154e-03
3.002148162617529e-03	2.054154e+00	2.054154e-03
3.015820037617529e-03	2.054154e+00	2.054154e-03
3.022655975117529e-03	2.054154e+00	2.054154e-03
3.029491912617529e-03	2.054154e+00	2.054154e-03
3.036327850117529e-03	2.054154e+00	2.054154e-03
3.043163787617529e-03	2.054154e+00	2.054154e-03
3.049999725117529e-03	2.054154e+00	2.054154e-03
3.056835662617529e-03	2.054154e+00	2.054154e-03
3.063671600117529e-03	2.054154e+00	2.054154e-03
3.070507537617529e-03	2.054154e+00	2.054154e-03
3.077343475117529e-03	2.054154e+00	2.054154e-03
3.084179412617529e-03	2.054154e+00	2.054154e-03
3.091015350117529e-03	2.054154e+00	2.054154e-03
3.104687225117529e-03	2.054154e+00	2.054154e-03
3.111523162617529e-03	2.054154e+00	2.054154e-03
3.118359100117529e-03	2.054154e+00	2.054154e-03
3.125195037617529e-03	2.054154e+00	2.054154e-03
3.132030975117529e-03	2.054154e+00	2.054154e-03
3.138866912617529e-03	2.054154e+00	2.054154e-03
3.145702850117529e-03	2.054154e+00	2.054154e-03
3.152538787617529e-03	2.054154e+00	2.054154e-03
3.159374725117529e-03	2.054154e+00	2.054154e-03
3.166210662617529e-03	2.054154e+00	2.054154e-03
3.173046600117529e-03	2.054154e+00	2.054154e-03
3.179882537617529e-03	2.054154e+00	2.054154e-03
3.193554412617529e-03	2.054154e+00	2.054154e-03
3.207226287617529e-03	2.054154e+00	2.054154e-03
3.214062225117529e-03	2.054154e+00	2.054154e-03
3.220898162617529e-03	2.054154e+00	2.054154e-03
3.227734100117529e-03	2.054154e+00	2.054154e-03
3.234570037617529e-03	2.054154e+00	2.054154e-03
3.241405975117529e-03	2.054154e+00	2.054154e-03
3.248241912617529e-03	2.054154e+00	2.054154e-03
3.255077850117529e-03	2.054154e+00	2.054154e-03
3.261913787617529e-03	2.054154e+00	2.054154e-03
3.268749725117529e-03	2.054154e+00	2.054154e-03
3.282421600117529e-03	2.054154e+00	2.054154e-03
3.296093475117529e-03	2.054154e+00	2.054154e-03
3.309765350117529e-03	2.054154e+00	2.054154e-03
3.323437225117529e-03	2.054154e+00	2.054154e-03
3.330273162617529e-03	2.054154e+00	2.054154e-03
3.343945037617529e-03	2.054154e+00	2.054154e-03
3.357616912617529e-03	2.054154e+00	2.054154e-03
3.371288787617529e-03	2.054154e+00	2.054154e-03
3.384960662617529e-03	2.054154e+00	2.054154e-03
3.405468475117529e-03	2.054154e+00	2.054154e-03
3.419140350117529e-03	2.054154e+00	2.054154e-03
3.432812225117529e-03	2.054154e+00	2.054154e-03
3.453320037617529e-03	2.054154e+00	2.054154e-03
3.993359100117529e-03	2.054154e+00	2.054154e-03
4.000000000000000e-03	1.029138e+00	9.531407e-01
4.000013351440430e-03	5.886612e-03	1.905058e+00
4.000013428404278e-03	1.931532e-10	1.912408e+00
4.000013582331976e-03	1.937517e-10	1.918334e+00
4.000013724622296e-03	1.940462e-10	1.921249e+00
4.000013870847708e-03	1.942107e-10	1.922878e+00
4.000014080342036e-03	1.943991e-10	1.924743e+00
4.000014295944453e-03	1.945628e-10	1.926365e+00
4.000014663996027e-03	1.947945e-10	1.928659e+00
4.000015139635223e-03	1.950279e-10	1.930970e+00
4.000016090913614e-03	1.953396e-10	1.934056e+00
4.000017852550814e-03	1.956401e-10	1.937031e+00
4.000020019020102e-03	1.957354e-10	1.937974e+00
4.000022711425547e-03	1.956470e-10	1.937099e+00
4.000025792338929e-03	1.954550e-10	1.935198e+00
4.000029612613162e-03	1.951843e-10	1.932518e+00
4.000032376977978e-03	1.949799e-10	1.930494e+00
4.000034673413698e-03	1.948116e-10	1.928828e+00
4.000037606903796e-03	1.946043e-10	1.926775e+00
4.000039295048865e-03	1.944868e-10	1.925611e+00
4.000041132851306e-03	1.943592e-10	1.924348e+00
4.000043347595208e-03	1.942058e-10	1.922830e+00
4.000046136672533e-03	1.940132e-10	1.920923e+00
4.000049348112340e-03	1.937918e-10	1.918731e+00
4.000053595729842e-03	1.934993e-10	1.915835e+00
4.000059243621085e-03	1.931110e-10	1.911990e+00
4.000067738110382e-03	1.925283e-10	1.906221e+00
4.000080157993140e-03	1.916792e-10	1.897814e+00
4.000099173362218e-03	1.903852e-10	1.885002e+00
4.000118719997089e-03	1.890631e-10	1.871912e+00
4.000138315589963e-03	1.877479e-10	1.858890e+00
4.000157255901692e-03	1.864878e-10	1.846414e+00
4.000173474369148e-03	1.854194e-10	1.835836e+00
4.000189648253960e-03	1.843657e-10	1.825403e+00
4.000208014500488e-03	1.831831e-10	1.813694e+00
4.000225714539500e-03	1.820588e-10	1.802563e+00
4.000246495825895e-03	1.807627e-10	1.789730e+00
4.000267961259038e-03	1.795319e-10	1.777544e+00
4.000288280605304e-03	1.786098e-10	1.768414e+00
4.000311349199196e-03	1.777197e-10	1.759601e+00
4.000333408618900e-03	1.767229e-10	1.749732e+00
4.000358102247270e-03	1.754007e-10	1.736641e+00
4.000383081116364e-03	1.739765e-10	1.722540e+00
4.000415226918671e-03	1.721165e-10	1.704124e+00
4.000444701373763e-03	1.704256e-10	1.687382e+00
4.000476366973379e-03	1.686378e-10	1.669681e+00
4.000505022074401e-03	1.670520e-10	1.653981e+00
4.000544101014869e-03	1.649411e-10	1.633080e+00
4.000598287425820e-03	1.620949e-10	1.604900e+00
4.000654216345483e-03	1.592545e-10	1.576777e+00
4.000722716737225e-03	1.559098e-10	1.543661e+00
4.000802433887040e-03	1.522083e-10	1.507013e+00
4.000941232728235e-03	1.461485e-10	1.447015e+00
4.001085005402574e-03	1.403953e-10	1.390053e+00
4.001372550751253e-03	1.301792e-10	1.288903e+00
4.001733138040139e-03	1.192411e-10	1.180606e+00
4.002304363809670e-03	1.051111e-10	1.040704e+00
4.002958243746399e-03	9.215090e-11	9.123852e-01
4.003552900251970e-03	8.279890e-11	8.197913e-01
4.004119642620247e-03	7.569177e-11	7.494236e-01
4.004764334992693e-03	6.900244e-11	6.831924e-01
4.005027910347408e-03	6.666436e-11	6.600433e-01
4.005302609761362e-03	6.452914e-11	6.389025e-01
4.005570951887767e-03	6.262879e-11	6.200872e-01
4.005793209735754e-03	6.119005e-11	6.058421e-01
4.006000283178946e-03	5.996106e-11	5.936740e-01
4.006225005036415e-03	5.873991e-11	5.815834e-01
4.006494240350913e-03	5.740678e-11	5.683841e-01
4.006746970430346e-03	5.628521e-11	5.572795e-01
4.007106354870084e-03	5.487622e-11	5.433289e-01
4.007437362035357e-03	5.376785e-11	5.323548e-01
4.008022160883968e-03	5.216090e-11	5.164444e-01
4.008551300651273e-03	5.108133e-11	5.057557e-01
4.009311542739312e-03	5.031973e-11	4.982151e-01
4.009796900384714e-03	5.102660e-11	5.052139e-01
4.010417892748717e-03	5.421463e-11	5.367786e-01
4.010788309677558e-03	5.745299e-11	5.688416e-01
4.011079399309753e-03	6.064000e-11	6.003962e-01
4.011411303520439e-03	6.435754e-11	6.372035e-01
4.011660715741183e-03	6.705426e-11	6.639038e-01
4.011967588513334e-03	7.027053e-11	6.957480e-01
4.012541811931533e-03	7.619988e-11	7.544543e-01
4.013115842313532e-03	8.208771e-11	8.127497e-01
4.014097062380790e-03	9.215007e-11	9.123769e-01
4.015460767846400e-03	1.061859e-10	1.051346e+00
4.016733956694514e-03	1.193172e-10	1.181359e+00
4.018338064382861e-03	1.357415e-10	1.343975e+00
4.019230245510102e-03	1.445216e-10	1.430907e+00
4.020059699073008e-03	1.519021e-10	1.503982e+00
4.020890518385761e-03	1.582084e-10	1.566420e+00
4.021528945496247e-03	1.622248e-10	1.606186e+00
4.022324108753647e-03	1.664926e-10	1.648441e+00
4.023366118932787e-03	1.715943e-10	1.698954e+00
4.024529447999857e-03	1.770187e-10	1.752661e+00
4.026040111877471e-03	1.838931e-10	1.820724e+00
4.027984081286552e-03	1.925918e-10	1.906849e+00
4.031408116609526e-03	2.076112e-10	2.055556e+00
4.037125789340430e-03	2.320584e-10	2.297608e+00
4.043961726840429e-03	2.603867e-10	2.578086e+00
4.050797664340430e-03	2.877248e-10	2.848761e+00
4.057633601840430e-03	3.140676e-10	3.109580e+00
4.064469539340430e-03	3.394504e-10	3.360895e+00
4.071305476840430e-03	3.639075e-10	3.603044e+00
4.078141414340430e-03	3.874722e-10	3.836358e+00
4.084977351840430e-03	4.101768e-10	4.061158e+00
4.091813289340430e-03	4.320528e-10	4.277752e+00
4.098649226840429e-03	4.531304e-10	4.486441e+00
4.105485164340430e-03	4.734386e-10	4.687511e+00
4.112321101840430e-03	4.930055e-10	4.881242e+00
4.119157039340430e-03	5.118580e-10	5.067901e+00
4.125992976840430e-03	5.300222e-10	5.247745e+00
4.132828914340430e-03	5.475233e-10	5.421023e+00
4.139664851840430e-03	5.643856e-10	5.587976e+00
4.146500789340430e-03	5.806323e-10	5.748835e+00
4.153336726840430e-03	5.962859e-10	5.903821e+00
4.160172664340430e-03	6.113680e-10	6.053148e+00
4.167008601840430e-03	6.258994e-10	6.197025e+00
4.173844539340429e-03	6.399005e-10	6.335649e+00
4.180680476840430e-03	6.533905e-10	6.469213e+00
4.187516414340430e-03	6.663879e-10	6.597901e+00
4.194352351840430e-03	6.789109e-10	6.721891e+00
4.201188289340430e-03	6.909768e-10	6.841355e+00
4.208024226840430e-03	7.026023e-10	6.956459e+00
4.214860164340430e-03	7.138034e-10	7.067361e+00
4.221696101840430e-03	7.245957e-10	7.174215e+00
4.228532039340429e-03	7.349941e-10	7.277169e+00
4.235367976840430e-03	7.450128e-10	7.376365e+00
4.242203914340430e-03	7.546658e-10	7.471940e+00
4.249039851840430e-03	7.639665e-10	7.564026e+00
4.255875789340430e-03	7.729278e-10	7.652752e+00
4.262711726840430e-03	7.815621e-10	7.738239e+00
4.269547664340430e-03	7.898812e-10	7.820607e+00
4.276383601840430e-03	7.978967e-10	7.899968e+00
4.283219539340430e-03	8.056196e-10	7.976433e+00
4.290055476840430e-03	8.130607e-10	8.050107e+00
4.296891414340430e-03	8.202304e-10	8.121093e+00
4.303727351840429e-03	8.271382e-10	8.189488e+00
4.310563289340430e-03	8.337940e-10	8.255387e+00
4.317399226840430e-03	8.402070e-10	8.318882e+00
4.324235164340430e-03	8.463861e-10	8.380059e+00
4.331071101840430e-03	8.523395e-10	8.439004e+00
4.337907039340430e-03	8.580756e-10	8.495798e+00
4.344742976840430e-03	8.636026e-10	8.550520e+00
4.351578914340430e-03	8.689280e-10	8.603245e+00
4.358414851840429e-03	8.740588e-10	8.654046e+00
4.365250789340430e-03	8.790024e-10	8.702993e+00
4.372086726840430e-03	8.837655e-10	8.750155e+00
4.378922664340430e-03	8.883549e-10	8.795596e+00
4.385758601840430e-03	8.927770e-10	8.839379e+00
4.392594539340430e-03	8.970377e-10	8.881564e+00
4.399430476840430e-03	9.011431e-10	8.922212e+00
4.406266414340430e-03	9.050989e-10	8.961374e+00
4.413102351840430e-03	9.089101e-10	8.999109e+00
4.419938289340430e-03	9.125821e-10	9.035467e+00
4.426774226840430e-03	9.161203e-10	9.070498e+00
4.433610164340429e-03	9.195295e-10	9.104252e+00
4.440446101840430e-03	9.228144e-10	9.136774e+00
4.447282039340430e-03	9.259793e-10	9.168110e+00
4.454117976840430e-03	9.290286e-10	9.198303e+00
4.460953914340430e-03	9.319665e-10	9.227394e+00
4.467789851840430e-03	9.347976e-10	9.255424e+00
4.474625789340430e-03	9.375254e-10	9.282432e+00
4.481461726840430e-03	9.401537e-10	9.308453e+00
4.488297664340429e-03	9.426863e-10	9.333526e+00
4.495133601840430e-03	9.451263e-10	9.357684e+00
4.501969539340430e-03	9.474773e-10	9.380961e+00
4.508805476840430e-03	9.497425e-10	9.403390e+00
4.515641414340430e-03	9.519250e-10	9.424999e+00
4.522477351840430e-03	9.540279e-10	9.445822e+00
4.529313289340430e-03	9.560542e-10	9.465883e+00
4.536149226840430e-03	9.580067e-10	9.485214e+00
4.542985164340430e-03	9.598877e-10	9.503839e+00
4.549821101840430e-03	9.617004e-10	9.521786e+00
4.556657039340430e-03	9.634468e-10	9.539078e+00
4.563492976840429e-03	9.651295e-10	9.555738e+00
4.570328914340430e-03	9.667508e-10	9.571792e+00
4.577164851840430e-03	9.683129e-10	9.587259e+00
4.584000789340430e-03	9.698182e-10	9.602163e+00
4.590836726840430e-03	9.712688e-10	9.616523e+00
4.597672664340430e-03	9.726664e-10	9.630360e+00
4.604508601840430e-03	9.740128e-10	9.643691e+00
4.611344539340430e-03	9.753101e-10	9.656536e+00
4.618180476840429e-03	9.765602e-10	9.668913e+00
4.625016414340430e-03	9.777648e-10	9.680839e+00
4.631852351840430e-03	9.789253e-10	9.692329e+00
4.638688289340430e-03	9.800435e-10	9.703401e+00
4.645524226840430e-03	9.811210e-10	9.714068e+00
4.652360164340430e-03	9.821590e-10	9.724348e+00
4.659196101840430e-03	9.831593e-10	9.734251e+00
4.666032039340430e-03	9.841232e-10	9.743794e+00
4.672867976840430e-03	9.850519e-10	9.752989e+00
4.679703914340430e-03	9.859469e-10	9.761848e+00
4.686539851840430e-03	9.868090e-10	9.770385e+00
4.693375789340429e-03	9.876396e-10	9.778610e+00
4.700211726840430e-03	9.884400e-10	9.786535e+00
4.707047664340430e-03	9.892110e-10	9.794171e+00
4.713883601840430e-03	9.899542e-10	9.801529e+00
4.720719539340430e-03	9.906704e-10	9.808619e+00
4.727555476840430e-03	9.913604e-10	9.815450e+00
4.734391414340430e-03	9.920250e-10	9.822032e+00
4.741227351840430e-03	9.926655e-10	9.828374e+00
4.748063289340430e-03	9.932829e-10	9.834484e+00
4.754899226840430e-03	9.938776e-10	9.840373e+00
4.761735164340430e-03	9.944509e-10	9.846046e+00
4.768571101840429e-03	9.950030e-10	9.851513e+00
4.782242976840430e-03	9.960475e-10	9.861855e+00
4.789078914340430e-03	9.965412e-10	9.866745e+00
4.795914851840430e-03	9.970169e-10	9.871457e+00
4.802750789340430e-03	9.974755e-10	9.875998e+00
4.809586726840430e-03	9.979174e-10	9.880371e+00
4.816422664340430e-03	9.983432e-10	9.884586e+00
4.823258601840429e-03	9.987532e-10	9.888648e+00
4.830094539340430e-03	9.991485e-10	9.892562e+00
4.836930476840430e-03	9.995295e-10	9.896333e+00
4.843766414340430e-03	9.998966e-10	9.899966e+00
4.850602351840430e-03	1.000250e-09	9.903467e+00
4.857438289340430e-03	1.000591e-09	9.906841e+00
4.871110164340430e-03	1.001236e-09	9.913224e+00
4.877946101840430e-03	1.001540e-09	9.916243e+00
4.884782039340430e-03	1.001834e-09	9.919151e+00
4.891617976840430e-03	1.002117e-09	9.921953e+00
4.898453914340429e-03	1.002390e-09	9.924654e+00
4.905289851840430e-03	1.002653e-09	9.927256e+00
4.912125789340430e-03	1.002906e-09	9.929763e+00
4.918961726840430e-03	1.003150e-09	9.932179e+00
4.925797664340430e-03	1.003385e-09	9.934507e+00
4.932633601840430e-03	1.003612e-09	9.936750e+00
4.939469539340430e-03	1.003830e-09	9.938913e+00
4.946305476840430e-03	1.004041e-09	9.940996e+00
4.953141414340429e-03	1.004243e-09	9.943005e+00
4.959977351840430e-03	1.004439e-09	9.944939e+00
4.973649226840430e-03	1.004808e-09	9.948601e+00
4.980485164340430e-03	1.004983e-09	9.950333e+00
4.987321101840430e-03	1.005152e-09	9.952003e+00
4.993164062500000e-03	1.005292e-09	9.953382e+00
5.000000000000000e-03	1.005449e-09	9.954937e+00
5.006835937500000e-03	1.005600e-09	9.956440e+00
5.013671875000000e-03	1.005746e-09	9.957888e+00
5.020507812500000e-03	1.005887e-09	9.959282e+00
5.027343750000000e-03	1.006023e-09	9.960627e+00
5.034179687500000e-03	1.006154e-09	9.961924e+00
5.041015625000000e-03	1.006280e-09	9.963173e+00
5.047851562500000e-03	1.006402e-09	9.964377e+00
5.054687500000000e-03	1.006519e-09	9.965538e+00
5.061523437500000e-03	1.006632e-09	9.966658e+00
5.068359375000000e-03	1.006741e-09	9.967735e+00
5.075195312500000e-03	1.006846e-09	9.968775e+00
5.082031250000000e-03	1.006947e-09	9.969777e+00
5.088867187500000e-03	1.007045e-09	9.970743e+00
5.095703125000000e-03	1.007139e-09	9.971674e+00
5.102539062500000e-03	1.007230e-09	9.972572e+00
5.109375000000000e-03	1.007317e-09	9.973437e+00
5.116210937500000e-03	1.007401e-09	9.974271e+00
5.123046875000000e-03	1.007483e-09	9.975075e+00
5.129882812500000e-03	1.007561e-09	9.975849e+00
5.136718750000000e-03	1.007636e-09	9.976595e+00
5.143554687500000e-03	1.007709e-09	9.977314e+00
5.150390625000000e-03	1.007779e-09	9.978006e+00
5.157226562500000e-03	1.007846e-09	9.978674e+00
5.164062500000000e-03	1.007911e-09	9.979317e+00
5.170898437500000e-03	1.007973e-09	9.979937e+00
5.177734375000000e-03	1.008034e-09	9.980534e+00
5.184570312500000e-03	1.008092e-09	9.981110e+00
5.191406250000000e-03	1.008148e-09	9.981663e+00
5.198242187500000e-03	1.008202e-09	9.982197e+00
5.205078125000000e-03	1.008254e-09	9.982711e+00
5.211914062500000e-03	1.008304e-09	9.983206e+00
5.218750000000000e-03	1.008352e-09	9.983683e+00
5.225585937500000e-03	1.008398e-09	9.984142e+00
5.232421875000000e-03	1.008443e-09	9.984586e+00
5.239257812500000e-03	1.008486e-09	9.985012e+00
5.246093750000000e-03	1.008527e-09	9.985422e+00
5.252929687500000e-03	1.008568e-09	9.985818e+00
5.259765625000000e-03	1.008606e-09	9.986198e+00
5.266601562500000e-03	1.008643e-09	9.986566e+00
5.273437500000000e-03	1.008679e-09	9.986918e+00
5.280273437500000e-03	1.008713e-09	9.987259e+00
5.287109375000000e-03	1.008746e-09	9.987587e+00
5.293945312500000e-03	1.008778e-09	9.987903e+00
5.300781250000000e-03	1.008809e-09	9.988206e+00
5.307617187500000e-03	1.008838e-09	9.988499e+00
5.314453125000000e-03	1.008867e-09	9.988781e+00
5.321289062500000e-03	1.008894e-09	9.989052e+00
5.328125000000000e-03	1.008920e-09	9.989313e+00
5.334960937500000e-03	1.008946e-09	9.989565e+00
5.341796875000000e-03	1.008970e-09	9.989807e+00
5.355468750000000e-03	1.009017e-09	9.990266e+00
5.369140625000000e-03	1.009060e-09	9.990690e+00
5.382812500000000e-03	1.009099e-09	9.991083e+00
5.396484375000000e-03	1.009136e-09	9.991449e+00
5.410156250000000e-03	1.009170e-09	9.991787e+00
5.430664062500000e-03	1.009217e-09	9.992249e+00
5.451171875000000e-03	1.009259e-09	9.992661e+00
5.471679687500000e-03	1.009296e-09	9.993029e+00
5.492187500000000e-03	1.009329e-09	9.993357e+00
5.512695312500000e-03	1.009358e-09	9.993649e+00
5.533203125000000e-03	1.009385e-09	9.993910e+00
5.553710937500000e-03	1.009409e-09	9.994143e+00
5.574218750000000e-03	1.009429e-09	9.994350e+00
5.594726562500000e-03	1.009448e-09	9.994535e+00
5.615234375000000e-03	1.009465e-09	9.994700e+00
5.635742187500000e-03	1.009480e-09	9.994847e+00
5.656250000000000e-03	1.009493e-09	9.994979e+00
5.676757812500000e-03	1.009505e-09	9.995096e+00
5.697265625000000e-03	1.009515e-09	9.995200e+00
5.717773437500000e-03	1.009525e-09	9.995294e+00
5.738281250000000e-03	1.009533e-09	9.995377e+00
5.758789062500000e-03	1.009540e-09	9.995451e+00
5.779296875000000e-03	1.009547e-09	9.995516e+00
5.799804687500000e-03	1.009553e-09	9.995575e+00
5.820312500000000e-03	1.009558e-09	9.995627e+00
5.840820312500000e-03	1.009563e-09	9.995674e+00
5.861328125000000e-03	1.009567e-09	9.995715e+00
5.881835937500000e-03	1.009571e-09	9.995752e+00
5.902343750000000e-03	1.009574e-09	9.995786e+00
5.916015625000000e-03	1.009576e-09	9.995806e+00
5.936523437500000e-03	1.009579e-09	9.995832e+00
5.957031250000000e-03	1.009581e-09	9.995857e+00
5.977539062500000e-03	1.009584e-09	9.995879e+00
5.998046875000000e-03	1.009586e-09	9.995898e+00
6.018554687500000e-03	1.009587e-09	9.995915e+00
6.039062500000000e-03	1.009589e-09	9.995931e+00
6.059570312500000e-03	1.009591e-09	9.995945e+00
6.080078125000000e-03	1.009592e-09	9.995956e+00
6.100585937500000e-03	1.009593e-09	9.995968e+00
6.121093750000000e-03	1.009594e-09	9.995977e+00
6.141601562500000e-03	1.009594e-09	9.995986e+00
6.162109375000000e-03	1.009595e-09	9.995994e+00
6.182617187500000e-03	1.009596e-09	9.996000e+00
6.203125000000000e-03	1.009596e-09	9.996006e+00
6.223632812500000e-03	1.009597e-09	9.996012e+00
6.244140625000000e-03	1.009598e-09	9.996017e+00
6.264648437500000e-03	1.009598e-09	9.996021e+00
6.282226562500000e-03	1.009598e-09	9.996025e+00
6.299804687500000e-03	1.009599e-09	9.996028e+00
6.317382812500000e-03	1.009599e-09	9.996030e+00
6.334960937500000e-03	1.009599e-09	9.996033e+00
6.352539062500000e-03	1.009599e-09	9.996035e+00
6.370117187500001e-03	1.009600e-09	9.996037e+00
6.387695312500000e-03	1.009600e-09	9.996038e+00
6.406250000000000e-03	1.009600e-09	9.996040e+00
6.424804687500001e-03	1.009600e-09	9.996042e+00
6.443359375000001e-03	1.009600e-09	9.996043e+00
6.461914062500000e-03	1.009600e-09	9.996045e+00
6.480468750000000e-03	1.009601e-09	9.996046e+00
6.499023437500000e-03	1.009601e-09	9.996047e+00
6.517578125000000e-03	1.009601e-09	9.996048e+00
6.539062500000001e-03	1.009601e-09	9.996049e+00
6.560546875000000e-03	1.009601e-09	9.996050e+00
6.582031250000000e-03	1.009601e-09	9.996050e+00
6.603515625000000e-03	1.009601e-09	9.996051e+00
6.625000000000001e-03	1.009601e-09	9.996052e+00
6.646484375000000e-03	1.009601e-09	9.996052e+00
6.667968750000000e-03	1.009601e-09	9.996053e+00
6.694335937500000e-03	1.009601e-09	9.996053e+00
6.720703125000001e-03	1.009601e-09	9.996053e+00
6.747070312500001e-03	1.009601e-09	9.996054e+00
6.773437500000000e-03	1.009601e-09	9.996054e+00
6.799804687500000e-03	1.009601e-09	9.996054e+00
6.826171875000000e-03	1.009601e-09	9.996055e+00
6.852539062500000e-03	1.009601e-09	9.996056e+00
6.872070312500000e-03	1.009601e-09	9.996056e+00
6.891601562500000e-03	1.009601e-09	9.996056e+00
6.911132812500000e-03	1.009601e-09	9.996056e+00
6.930664062500000e-03	1.009601e-09	9.996056e+00
6.950195312500000e-03	1.009601e-09	9.996056e+00
6.969726562500000e-03	1.009601e-09	9.996056e+00
6.989257812500000e-03	1.009601e-09	9.996056e+00
6.996093750000000e-03	1.009601e-09	9.996056e+00
7.000000000000000e-03	1.009601e-09	9.996056e+00
