time	-I(Rl)	V(vout)
0.000000000000000e+00	1.009601e-09	9.996057e+00
2.000000000000000e-03	1.009601e-09	9.996057e+00
2.000000023841858e-03	1.969310e+01	3.351712e+00
2.000000071525574e-03	1.180163e+01	1.180163e-02
2.000000073015690e-03	1.161627e+01	1.161627e-02
2.000000075995922e-03	1.210375e+01	1.210375e-02
2.000000081956387e-03	1.246036e+01	1.246036e-02
2.000000090418663e-03	1.263369e+01	1.263369e-02
2.000000107343217e-03	1.275541e+01	1.275541e-02
2.000000133952697e-03	1.284360e+01	1.284360e-02
2.000000168067857e-03	1.294036e+01	1.294036e-02
2.000000211449264e-03	1.309717e+01	1.309717e-02
2.000000270781328e-03	1.329965e+01	1.329965e-02
2.000000341463805e-03	1.344596e+01	1.344596e-02
2.000000405478341e-03	1.349462e+01	1.349462e-02
2.000000474182677e-03	1.349681e+01	1.349681e-02
2.000000544988989e-03	1.347416e+01	1.347416e-02
2.000000620867113e-03	1.343309e+01	1.343309e-02
2.000000710800295e-03	1.337100e+01	1.337100e-02
2.000000813118431e-03	1.328943e+01	1.328943e-02
2.000000932499281e-03	1.318590e+01	1.318590e-02
2.000001071028881e-03	1.306087e+01	1.306088e-02
2.000001240039122e-03	1.290825e+01	1.290825e-02
2.000001451259143e-03	1.272531e+01	1.272531e-02
2.000001738988483e-03	1.250050e+01	1.250050e-02
2.000002194060209e-03	1.220627e+01	1.220627e-02
2.000002803504157e-03	1.191521e+01	1.191521e-02
2.000003500379943e-03	1.170614e+01	1.170614e-02
2.000004342162686e-03	1.158056e+01	1.158057e-02
2.000005138923398e-03	1.154967e+01	1.154967e-02
2.000005983195532e-03	1.158096e+01	1.158097e-02
2.000006911984354e-03	1.165979e+01	1.165979e-02
2.000007861830504e-03	1.177254e+01	1.177255e-02
2.000008698001110e-03	1.188511e+01	1.188511e-02
2.000009208525086e-03	1.194952e+01	1.194952e-02
2.000009686646300e-03	1.200395e+01	1.200395e-02
2.000010187938206e-03	1.205668e+01	1.205669e-02
2.000010836935873e-03	1.211748e+01	1.211748e-02
2.000011489344404e-03	1.216960e+01	1.216960e-02
2.000012243686170e-03	1.221720e+01	1.221720e-02
2.000013298214851e-03	1.226651e+01	1.226651e-02
2.000014337249478e-03	1.229988e+01	1.229988e-02
2.000015804635484e-03	1.233029e+01	1.233029e-02
2.000017277281679e-03	1.234979e+01	1.234979e-02
2.000018914455936e-03	1.236186e+01	1.236186e-02
2.000020067433086e-03	1.236051e+01	1.236051e-02
2.000021109118704e-03	1.234948e+01	1.234948e-02
2.000022202379108e-03	1.233499e+01	1.233499e-02
2.000023499963741e-03	1.232065e+01	1.232066e-02
2.000024595699232e-03	1.231170e+01	1.231170e-02
2.000025708353960e-03	1.230642e+01	1.230642e-02
2.000027098435517e-03	1.230442e+01	1.230442e-02
2.000028958918691e-03	1.230655e+01	1.230655e-02
2.000030869591768e-03	1.231235e+01	1.231235e-02
2.000033990023892e-03	1.232544e+01	1.232544e-02
2.000037210116388e-03	1.234040e+01	1.234040e-02
2.000043050253315e-03	1.236813e+01	1.236813e-02
2.000048767835295e-03	1.239618e+01	1.239618e-02
2.000054491172026e-03	1.242870e+01	1.242870e-02
2.000060308893451e-03	1.247329e+01	1.247330e-02
2.000066453324463e-03	1.254306e+01	1.254306e-02
2.000073045154298e-03	1.265673e+01	1.265673e-02
2.000081195800250e-03	1.285917e+01	1.285917e-02
2.000088994925205e-03	1.311464e+01	1.311464e-02
2.000094066051259e-03	1.331860e+01	1.331860e-02
2.000097395792173e-03	1.347558e+01	1.347559e-02
2.000100932257274e-03	1.366526e+01	1.366527e-02
2.000104373684222e-03	1.387500e+01	1.387500e-02
2.000109787792665e-03	1.425164e+01	1.425164e-02
2.000116810499573e-03	1.480488e+01	1.480488e-02
2.000124377796873e-03	1.545993e+01	1.545993e-02
2.000127469871335e-03	1.573124e+01	1.573124e-02
2.000132606845627e-03	1.615372e+01	1.615372e-02
2.000134901520533e-03	1.632016e+01	1.632017e-02
2.000137126310395e-03	1.643620e+01	1.643620e-02
2.000139029571943e-03	1.640729e+01	1.640729e-02
2.000140588487280e-03	1.622238e+01	1.622238e-02
2.000141708457671e-03	1.608878e+01	1.608878e-02
2.000142285328107e-03	1.611066e+01	1.611067e-02
2.000142651531323e-03	1.616456e+01	1.616456e-02
2.000142884196619e-03	1.619770e+01	1.619770e-02
2.000143150341144e-03	1.623415e+01	1.623416e-02
2.000143428032961e-03	1.627118e+01	1.627118e-02
2.000143712379976e-03	1.630723e+01	1.630723e-02
2.000144027074686e-03	1.634524e+01	1.634524e-02
2.000144401571455e-03	1.638858e+01	1.638859e-02
2.000144876379183e-03	1.644205e+01	1.644205e-02
2.000145666895808e-03	1.652786e+01	1.652786e-02
2.000146363215331e-03	1.660101e+01	1.660101e-02
2.000147031122107e-03	1.667016e+01	1.667017e-02
2.000148196668724e-03	1.679145e+01	1.679145e-02
2.000149884242355e-03	1.696938e+01	1.696938e-02
2.000151784162236e-03	1.717500e+01	1.717500e-02
2.000155584001996e-03	1.760077e+01	1.760077e-02
2.000159730020354e-03	1.808629e+01	1.808629e-02
2.000164252764942e-03	1.864875e+01	1.864875e-02
2.000172406172252e-03	1.973653e+01	1.973653e-02
2.000181344380826e-03	2.105640e+01	2.105640e-02
2.000199220797974e-03	2.401323e+01	2.401323e-02
2.000213244791635e-03	2.662140e+01	2.662141e-02
2.000233056254564e-03	3.069656e+01	3.069656e-02
2.000246326650584e-03	3.360545e+01	3.360545e-02
2.000257168276425e-03	3.606905e+01	3.606906e-02
2.000267951562567e-03	3.852510e+01	3.852510e-02
2.000283139715706e-03	4.182758e+01	4.182759e-02
2.000310739325180e-03	4.720190e+01	4.720191e-02
2.000333817133213e-03	5.083195e+01	5.083195e-02
2.000360097736015e-03	5.386374e+01	5.386375e-02
2.000378135612207e-03	5.530203e+01	5.530203e-02
2.000398215632254e-03	5.635049e+01	5.635049e-02
2.000417136167657e-03	5.697734e+01	5.697734e-02
2.000443278687582e-03	5.747355e+01	5.747356e-02
2.000460293492778e-03	5.763461e+01	5.763462e-02
2.000467175122758e-03	5.765577e+01	5.765577e-02
2.000470532714886e-03	5.765709e+01	5.765710e-02
2.000473468106877e-03	5.765536e+01	5.765537e-02
2.000476985616089e-03	5.764980e+01	5.764981e-02
2.000483116780328e-03	5.763387e+01	5.763387e-02
2.000488894198747e-03	5.761190e+01	5.761191e-02
2.000499191693839e-03	5.755849e+01	5.755850e-02
2.000509776597582e-03	5.748761e+01	5.748761e-02
2.000528027065844e-03	5.733599e+01	5.733600e-02
2.000546530260815e-03	5.715597e+01	5.715598e-02
2.000558610315357e-03	5.702432e+01	5.702433e-02
2.000567737025116e-03	5.691706e+01	5.691707e-02
2.000576928479938e-03	5.680362e+01	5.680363e-02
2.000585240550658e-03	5.669666e+01	5.669666e-02
2.000597259353751e-03	5.653518e+01	5.653519e-02
2.000608986039078e-03	5.637021e+01	5.637021e-02
2.000624098343627e-03	5.614614e+01	5.614614e-02
2.000639626593573e-03	5.590143e+01	5.590143e-02
2.000660817665964e-03	5.553930e+01	5.553931e-02
2.000689988682760e-03	5.498566e+01	5.498567e-02
2.000720506824368e-03	5.433144e+01	5.433144e-02
2.000745489700481e-03	5.372051e+01	5.372052e-02
2.000768375979506e-03	5.308147e+01	5.308148e-02
2.000791329429233e-03	5.234481e+01	5.234481e-02
2.000820512401654e-03	5.124431e+01	5.124431e-02
2.000861583762495e-03	4.940545e+01	4.940546e-02
2.000918133899201e-03	4.651567e+01	4.651568e-02
2.000979310863680e-03	4.321129e+01	4.321129e-02
2.001043418323646e-03	3.980439e+01	3.980439e-02
2.001116647442535e-03	3.611932e+01	3.611932e-02
2.001195375791661e-03	3.238331e+01	3.238331e-02
2.001271449742539e-03	2.894669e+01	2.894669e-02
2.001331480417655e-03	2.637149e+01	2.637149e-02
2.001392959525577e-03	2.397562e+01	2.397563e-02
2.001453676582749e-03	2.199138e+01	2.199138e-02
2.001514232880800e-03	2.041340e+01	2.041340e-02
2.001567901146107e-03	1.929003e+01	1.929003e-02
2.001626231055064e-03	1.828603e+01	1.828603e-02
2.001691640937932e-03	1.733910e+01	1.733910e-02
2.001753842223886e-03	1.657627e+01	1.657627e-02
2.001820549187590e-03	1.586974e+01	1.586974e-02
2.001857415912775e-03	1.552199e+01	1.552200e-02
2.001899393427130e-03	1.515908e+01	1.515908e-02
2.001941674171288e-03	1.481852e+01	1.481852e-02
2.001986780617600e-03	1.448667e+01	1.448667e-02
2.002069926327405e-03	1.393603e+01	1.393603e-02
2.002162883306089e-03	1.339647e+01	1.339648e-02
2.002311933423357e-03	1.265362e+01	1.265362e-02
2.002446263072268e-03	1.207232e+01	1.207233e-02
2.002535377278750e-03	1.173165e+01	1.173165e-02
2.002600929081467e-03	1.150262e+01	1.150262e-02
2.002666330779550e-03	1.128880e+01	1.128880e-02
2.002731334177139e-03	1.108658e+01	1.108658e-02
2.002774627327250e-03	1.095747e+01	1.095747e-02
2.002797957242738e-03	1.088939e+01	1.088939e-02
2.002810959958355e-03	1.085304e+01	1.085304e-02
2.002819307644167e-03	1.082973e+01	1.082973e-02
2.002826567934464e-03	1.080913e+01	1.080913e-02
2.002834374460091e-03	1.078768e+01	1.078768e-02
2.002844552796616e-03	1.075968e+01	1.075968e-02
2.002854044738604e-03	1.073368e+01	1.073368e-02
2.002865471015585e-03	1.070267e+01	1.070267e-02
2.002878706748468e-03	1.066697e+01	1.066697e-02
2.002894400570511e-03	1.062515e+01	1.062515e-02
2.002914747366146e-03	1.057161e+01	1.057161e-02
2.002941853250807e-03	1.050163e+01	1.050163e-02
2.002980842436703e-03	1.040354e+01	1.040354e-02
2.003041961079401e-03	1.025575e+01	1.025575e-02
2.003147373776643e-03	1.001544e+01	1.001544e-02
2.003315959855935e-03	9.663166e+00	9.663167e-03
2.003595213750148e-03	9.145119e+00	9.145120e-03
2.003991306832804e-03	8.505960e+00	8.505962e-03
2.004403837701587e-03	7.938952e+00	7.938952e-03
2.005044721299829e-03	7.195175e+00	7.195176e-03
2.005750661661765e-03	6.510511e+00	6.510512e-03
2.006883466750035e-03	5.607295e+00	5.607296e-03
2.008068964418863e-03	4.844937e+00	4.844938e-03
2.009922877588005e-03	3.881336e+00	3.881336e-03
2.010777509428908e-03	3.512508e+00	3.512508e-03
2.011730144743086e-03	3.163496e+00	3.163496e-03
2.012384057865294e-03	2.949754e+00	2.949754e-03
2.013004025795273e-03	2.780678e+00	2.780678e-03
2.013652282149816e-03	2.687180e+00	2.687180e-03
2.014180282930955e-03	2.757877e+00	2.757877e-03
2.014698770766110e-03	2.964753e+00	2.964753e-03
2.014990959691520e-03	3.090492e+00	3.090492e-03
2.015165004094723e-03	3.151838e+00	3.151838e-03
2.015371980920790e-03	3.220546e+00	3.220547e-03
2.015533207403039e-03	3.276158e+00	3.276159e-03
2.015710050189174e-03	3.338269e+00	3.338270e-03
2.015879558569841e-03	3.397823e+00	3.397824e-03
2.016080762369643e-03	3.468436e+00	3.468437e-03
2.016354953392636e-03	3.565169e+00	3.565169e-03
2.016896007313044e-03	3.758882e+00	3.758882e-03
2.017906465714480e-03	4.119177e+00	4.119177e-03
2.018760925746184e-03	4.395941e+00	4.395941e-03
2.019190325638082e-03	4.489370e+00	4.489370e-03
2.019528412504779e-03	4.514525e+00	4.514526e-03
2.019695978108298e-03	4.510725e+00	4.510725e-03
2.019789838249111e-03	4.505164e+00	4.505164e-03
2.019804906585849e-03	4.504193e+00	4.504194e-03
2.019816087671048e-03	4.503424e+00	4.503424e-03
2.019828455374047e-03	4.502541e+00	4.502541e-03
2.019847109960506e-03	4.501178e+00	4.501178e-03
2.019866999371581e-03	4.499653e+00	4.499653e-03
2.019894687307899e-03	4.497416e+00	4.497415e-03
2.019933542534190e-03	4.494046e+00	4.494046e-03
2.019989879032320e-03	4.488796e+00	4.488797e-03
2.020050197440827e-03	4.482766e+00	4.482767e-03
2.020139932894597e-03	4.473277e+00	4.473277e-03
2.020247411599828e-03	4.461411e+00	4.461412e-03
2.020462369010290e-03	4.436741e+00	4.436742e-03
2.020892283831214e-03	4.386155e+00	4.386155e-03
2.021384079541856e-03	4.329013e+00	4.329014e-03
2.022367670963142e-03	4.222858e+00	4.222858e-03
2.024334853805712e-03	4.037584e+00	4.037585e-03
2.026791537816045e-03	3.854546e+00	3.854546e-03
2.031704905836710e-03	3.593456e+00	3.593456e-03
2.036835430520983e-03	3.407368e+00	3.407368e-03
2.039709957246622e-03	3.337611e+00	3.337611e-03
2.041499230259897e-03	3.306141e+00	3.306141e-03
2.043278937502882e-03	3.281705e+00	3.281706e-03
2.046838351988851e-03	3.243745e+00	3.243745e-03
2.050189791427101e-03	3.209540e+00	3.209540e-03
2.050445446304205e-03	3.209425e+00	3.209426e-03
2.050956756058413e-03	3.210536e+00	3.210537e-03
2.051979375566830e-03	3.204689e+00	3.204689e-03
2.052612155964305e-03	3.201171e+00	3.201171e-03
2.052698153186147e-03	3.200687e+00	3.200688e-03
2.052870147629831e-03	3.199669e+00	3.199670e-03
2.053153194111380e-03	3.197873e+00	3.197874e-03
2.053401149756511e-03	3.196134e+00	3.196135e-03
2.053551944686589e-03	3.194562e+00	3.194562e-03
2.053623944147206e-03	3.192700e+00	3.192700e-03
2.053689640041168e-03	3.189237e+00	3.189237e-03
2.053745847274462e-03	3.184781e+00	3.184781e-03
2.053805828954982e-03	3.178914e+00	3.178914e-03
2.053925792316023e-03	3.166211e+00	3.166212e-03
2.054045167879050e-03	3.152652e+00	3.152652e-03
2.054215021504366e-03	3.129840e+00	3.129841e-03
2.054392345129465e-03	3.099236e+00	3.099237e-03
2.054591901281195e-03	3.055681e+00	3.055681e-03
2.054803709745361e-03	3.000857e+00	3.000857e-03
2.055033449076134e-03	2.932700e+00	2.932701e-03
2.055402801720227e-03	2.809934e+00	2.809935e-03
2.055793179276965e-03	2.667824e+00	2.667824e-03
2.056418914932572e-03	2.427731e+00	2.427731e-03
2.057070959569563e-03	2.182581e+00	2.182581e-03
2.058271266731162e-03	1.773914e+00	1.773914e-03
2.059358624087856e-03	1.472363e+00	1.472363e-03
2.060599645155355e-03	1.224154e+00	1.224154e-03
2.062054407287559e-03	1.029074e+00	1.029074e-03
2.063606828969915e-03	8.956848e-01	8.956850e-04
2.065818882853598e-03	7.746050e-01	7.746051e-04
2.068163789280479e-03	6.937366e-01	6.937367e-04
2.071726356602400e-03	6.186739e-01	6.186740e-04
2.075598153115905e-03	5.648952e-01	5.648952e-04
2.080822887777448e-03	5.127805e-01	5.127805e-04
2.085870167978152e-03	4.723495e-01	4.723495e-04
2.091081458559431e-03	4.371685e-01	4.371686e-04
2.096059918369914e-03	4.082148e-01	4.082149e-04
2.101504232924048e-03	3.808365e-01	3.808365e-04
2.107095476533811e-03	3.566231e-01	3.566231e-04
2.113334583670664e-03	3.335979e-01	3.335979e-04
2.120033083851380e-03	3.127952e-01	3.127952e-04
2.127835146316513e-03	2.927254e-01	2.927254e-04
2.135647646316513e-03	2.762341e-01	2.762342e-04
2.143460146316513e-03	2.628276e-01	2.628277e-04
2.151272646316513e-03	2.519231e-01	2.519231e-04
2.159085146316513e-03	2.430531e-01	2.430531e-04
2.166897646316513e-03	2.358397e-01	2.358397e-04
2.174710146316513e-03	2.299674e-01	2.299674e-04
2.182522646316513e-03	2.251943e-01	2.251944e-04
2.190335146316513e-03	2.213089e-01	2.213089e-04
2.198147646316513e-03	2.181483e-01	2.181483e-04
2.205960146316513e-03	2.155770e-01	2.155770e-04
2.213772646316513e-03	2.134840e-01	2.134840e-04
2.221585146316513e-03	2.117831e-01	2.117831e-04
2.229397646316513e-03	2.103969e-01	2.103969e-04
2.237210146316513e-03	2.092699e-01	2.092699e-04
2.245022646316513e-03	2.083529e-01	2.083529e-04
2.252835146316513e-03	2.076063e-01	2.076063e-04
2.260647646316513e-03	2.069992e-01	2.069992e-04
2.268460146316513e-03	2.065039e-01	2.065039e-04
2.276272646316513e-03	2.061019e-01	2.061019e-04
2.284085146316513e-03	2.057743e-01	2.057743e-04
2.291897646316513e-03	2.055073e-01	2.055073e-04
2.299710146316513e-03	2.052901e-01	2.052901e-04
2.307522646316513e-03	2.051130e-01	2.051131e-04
2.315335146316513e-03	2.049694e-01	2.049694e-04
2.323147646316513e-03	2.048517e-01	2.048517e-04
2.330960146316513e-03	2.047560e-01	2.047560e-04
2.338772646316513e-03	2.046782e-01	2.046782e-04
2.346585146316513e-03	2.046147e-01	2.046147e-04
2.354397646316513e-03	2.045629e-01	2.045629e-04
2.362210146316513e-03	2.045204e-01	2.045204e-04
2.370022646316513e-03	2.044861e-01	2.044861e-04
2.377835146316513e-03	2.044580e-01	2.044580e-04
2.385647646316513e-03	2.044348e-01	2.044349e-04
2.393460146316513e-03	2.044161e-01	2.044161e-04
2.401272646316513e-03	2.044007e-01	2.044007e-04
2.409085146316513e-03	2.043882e-01	2.043883e-04
2.416897646316513e-03	2.043778e-01	2.043779e-04
2.424710146316513e-03	2.043694e-01	2.043694e-04
2.432522646316513e-03	2.043625e-01	2.043625e-04
2.440335146316513e-03	2.043568e-01	2.043569e-04
2.448147646316513e-03	2.043521e-01	2.043522e-04
2.455960146316513e-03	2.043482e-01	2.043483e-04
2.463772646316513e-03	2.043451e-01	2.043451e-04
2.471585146316513e-03	2.043425e-01	2.043426e-04
2.479397646316513e-03	2.043403e-01	2.043403e-04
2.487210146316513e-03	2.043385e-01	2.043385e-04
2.495022646316513e-03	2.043370e-01	2.043371e-04
2.502835146316513e-03	2.043358e-01	2.043358e-04
2.510647646316513e-03	2.043347e-01	2.043348e-04
2.518460146316513e-03	2.043339e-01	2.043339e-04
2.526272646316513e-03	2.043332e-01	2.043332e-04
2.534085146316513e-03	2.043326e-01	2.043326e-04
2.541897646316513e-03	2.043320e-01	2.043320e-04
2.549710146316513e-03	2.043316e-01	2.043316e-04
2.557522646316513e-03	2.043312e-01	2.043312e-04
2.565335146316513e-03	2.043309e-01	2.043309e-04
2.573147646316513e-03	2.043306e-01	2.043306e-04
2.580960146316513e-03	2.043304e-01	2.043304e-04
2.588772646316513e-03	2.043302e-01	2.043302e-04
2.596585146316513e-03	2.043300e-01	2.043300e-04
2.604397646316513e-03	2.043298e-01	2.043298e-04
2.612210146316513e-03	2.043297e-01	2.043297e-04
2.620022646316513e-03	2.043296e-01	2.043296e-04
2.627835146316513e-03	2.043295e-01	2.043295e-04
2.635647646316513e-03	2.043294e-01	2.043294e-04
2.643460146316513e-03	2.043293e-01	2.043293e-04
2.651272646316513e-03	2.043292e-01	2.043293e-04
2.659085146316513e-03	2.043292e-01	2.043292e-04
2.666897646316513e-03	2.043291e-01	2.043291e-04
2.674710146316513e-03	2.043290e-01	2.043291e-04
2.682522646316513e-03	2.043290e-01	2.043290e-04
2.690335146316513e-03	2.043290e-01	2.043290e-04
2.698147646316513e-03	2.043289e-01	2.043289e-04
2.705960146316513e-03	2.043289e-01	2.043289e-04
2.713772646316513e-03	2.043288e-01	2.043289e-04
2.721585146316513e-03	2.043288e-01	2.043289e-04
2.729397646316513e-03	2.043288e-01	2.043288e-04
2.737210146316513e-03	2.043288e-01	2.043288e-04
2.745022646316513e-03	2.043287e-01	2.043288e-04
2.752835146316513e-03	2.043287e-01	2.043288e-04
2.760647646316513e-03	2.043287e-01	2.043287e-04
2.768460146316513e-03	2.043287e-01	2.043287e-04
2.776272646316513e-03	2.043287e-01	2.043287e-04
2.784085146316513e-03	2.043287e-01	2.043287e-04
2.791897646316513e-03	2.043286e-01	2.043287e-04
2.799710146316513e-03	2.043286e-01	2.043287e-04
2.807522646316513e-03	2.043286e-01	2.043287e-04
2.815335146316513e-03	2.043286e-01	2.043286e-04
2.823147646316513e-03	2.043286e-01	2.043286e-04
2.830960146316513e-03	2.043286e-01	2.043286e-04
2.838772646316513e-03	2.043286e-01	2.043286e-04
2.846585146316513e-03	2.043286e-01	2.043286e-04
2.854397646316513e-03	2.043286e-01	2.043286e-04
2.862210146316513e-03	2.043286e-01	2.043286e-04
2.870022646316513e-03	2.043286e-01	2.043286e-04
2.877835146316513e-03	2.043286e-01	2.043286e-04
2.885647646316513e-03	2.043286e-01	2.043286e-04
2.893460146316513e-03	2.043285e-01	2.043286e-04
2.901272646316513e-03	2.043285e-01	2.043286e-04
2.909085146316513e-03	2.043285e-01	2.043286e-04
2.916897646316513e-03	2.043285e-01	2.043285e-04
2.924710146316513e-03	2.043285e-01	2.043285e-04
2.932522646316513e-03	2.043285e-01	2.043285e-04
2.940335146316513e-03	2.043285e-01	2.043285e-04
2.948147646316513e-03	2.043285e-01	2.043285e-04
2.955960146316513e-03	2.043285e-01	2.043285e-04
2.963772646316513e-03	2.043285e-01	2.043285e-04
2.971585146316513e-03	2.043285e-01	2.043285e-04
2.979397646316513e-03	2.043285e-01	2.043285e-04
2.987210146316513e-03	2.043285e-01	2.043285e-04
2.995022646316513e-03	2.043285e-01	2.043285e-04
3.002835146316513e-03	2.043285e-01	2.043285e-04
3.010647646316513e-03	2.043285e-01	2.043285e-04
3.018460146316513e-03	2.043285e-01	2.043285e-04
3.026272646316513e-03	2.043285e-01	2.043285e-04
3.034085146316513e-03	2.043285e-01	2.043285e-04
3.041897646316513e-03	2.043285e-01	2.043285e-04
3.049710146316513e-03	2.043285e-01	2.043285e-04
3.057522646316513e-03	2.043285e-01	2.043285e-04
3.065335146316513e-03	2.043285e-01	2.043285e-04
3.073147646316513e-03	2.043285e-01	2.043285e-04
3.080960146316513e-03	2.043285e-01	2.043285e-04
3.088772646316513e-03	2.043285e-01	2.043285e-04
3.096585146316513e-03	2.043285e-01	2.043285e-04
3.104397646316513e-03	2.043285e-01	2.043285e-04
3.112210146316513e-03	2.043285e-01	2.043285e-04
3.120022646316513e-03	2.043285e-01	2.043285e-04
3.127835146316513e-03	2.043285e-01	2.043285e-04
3.135647646316513e-03	2.043285e-01	2.043285e-04
3.143460146316513e-03	2.043285e-01	2.043285e-04
3.151272646316513e-03	2.043285e-01	2.043285e-04
3.159085146316513e-03	2.043285e-01	2.043285e-04
3.166897646316513e-03	2.043285e-01	2.043285e-04
3.174710146316513e-03	2.043285e-01	2.043285e-04
3.182522646316513e-03	2.043285e-01	2.043285e-04
3.190335146316513e-03	2.043285e-01	2.043285e-04
3.198147646316513e-03	2.043285e-01	2.043285e-04
3.205960146316513e-03	2.043285e-01	2.043285e-04
3.213772646316513e-03	2.043285e-01	2.043285e-04
3.221585146316513e-03	2.043285e-01	2.043285e-04
3.229397646316513e-03	2.043285e-01	2.043285e-04
3.237210146316513e-03	2.043285e-01	2.043285e-04
3.245022646316513e-03	2.043285e-01	2.043285e-04
3.252835146316513e-03	2.043285e-01	2.043285e-04
3.260647646316513e-03	2.043285e-01	2.043285e-04
3.268460146316513e-03	2.043285e-01	2.043285e-04
3.276272646316513e-03	2.043285e-01	2.043285e-04
3.284085146316513e-03	2.043285e-01	2.043285e-04
3.291897646316513e-03	2.043285e-01	2.043285e-04
3.299710146316513e-03	2.043285e-01	2.043285e-04
3.307522646316513e-03	2.043285e-01	2.043285e-04
3.315335146316513e-03	2.043285e-01	2.043285e-04
3.323147646316513e-03	2.043285e-01	2.043285e-04
3.330960146316513e-03	2.043285e-01	2.043285e-04
3.338772646316513e-03	2.043285e-01	2.043285e-04
3.346585146316513e-03	2.043285e-01	2.043285e-04
3.354397646316513e-03	2.043285e-01	2.043285e-04
3.362210146316513e-03	2.043285e-01	2.043285e-04
3.370022646316513e-03	2.043285e-01	2.043285e-04
3.377835146316513e-03	2.043285e-01	2.043285e-04
3.385647646316513e-03	2.043285e-01	2.043285e-04
3.393460146316513e-03	2.043285e-01	2.043285e-04
3.401272646316513e-03	2.043285e-01	2.043285e-04
3.409085146316513e-03	2.043285e-01	2.043285e-04
3.416897646316513e-03	2.043285e-01	2.043285e-04
3.424710146316513e-03	2.043285e-01	2.043285e-04
3.440335146316513e-03	2.043285e-01	2.043285e-04
3.455960146316513e-03	2.043285e-01	2.043285e-04
3.471585146316513e-03	2.043285e-01	2.043285e-04
3.487210146316513e-03	2.043285e-01	2.043285e-04
3.502835146316513e-03	2.043285e-01	2.043285e-04
3.518460146316513e-03	2.043285e-01	2.043285e-04
3.534085146316513e-03	2.043285e-01	2.043285e-04
3.549710146316513e-03	2.043285e-01	2.043285e-04
3.573147646316513e-03	2.043285e-01	2.043285e-04
3.979397646316513e-03	2.043285e-01	2.043285e-04
3.987210146316513e-03	2.043281e-01	2.043281e-04
3.992187500000000e-03	2.043284e-01	2.043284e-04
4.000000000000000e-03	1.294644e-01	4.492937e-02
4.002848759942749e-03	3.240202e-02	8.973687e-02
4.004171879989745e-03	8.644497e-12	8.558907e-02
4.004830704639945e-03	7.167402e-12	7.096436e-02
4.005163371587665e-03	6.627701e-12	6.562079e-02
4.005285759395326e-03	6.451179e-12	6.387305e-02
4.005339124083025e-03	6.378184e-12	6.315035e-02
4.005370504867703e-03	6.338769e-12	6.276011e-02
4.005410348892434e-03	6.289219e-12	6.226951e-02
4.005449727565330e-03	6.240753e-12	6.178964e-02
4.005496838942499e-03	6.183792e-12	6.122566e-02
4.005556022090850e-03	6.113996e-12	6.053462e-02
4.005628742732953e-03	6.031102e-12	5.971389e-02
4.005715322287749e-03	5.937166e-12	5.878381e-02
4.005888481397340e-03	5.761441e-12	5.704397e-02
4.006088745636120e-03	5.578769e-12	5.523533e-02
4.006489274113681e-03	5.277198e-12	5.224949e-02
4.007245690844031e-03	4.874281e-12	4.826022e-02
4.008319827450196e-03	4.686012e-12	4.639616e-02
4.009322282243153e-03	5.309495e-12	5.256926e-02
4.010256376446510e-03	7.090604e-12	7.020398e-02
4.010858307487351e-03	8.975551e-12	8.886683e-02
4.011292098906357e-03	1.041006e-11	1.030699e-01
4.011828016120119e-03	1.168132e-11	1.156567e-01
4.012158724053656e-03	1.206157e-11	1.194215e-01
4.012476437139771e-03	1.215576e-11	1.203541e-01
4.012817932227781e-03	1.214256e-11	1.202234e-01
4.013221970912740e-03	1.209217e-11	1.197245e-01
4.013908704280608e-03	1.209069e-11	1.197098e-01
4.014633248715203e-03	1.229742e-11	1.217567e-01
4.015419969086035e-03	1.278850e-11	1.266188e-01
4.016530374583576e-03	1.369898e-11	1.356334e-01
4.017690447469763e-03	1.461898e-11	1.447424e-01
4.019302188018792e-03	1.571683e-11	1.556123e-01
4.020939952697029e-03	1.676872e-11	1.660269e-01
4.023146623780482e-03	1.824136e-11	1.806075e-01
4.025459585784682e-03	1.980384e-11	1.960776e-01
4.030085509793080e-03	2.288776e-11	2.266115e-01
4.035119771677761e-03	2.624105e-11	2.598124e-01
4.042932271677761e-03	3.144423e-11	3.113290e-01
4.050744771677761e-03	3.664302e-11	3.628022e-01
4.058557271677761e-03	4.184308e-11	4.142880e-01
4.066369771677761e-03	4.704285e-11	4.657709e-01
4.074182271677761e-03	5.224458e-11	5.172732e-01
4.081994771677761e-03	5.744658e-11	5.687779e-01
4.089807271677761e-03	6.264971e-11	6.202942e-01
4.097619771677761e-03	6.785335e-11	6.718156e-01
4.105432271677761e-03	7.305748e-11	7.233417e-01
4.113244771677761e-03	7.826225e-11	7.748739e-01
4.121057271677761e-03	8.346710e-11	8.264068e-01
4.128869771677761e-03	8.867248e-11	8.779452e-01
4.136682271677761e-03	9.387783e-11	9.294834e-01
4.144494771677761e-03	9.908355e-11	9.810252e-01
4.152307271677761e-03	1.042892e-10	1.032567e+00
4.160119771677761e-03	1.094951e-10	1.084110e+00
4.167932271677761e-03	1.147011e-10	1.135655e+00
4.175744771677761e-03	1.199071e-10	1.187199e+00
4.183557271677761e-03	1.251131e-10	1.238744e+00
4.191369771677761e-03	1.303192e-10	1.290289e+00
4.199182271677761e-03	1.355253e-10	1.341835e+00
4.206994771677761e-03	1.407313e-10	1.393380e+00
4.214807271677761e-03	1.459374e-10	1.444925e+00
4.222619771677761e-03	1.511435e-10	1.496470e+00
4.230432271677761e-03	1.563495e-10	1.548015e+00
4.238244771677761e-03	1.615555e-10	1.599560e+00
4.246057271677761e-03	1.667615e-10	1.651104e+00
4.253869771677761e-03	1.719675e-10	1.702649e+00
4.261682271677761e-03	1.771734e-10	1.754192e+00
4.269494771677761e-03	1.823793e-10	1.805736e+00
4.277307271677761e-03	1.875852e-10	1.857279e+00
4.285119771677761e-03	1.927910e-10	1.908822e+00
4.292932271677761e-03	1.979968e-10	1.960365e+00
4.300744771677761e-03	2.032026e-10	2.011907e+00
4.308557271677761e-03	2.084083e-10	2.063449e+00
4.316369771677761e-03	2.136140e-10	2.114990e+00
4.324182271677761e-03	2.188196e-10	2.166531e+00
4.331994771677761e-03	2.240253e-10	2.218072e+00
4.339807271677761e-03	2.292308e-10	2.269612e+00
4.347619771677761e-03	2.344363e-10	2.321152e+00
4.355432271677761e-03	2.396419e-10	2.372692e+00
4.363244771677761e-03	2.448473e-10	2.424231e+00
4.371057271677761e-03	2.500526e-10	2.475769e+00
4.378869771677761e-03	2.552580e-10	2.527308e+00
4.386682271677761e-03	2.604634e-10	2.578845e+00
4.394494771677761e-03	2.656687e-10	2.630383e+00
4.402307271677761e-03	2.708739e-10	2.681920e+00
4.410119771677761e-03	2.760790e-10	2.733456e+00
4.417932271677761e-03	2.812842e-10	2.784992e+00
4.425744771677761e-03	2.864893e-10	2.836528e+00
4.433557271677761e-03	2.916944e-10	2.888063e+00
4.441369771677761e-03	2.968994e-10	2.939599e+00
4.449182271677761e-03	3.021044e-10	2.991133e+00
4.456994771677761e-03	3.073093e-10	3.042667e+00
4.464807271677761e-03	3.125142e-10	3.094201e+00
4.472619771677761e-03	3.177191e-10	3.145734e+00
4.480432271677761e-03	3.229240e-10	3.197267e+00
4.488244771677761e-03	3.281287e-10	3.248800e+00
4.496057271677761e-03	3.333335e-10	3.300332e+00
4.503869771677761e-03	3.385382e-10	3.351863e+00
4.511682271677761e-03	3.437429e-10	3.403395e+00
4.519494771677761e-03	3.489475e-10	3.454926e+00
4.527307271677761e-03	3.541521e-10	3.506456e+00
4.535119771677761e-03	3.593566e-10	3.557986e+00
4.542932271677761e-03	3.645611e-10	3.609516e+00
4.550744771677761e-03	3.697655e-10	3.661045e+00
4.558557271677761e-03	3.749699e-10	3.712574e+00
4.566369771677761e-03	3.801743e-10	3.764102e+00
4.574182271677761e-03	3.853786e-10	3.815630e+00
4.581994771677761e-03	3.905829e-10	3.867158e+00
4.589807271677761e-03	3.957872e-10	3.918685e+00
4.605432271677761e-03	4.061955e-10	4.021739e+00
4.613244771677761e-03	4.113996e-10	4.073265e+00
4.621057271677761e-03	4.166038e-10	4.124790e+00
4.628869771677761e-03	4.218079e-10	4.176316e+00
4.636682271677761e-03	4.270118e-10	4.227840e+00
4.644494771677762e-03	4.322158e-10	4.279365e+00
4.652307271677762e-03	4.374197e-10	4.330889e+00
4.660119771677762e-03	4.426237e-10	4.382413e+00
4.667932271677762e-03	4.478276e-10	4.433936e+00
4.675744771677762e-03	4.530313e-10	4.485459e+00
4.683557271677762e-03	4.582350e-10	4.536982e+00
4.691369771677762e-03	4.634388e-10	4.588504e+00
4.699182271677762e-03	4.686425e-10	4.640026e+00
4.706994771677762e-03	4.738461e-10	4.691547e+00
4.714807271677762e-03	4.790497e-10	4.743068e+00
4.722619771677762e-03	4.842535e-10	4.794589e+00
4.730432271677762e-03	4.894571e-10	4.846109e+00
4.738244771677762e-03	4.946606e-10	4.897629e+00
4.746057271677761e-03	4.998640e-10	4.949148e+00
4.753869771677761e-03	5.050673e-10	5.000667e+00
4.761682271677761e-03	5.102708e-10	5.052186e+00
4.769494771677761e-03	5.154742e-10	5.103704e+00
4.777307271677761e-03	5.206775e-10	5.155222e+00
4.785119771677761e-03	5.258808e-10	5.206740e+00
4.792932271677761e-03	5.310840e-10	5.258257e+00
4.800744771677761e-03	5.362870e-10	5.309774e+00
4.808557271677761e-03	5.414901e-10	5.361290e+00
4.816369771677761e-03	5.466933e-10	5.412807e+00
4.824182271677761e-03	5.518965e-10	5.464322e+00
4.831994771677761e-03	5.570995e-10	5.515838e+00
4.839807271677761e-03	5.623025e-10	5.567353e+00
4.847619771677761e-03	5.675055e-10	5.618867e+00
4.855432271677761e-03	5.727085e-10	5.670382e+00
4.863244771677761e-03	5.779114e-10	5.721895e+00
4.871057271677761e-03	5.831143e-10	5.773409e+00
4.878869771677761e-03	5.883171e-10	5.824922e+00
4.886682271677761e-03	5.935198e-10	5.876435e+00
4.894494771677761e-03	5.987227e-10	5.927947e+00
4.902307271677761e-03	6.039255e-10	5.979459e+00
4.910119771677761e-03	6.091281e-10	6.030971e+00
4.917932271677761e-03	6.143308e-10	6.082482e+00
4.925744771677761e-03	6.195334e-10	6.133993e+00
4.933557271677761e-03	6.247359e-10	6.185503e+00
4.941369771677761e-03	6.299384e-10	6.237014e+00
4.949182271677761e-03	6.351408e-10	6.288524e+00
4.956994771677761e-03	6.403432e-10	6.340033e+00
4.964807271677761e-03	6.455457e-10	6.391541e+00
4.972619771677761e-03	6.507480e-10	6.443050e+00
4.980432271677761e-03	6.559502e-10	6.494558e+00
4.988244771677761e-03	6.611525e-10	6.546065e+00
4.992187500000000e-03	6.637780e-10	6.572060e+00
5.000000000000000e-03	6.689801e-10	6.623566e+00
5.007812500000000e-03	6.741822e-10	6.675072e+00
5.015625000000000e-03	6.793843e-10	6.726578e+00
5.023437500000000e-03	6.845863e-10	6.778083e+00
5.031250000000000e-03	6.897883e-10	6.829587e+00
5.039062500000000e-03	6.949902e-10	6.881090e+00
5.046875000000000e-03	7.001918e-10	6.932592e+00
5.054687500000000e-03	7.053934e-10	6.984093e+00
5.062500000000000e-03	7.105950e-10	7.035593e+00
5.070312500000000e-03	7.157964e-10	7.087092e+00
5.078125000000000e-03	7.209974e-10	7.138589e+00
5.085937500000000e-03	7.261983e-10	7.190084e+00
5.093750000000000e-03	7.313991e-10	7.241576e+00
5.101562500000000e-03	7.365996e-10	7.293066e+00
5.109375000000000e-03	7.417997e-10	7.344553e+00
5.117187500000000e-03	7.469996e-10	7.396035e+00
5.125000000000000e-03	7.521989e-10	7.447513e+00
5.132812500000000e-03	7.573975e-10	7.498985e+00
5.140625000000000e-03	7.625955e-10	7.550450e+00
5.148437500000000e-03	7.677927e-10	7.601908e+00
5.156250000000000e-03	7.729889e-10	7.653355e+00
5.164062500000000e-03	7.781837e-10	7.704790e+00
5.171875000000000e-03	7.833771e-10	7.756210e+00
5.179687500000000e-03	7.885689e-10	7.807612e+00
5.187500000000000e-03	7.937583e-10	7.858993e+00
5.195312500000000e-03	7.989450e-10	7.910347e+00
5.203125000000000e-03	8.041287e-10	7.961669e+00
5.210937500000000e-03	8.093083e-10	8.012953e+00
5.218750000000000e-03	8.144830e-10	8.064188e+00
5.226562500000000e-03	8.196521e-10	8.115366e+00
5.234375000000000e-03	8.248140e-10	8.166474e+00
5.242187500000000e-03	8.299672e-10	8.217498e+00
5.250000000000000e-03	8.351102e-10	8.268417e+00
5.257812500000000e-03	8.402404e-10	8.319212e+00
5.265625000000000e-03	8.453552e-10	8.369854e+00
5.273437500000000e-03	8.504517e-10	8.420312e+00
5.281250000000000e-03	8.555255e-10	8.470547e+00
5.289062500000000e-03	8.605721e-10	8.520514e+00
5.296875000000000e-03	8.655858e-10	8.570156e+00
5.304687500000000e-03	8.705603e-10	8.619410e+00
5.312500000000000e-03	8.754881e-10	8.668200e+00
5.320312500000000e-03	8.803602e-10	8.716437e+00
5.328125000000000e-03	8.851665e-10	8.764023e+00
5.335937500000000e-03	8.898956e-10	8.810846e+00
5.343750000000000e-03	8.945355e-10	8.856789e+00
5.351562500000000e-03	8.990740e-10	8.901724e+00
5.359375000000000e-03	9.034986e-10	8.945530e+00
5.367187500000000e-03	9.077975e-10	8.988092e+00
5.375000000000000e-03	9.119606e-10	9.029313e+00
5.382812500000000e-03	9.159808e-10	9.069118e+00
5.390625000000000e-03	9.198536e-10	9.107463e+00
5.398437500000000e-03	9.235772e-10	9.144330e+00
5.406250000000000e-03	9.271525e-10	9.179727e+00
5.414062500000000e-03	9.305818e-10	9.213680e+00
5.421875000000000e-03	9.338695e-10	9.246234e+00
5.429687500000000e-03	9.370209e-10	9.277434e+00
5.437500000000000e-03	9.400408e-10	9.307334e+00
5.445312500000000e-03	9.429347e-10	9.335987e+00
5.453125000000000e-03	9.457080e-10	9.363443e+00
5.460937500000000e-03	9.483653e-10	9.389756e+00
5.468750000000000e-03	9.509121e-10	9.414972e+00
5.476562500000000e-03	9.533528e-10	9.439138e+00
5.484375000000000e-03	9.556920e-10	9.462297e+00
5.492187500000000e-03	9.579338e-10	9.484492e+00
5.500000000000000e-03	9.600822e-10	9.505764e+00
5.507812500000000e-03	9.621409e-10	9.526150e+00
5.515625000000000e-03	9.641142e-10	9.545688e+00
5.523437500000000e-03	9.660057e-10	9.564412e+00
5.539062500000000e-03	9.695552e-10	9.599557e+00
5.554687500000000e-03	9.728158e-10	9.631838e+00
5.578125000000000e-03	9.772152e-10	9.675397e+00
5.601562500000000e-03	9.810883e-10	9.713743e+00
5.625000000000000e-03	9.844974e-10	9.747500e+00
5.648437500000000e-03	9.874992e-10	9.777219e+00
5.671875000000000e-03	9.901415e-10	9.803382e+00
5.695312500000000e-03	9.924679e-10	9.826416e+00
5.710937500000000e-03	9.938617e-10	9.840219e+00
5.726562500000000e-03	9.951425e-10	9.852900e+00
5.742187500000000e-03	9.963191e-10	9.864547e+00
5.757812500000000e-03	9.973996e-10	9.875246e+00
5.773437500000000e-03	9.983924e-10	9.885075e+00
5.789062500000000e-03	9.993042e-10	9.894104e+00
5.804687500000000e-03	1.000142e-09	9.902399e+00
5.820312500000000e-03	1.000912e-09	9.910018e+00
5.835937500000000e-03	1.001619e-09	9.917017e+00
5.851562500000000e-03	1.002268e-09	9.923449e+00
5.859375000000000e-03	1.002573e-09	9.926464e+00
5.867187500000000e-03	1.002865e-09	9.929356e+00
5.875000000000000e-03	1.003145e-09	9.932127e+00
5.882812500000000e-03	1.003413e-09	9.934784e+00
5.890625000000000e-03	1.003670e-09	9.937330e+00
5.898437500000000e-03	1.003917e-09	9.939771e+00
5.906250000000000e-03	1.004153e-09	9.942111e+00
5.914062500000000e-03	1.004379e-09	9.944353e+00
5.921875000000000e-03	1.004597e-09	9.946503e+00
5.929687500000000e-03	1.004805e-09	9.948564e+00
5.937500000000000e-03	1.005004e-09	9.950540e+00
5.945312500000000e-03	1.005195e-09	9.952434e+00
5.953125000000000e-03	1.005379e-09	9.954249e+00
5.960937500000000e-03	1.005555e-09	9.955990e+00
5.968750000000000e-03	1.005724e-09	9.957659e+00
5.976562500000000e-03	1.005885e-09	9.959259e+00
5.984375000000000e-03	1.006040e-09	9.960793e+00
5.992187500000000e-03	1.006189e-09	9.962264e+00
6.000000000000000e-03	1.006331e-09	9.963674e+00
6.007812500000000e-03	1.006467e-09	9.965026e+00
6.015625000000000e-03	1.006598e-09	9.966323e+00
6.023437500000000e-03	1.006724e-09	9.967566e+00
6.031250000000000e-03	1.006845e-09	9.968759e+00
6.039062500000000e-03	1.006960e-09	9.969902e+00
6.046875000000000e-03	1.007070e-09	9.970998e+00
6.054687500000000e-03	1.007177e-09	9.972049e+00
6.062500000000000e-03	1.007278e-09	9.973057e+00
6.070312500000000e-03	1.007376e-09	9.974022e+00
6.078125000000000e-03	1.007469e-09	9.974949e+00
6.085937500000000e-03	1.007559e-09	9.975837e+00
6.093750000000000e-03	1.007645e-09	9.976687e+00
6.101562500000000e-03	1.007728e-09	9.977504e+00
6.109375000000000e-03	1.007807e-09	9.978286e+00
6.117187500000000e-03	1.007883e-09	9.979034e+00
6.125000000000000e-03	1.007955e-09	9.979753e+00
6.132812500000000e-03	1.008024e-09	9.980441e+00
6.140625000000000e-03	1.008091e-09	9.981101e+00
6.148437500000000e-03	1.008155e-09	9.981732e+00
6.156250000000000e-03	1.008216e-09	9.982338e+00
6.164062500000000e-03	1.008275e-09	9.982918e+00
6.171875000000000e-03	1.008331e-09	9.983474e+00
6.179687500000000e-03	1.008385e-09	9.984007e+00
6.187500000000000e-03	1.008436e-09	9.984517e+00
6.195312500000000e-03	1.008486e-09	9.985006e+00
6.203125000000000e-03	1.008533e-09	9.985475e+00
6.210937500000000e-03	1.008578e-09	9.985923e+00
6.218750000000000e-03	1.008622e-09	9.986353e+00
6.226562500000000e-03	1.008663e-09	9.986764e+00
6.234375000000000e-03	1.008703e-09	9.987159e+00
6.242187500000000e-03	1.008741e-09	9.987536e+00
6.250000000000000e-03	1.008778e-09	9.987898e+00
6.257812500000000e-03	1.008813e-09	9.988245e+00
6.265625000000000e-03	1.008846e-09	9.988577e+00
6.273437500000000e-03	1.008878e-09	9.988894e+00
6.281250000000000e-03	1.008909e-09	9.989200e+00
6.289062500000000e-03	1.008939e-09	9.989491e+00
6.296875000000000e-03	1.008967e-09	9.989770e+00
6.304687500000000e-03	1.008993e-09	9.990038e+00
6.312500000000000e-03	1.009019e-09	9.990294e+00
6.320312500000000e-03	1.009044e-09	9.990540e+00
6.335937500000000e-03	1.009091e-09	9.990999e+00
6.351562500000000e-03	1.009134e-09	9.991422e+00
6.367187500000000e-03	1.009173e-09	9.991808e+00
6.382812500000000e-03	1.009209e-09	9.992163e+00
6.406250000000000e-03	1.009257e-09	9.992640e+00
6.429687500000000e-03	1.009299e-09	9.993060e+00
6.453125000000000e-03	1.009336e-09	9.993428e+00
6.476562500000000e-03	1.009369e-09	9.993752e+00
6.500000000000000e-03	1.009397e-09	9.994035e+00
6.523437500000000e-03	1.009422e-09	9.994283e+00
6.546875000000000e-03	1.009444e-09	9.994501e+00
6.570312500000000e-03	1.009464e-09	9.994692e+00
6.593750000000000e-03	1.009481e-09	9.994860e+00
6.617187500000000e-03	1.009496e-09	9.995008e+00
6.640625000000000e-03	1.009509e-09	9.995136e+00
6.664062500000000e-03	1.009520e-09	9.995251e+00
6.687500000000000e-03	1.009530e-09	9.995350e+00
6.710937500000000e-03	1.009539e-09	9.995437e+00
6.734375000000000e-03	1.009547e-09	9.995513e+00
6.757812500000000e-03	1.009553e-09	9.995580e+00
6.781250000000000e-03	1.009559e-09	9.995639e+00
6.804687500000000e-03	1.009565e-09	9.995690e+00
6.828125000000000e-03	1.009569e-09	9.995735e+00
6.851562500000000e-03	1.009573e-09	9.995775e+00
6.875000000000000e-03	1.009577e-09	9.995810e+00
6.898437500000000e-03	1.009580e-09	9.995840e+00
6.921875000000000e-03	1.009583e-09	9.995867e+00
6.945312500000000e-03	1.009585e-09	9.995890e+00
6.968750000000000e-03	1.009587e-09	9.995911e+00
6.992187500000000e-03	1.009589e-09	9.995929e+00
7.015625000000000e-03	1.009590e-09	9.995945e+00
7.039062500000000e-03	1.009592e-09	9.995958e+00
7.062500000000000e-03	1.009593e-09	9.995970e+00
7.085937500000000e-03	1.009594e-09	9.995980e+00
7.109375000000000e-03	1.009595e-09	9.995991e+00
7.132812500000000e-03	1.009596e-09	9.995998e+00
7.156250000000000e-03	1.009597e-09	9.996006e+00
7.179687500000000e-03	1.009597e-09	9.996012e+00
7.203125000000000e-03	1.009598e-09	9.996017e+00
7.226562500000000e-03	1.009598e-09	9.996022e+00
7.250000000000000e-03	1.009599e-09	9.996026e+00
7.273437500000000e-03	1.009599e-09	9.996030e+00
7.296875000000000e-03	1.009599e-09	9.996033e+00
7.320312500000000e-03	1.009600e-09	9.996037e+00
7.343750000000000e-03	1.009600e-09	9.996038e+00
7.367187500000000e-03	1.009600e-09	9.996040e+00
7.390625000000000e-03	1.009600e-09	9.996042e+00
7.414062500000000e-03	1.009600e-09	9.996044e+00
7.434151785714285e-03	1.009601e-09	9.996045e+00
7.454241071428571e-03	1.009601e-09	9.996046e+00
7.474330357142856e-03	1.009601e-09	9.996047e+00
7.494419642857143e-03	1.009601e-09	9.996048e+00
7.514508928571429e-03	1.009601e-09	9.996049e+00
7.534598214285714e-03	1.009601e-09	9.996050e+00
7.554687500000000e-03	1.009601e-09	9.996051e+00
7.578125000000000e-03	1.009601e-09	9.996051e+00
7.601562500000000e-03	1.009601e-09	9.996052e+00
7.625000000000000e-03	1.009601e-09	9.996053e+00
7.648437500000000e-03	1.009601e-09	9.996053e+00
7.671875000000000e-03	1.009601e-09	9.996053e+00
7.695312500000000e-03	1.009601e-09	9.996054e+00
7.718750000000000e-03	1.009601e-09	9.996054e+00
7.748883928571429e-03	1.009601e-09	9.996054e+00
7.779017857142857e-03	1.009602e-09	9.996055e+00
7.809151785714286e-03	1.009602e-09	9.996055e+00
7.839285714285714e-03	1.009602e-09	9.996056e+00
7.869419642857142e-03	1.009602e-09	9.996056e+00
7.899553571428571e-03	1.009602e-09	9.996056e+00
7.929687499999999e-03	1.009602e-09	9.996056e+00
7.953125000000000e-03	1.009602e-09	9.996056e+00
7.992187499999999e-03	1.009602e-09	9.996056e+00
8.000000000000000e-03	1.009602e-09	9.996056e+00
