time	V(vout)	-I(Rl)
0.000000000000000e+000	9.996057e+000	-0.000000e+000
6.835937371718615e-011	9.996061e+000	-0.000000e+000
1.367187474343723e-010	9.996064e+000	-0.000000e+000
2.734374948687446e-010	9.996063e+000	-0.000000e+000
5.468749897374892e-010	9.996056e+000	-0.000000e+000
5.469849716792472e-010	9.996056e+000	-0.000000e+000
1.546984971679247e-009	9.996052e+000	-0.000000e+000
2.546984971679247e-009	9.996050e+000	-0.000000e+000
4.546984971679248e-009	9.996051e+000	-0.000000e+000
8.546984971679247e-009	9.996054e+000	-0.000000e+000
1.623163031628784e-008	9.996052e+000	-0.000000e+000
3.038893581463740e-008	9.996055e+000	-0.000000e+000
4.405900773480404e-008	9.996058e+000	-0.000000e+000
6.662980404090159e-008	9.996060e+000	-0.000000e+000
9.388823690924419e-008	9.996062e+000	-0.000000e+000
1.319036640496080e-007	9.996058e+000	-0.000000e+000
1.876524597522209e-007	9.996057e+000	-0.000000e+000
2.655313649802256e-007	9.996059e+000	-0.000000e+000
3.673363882422842e-007	9.996059e+000	-0.000000e+000
4.929196225683310e-007	9.996061e+000	-0.000000e+000
6.523823652861122e-007	9.996063e+000	-0.000000e+000
8.555200421132318e-007	9.996058e+000	-0.000000e+000
1.142412929810517e-006	9.996054e+000	-0.000000e+000
1.607908342181278e-006	9.996056e+000	-0.000000e+000
2.356545686263250e-006	9.996060e+000	-0.000000e+000
3.656420646702444e-006	9.996059e+000	-0.000000e+000
5.514281553306896e-006	9.996057e+000	-0.000000e+000
8.504664569399998e-006	9.996058e+000	-0.000000e+000
1.448543060158620e-005	9.996055e+000	-0.000000e+000
2.067797444803039e-005	9.996053e+000	-0.000000e+000
2.751391194803039e-005	9.996055e+000	-0.000000e+000
3.434984944803039e-005	9.996056e+000	-0.000000e+000
4.118578694803039e-005	9.996056e+000	-0.000000e+000
4.802172444803039e-005	9.996056e+000	-0.000000e+000
5.485766194803039e-005	9.996056e+000	-0.000000e+000
6.169359944803039e-005	9.996056e+000	-0.000000e+000
6.852953694803040e-005	9.996056e+000	-0.000000e+000
7.536547444803040e-005	9.996056e+000	-0.000000e+000
8.220141194803041e-005	9.996056e+000	-0.000000e+000
8.903734944803042e-005	9.996056e+000	-0.000000e+000
9.587328694803042e-005	9.996056e+000	-0.000000e+000
1.027092244480304e-004	9.996056e+000	-0.000000e+000
1.163810994480304e-004	9.996056e+000	-0.000000e+000
1.290764119480305e-004	9.996056e+000	-0.000000e+000
1.417717244480305e-004	9.996056e+000	-0.000000e+000
1.544670369480305e-004	9.996056e+000	-0.000000e+000
1.671623494480305e-004	9.996056e+000	-0.000000e+000
1.798576619480305e-004	9.996056e+000	-0.000000e+000
1.925529744480305e-004	9.996056e+000	-0.000000e+000
2.052482869480305e-004	9.996056e+000	-0.000000e+000
3.585685994480300e-004	9.996056e+000	-0.000000e+000
5.118889119480295e-004	9.996056e+000	-0.000000e+000
6.652092244480290e-004	9.996056e+000	-0.000000e+000
8.185295369480285e-004	9.996056e+000	-0.000000e+000
9.718498494480280e-004	9.996056e+000	-0.000000e+000
1.125170161948028e-003	9.996056e+000	-0.000000e+000
1.278490474448027e-003	9.996056e+000	-0.000000e+000
1.982592036948017e-003	9.996056e+000	-0.000000e+000
1.989427974448017e-003	9.996061e+000	-0.000000e+000
1.993164062500000e-003	9.996062e+000	-0.000000e+000
2.000000000000000e-003	9.996045e+000	-0.000000e+000
2.000000020861626e-003	7.017656e-002	3.691642e+001
2.000000021158712e-003	7.384257e-009	3.692128e+001
2.000000021752886e-003	7.194174e-009	3.597087e+001
2.000000021901429e-003	7.154536e-009	3.577268e+001
2.000000022198515e-003	7.114941e-009	3.557470e+001
2.000000147198515e-003	3.403302e-009	1.701651e+001
2.000000162823515e-003	3.066051e-009	1.533026e+001
2.000000182094915e-003	2.868053e-009	1.434027e+001
2.000000220637715e-003	2.711705e-009	1.355853e+001
2.000000243603573e-003	2.690713e-009	1.345356e+001
2.000000277923259e-003	2.696800e-009	1.348400e+001
2.000000312404553e-003	2.702318e-009	1.351159e+001
2.000000361177523e-003	2.706432e-009	1.353216e+001
2.000000418917022e-003	2.706956e-009	1.353478e+001
2.000000473899884e-003	2.704202e-009	1.352101e+001
2.000000532232700e-003	2.699264e-009	1.349632e+001
2.000000539407566e-003	2.698515e-009	1.349258e+001
2.000000553757299e-003	2.696837e-009	1.348419e+001
2.000000582456764e-003	2.693330e-009	1.346665e+001
2.000000589631630e-003	2.692410e-009	1.346205e+001
2.000000603981362e-003	2.690486e-009	1.345243e+001
2.000000632680828e-003	2.686476e-009	1.343238e+001
2.000000690079757e-003	2.677805e-009	1.338902e+001
2.000000785526458e-003	2.661956e-009	1.330978e+001
2.000000871667002e-003	2.646712e-009	1.323356e+001
2.000000980392577e-003	2.626871e-009	1.313436e+001
2.000001089503474e-003	2.606752e-009	1.303376e+001
2.000001235733890e-003	2.580021e-009	1.290011e+001
2.000001394056014e-003	2.552135e-009	1.276068e+001
2.000001622965500e-003	2.514600e-009	1.257300e+001
2.000001911069142e-003	2.473111e-009	1.236556e+001
2.000002378699139e-003	2.418243e-009	1.209121e+001
2.000002903013799e-003	2.372471e-009	1.186236e+001
2.000003483347126e-003	2.339128e-009	1.169564e+001
2.000004126677993e-003	2.318076e-009	1.159038e+001
2.000004762522781e-003	2.309469e-009	1.154735e+001
2.000005454305834e-003	2.309909e-009	1.154955e+001
2.000006181220110e-003	2.317713e-009	1.158856e+001
2.000007040705609e-003	2.332157e-009	1.166078e+001
2.000007113807618e-003	2.333663e-009	1.166832e+001
2.000007260011634e-003	2.337018e-009	1.168509e+001
2.000007552419668e-003	2.344067e-009	1.172033e+001
2.000007962339223e-003	2.354912e-009	1.177456e+001
2.000008397182243e-003	2.367067e-009	1.183533e+001
2.000008690210196e-003	2.374889e-009	1.187444e+001
2.000009011921405e-003	2.382857e-009	1.191428e+001
2.000009370158170e-003	2.391251e-009	1.195625e+001
2.000009744789163e-003	2.399470e-009	1.199735e+001
2.000010304537095e-003	2.410749e-009	1.205375e+001
2.000010944919398e-003	2.421948e-009	1.210974e+001
2.000011946278188e-003	2.436048e-009	1.218024e+001
2.000012912280014e-003	2.445915e-009	1.222957e+001
2.000014261237372e-003	2.454723e-009	1.227362e+001
2.000015904032895e-003	2.461187e-009	1.230593e+001
2.000017471670842e-003	2.464761e-009	1.232380e+001
2.000018890118150e-003	2.466533e-009	1.233267e+001
2.000019867129701e-003	2.467012e-009	1.233506e+001
2.000019877756795e-003	2.466998e-009	1.233499e+001
2.000019899010984e-003	2.466958e-009	1.233479e+001
2.000019941519361e-003	2.466906e-009	1.233453e+001
2.000020026536115e-003	2.466764e-009	1.233382e+001
2.000020196569623e-003	2.466399e-009	1.233200e+001
2.000020536636638e-003	2.465565e-009	1.232782e+001
2.000021055459544e-003	2.464236e-009	1.232118e+001
2.000022021152222e-003	2.461980e-009	1.230990e+001
2.000023140773546e-003	2.459967e-009	1.229984e+001
2.000024733335709e-003	2.458170e-009	1.229085e+001
2.000026406566894e-003	2.457341e-009	1.228670e+001
2.000028046523511e-003	2.457326e-009	1.228663e+001
2.000029584209777e-003	2.457787e-009	1.228893e+001
2.000031411094077e-003	2.458748e-009	1.229374e+001
2.000033697118021e-003	2.460324e-009	1.230162e+001
2.000035973116724e-003	2.462094e-009	1.231047e+001
2.000040519200089e-003	2.465745e-009	1.232873e+001
2.000045772719528e-003	2.469983e-009	1.234991e+001
2.000050429437628e-003	2.473957e-009	1.236978e+001
2.000054812695358e-003	2.478352e-009	1.239176e+001
2.000059197441735e-003	2.484082e-009	1.242041e+001
2.000063827783428e-003	2.492474e-009	1.246237e+001
2.000068745058439e-003	2.505232e-009	1.252616e+001
2.000074697031387e-003	2.527334e-009	1.263667e+001
2.000081925038659e-003	2.563591e-009	1.281795e+001
2.000087538185937e-003	2.599034e-009	1.299517e+001
2.000091345010631e-003	2.627475e-009	1.313737e+001
2.000094346117546e-003	2.652695e-009	1.326347e+001
2.000096936983441e-003	2.676712e-009	1.338356e+001
2.000099922597237e-003	2.707142e-009	1.353571e+001
2.000102732646020e-003	2.738858e-009	1.369429e+001
2.000106467979159e-003	2.786335e-009	1.393168e+001
2.000112417171358e-003	2.869940e-009	1.434970e+001
2.000114865925217e-003	2.907041e-009	1.453521e+001
2.000116567035785e-003	2.933868e-009	1.466934e+001
2.000117557322198e-003	2.949185e-009	1.474593e+001
2.000118415444288e-003	2.961828e-009	1.480914e+001
2.000118712368455e-003	2.966038e-009	1.483019e+001
2.000118769529553e-003	2.966845e-009	1.483423e+001
2.000118883851748e-003	2.968479e-009	1.484239e+001
2.000119112496139e-003	2.971759e-009	1.485879e+001
2.000119569784920e-003	2.978354e-009	1.489177e+001
2.000120127044295e-003	2.986417e-009	1.493209e+001
2.000120742129394e-003	2.995319e-009	1.497659e+001
2.000121391175979e-003	3.004682e-009	1.502341e+001
2.000122275243132e-003	3.017320e-009	1.508660e+001
2.000123728812643e-003	3.037611e-009	1.518806e+001
2.000125767154506e-003	3.064133e-009	1.532066e+001
2.000128382785463e-003	3.091748e-009	1.545874e+001
2.000130424156447e-003	3.099006e-009	1.549503e+001
2.000131857856218e-003	3.081231e-009	1.540615e+001
2.000132766109158e-003	3.052590e-009	1.526295e+001
2.000133350712906e-003	3.032672e-009	1.516336e+001
2.000133802646591e-003	3.025553e-009	1.512776e+001
2.000134311508435e-003	3.028226e-009	1.514113e+001
2.000134720394231e-003	3.035910e-009	1.517955e+001
2.000135043378166e-003	3.043540e-009	1.521770e+001
2.000135366862093e-003	3.051079e-009	1.525539e+001
2.000135698186255e-003	3.058710e-009	1.529355e+001
2.000136104627655e-003	3.067933e-009	1.533966e+001
2.000136183893459e-003	3.069733e-009	1.534867e+001
2.000136342425068e-003	3.073345e-009	1.536673e+001
2.000136382057970e-003	3.074234e-009	1.537117e+001
2.000136461323774e-003	3.076004e-009	1.538002e+001
2.000136619855383e-003	3.079536e-009	1.539768e+001
2.000136936918600e-003	3.086546e-009	1.543273e+001
2.000137571045035e-003	3.100341e-009	1.550170e+001
2.000138284080107e-003	3.115288e-009	1.557644e+001
2.000138854530651e-003	3.126700e-009	1.563350e+001
2.000138919957996e-003	3.127992e-009	1.563996e+001
2.000138936314833e-003	3.128318e-009	1.564159e+001
2.000138969028505e-003	3.128971e-009	1.564485e+001
2.000138977206923e-003	3.129133e-009	1.564566e+001
2.000138993563760e-003	3.129454e-009	1.564727e+001
2.000139026277432e-003	3.130095e-009	1.565047e+001
2.000139091704778e-003	3.131368e-009	1.565684e+001
2.000139222559468e-003	3.133870e-009	1.566935e+001
2.000139484268850e-003	3.138739e-009	1.569370e+001
2.000139845175807e-003	3.145267e-009	1.572633e+001
2.000140231960313e-003	3.152139e-009	1.576069e+001
2.000140674602242e-003	3.159941e-009	1.579970e+001
2.000140683363233e-003	3.160095e-009	1.580047e+001
2.000140700885215e-003	3.160403e-009	1.580202e+001
2.000140714026701e-003	3.160635e-009	1.580318e+001
2.000140731548683e-003	3.160943e-009	1.580472e+001
2.000140766592647e-003	3.161559e-009	1.580779e+001
2.000140836680574e-003	3.162790e-009	1.581395e+001
2.000140976856429e-003	3.165254e-009	1.582627e+001
2.000141257208138e-003	3.170195e-009	1.585097e+001
2.000141817911557e-003	3.180140e-009	1.590070e+001
2.000142939318395e-003	3.200334e-009	1.600167e+001
2.000145182132070e-003	3.241832e-009	1.620916e+001
2.000148227301602e-003	3.300397e-009	1.650198e+001
2.000151638667778e-003	3.369258e-009	1.684629e+001
2.000155518308805e-003	3.452086e-009	1.726043e+001
2.000160345685930e-003	3.562621e-009	1.781311e+001
2.000168182165034e-003	3.761140e-009	1.880570e+001
2.000182622781135e-003	4.181311e-009	2.090656e+001
2.000203262874020e-003	4.869776e-009	2.434888e+001
2.000215605291600e-003	5.335752e-009	2.667876e+001
2.000229697879761e-003	5.920536e-009	2.960268e+001
2.000240535157807e-003	6.395894e-009	3.197947e+001
2.000247952475125e-003	6.732917e-009	3.366459e+001
2.000255574648122e-003	7.085356e-009	3.542678e+001
2.000263189563736e-003	7.438752e-009	3.719376e+001
2.000274619411024e-003	7.960784e-009	3.980392e+001
2.000291086344860e-003	8.679864e-009	4.339932e+001
2.000306366213038e-003	9.290494e-009	4.645247e+001
2.000322595824033e-003	9.862322e-009	4.931161e+001
2.000333775012685e-003	1.020280e-008	5.101399e+001
2.000342704472745e-003	1.043507e-008	5.217533e+001
2.000352560974051e-003	1.065462e-008	5.327311e+001
2.000362383427364e-003	1.083687e-008	5.418437e+001
2.000376987440157e-003	1.104958e-008	5.524791e+001
2.000395658736735e-003	1.125256e-008	5.626280e+001
2.000409884697259e-003	1.136267e-008	5.681336e+001
2.000418583429161e-003	1.140991e-008	5.704957e+001
2.000422957533401e-003	1.142725e-008	5.713625e+001
2.000427683160940e-003	1.144240e-008	5.721199e+001
2.000429371437603e-003	1.144720e-008	5.723598e+001
2.000432047636726e-003	1.145401e-008	5.727003e+001
2.000434483021661e-003	1.145945e-008	5.729726e+001
2.000439353791530e-003	1.146853e-008	5.734263e+001
2.000444601138004e-003	1.147605e-008	5.738027e+001
2.000451373829612e-003	1.148244e-008	5.741221e+001
2.000459020282453e-003	1.148559e-008	5.742794e+001
2.000470477041503e-003	1.148384e-008	5.741919e+001
2.000484159444582e-003	1.147358e-008	5.736789e+001
2.000505219437766e-003	1.144542e-008	5.722708e+001
2.000527549931944e-003	1.140526e-008	5.702632e+001
2.000539122214423e-003	1.138050e-008	5.690249e+001
2.000547350315353e-003	1.136106e-008	5.680529e+001
2.000554677001560e-003	1.134276e-008	5.671382e+001
2.000562043043400e-003	1.132351e-008	5.661756e+001
2.000570966936441e-003	1.129912e-008	5.649561e+001
2.000581097400460e-003	1.127011e-008	5.635053e+001
2.000592544573251e-003	1.123563e-008	5.617813e+001
2.000604956242758e-003	1.119615e-008	5.598074e+001
2.000618950931344e-003	1.114887e-008	5.574435e+001
2.000634953512624e-003	1.109087e-008	5.545436e+001
2.000654922184232e-003	1.101296e-008	5.506479e+001
2.000669559700558e-003	1.095148e-008	5.475740e+001
2.000681428063868e-003	1.089795e-008	5.448973e+001
2.000693485819047e-003	1.083990e-008	5.419949e+001
2.000705873987953e-003	1.077587e-008	5.387933e+001
2.000722565361188e-003	1.068221e-008	5.341106e+001
2.000740903523153e-003	1.056844e-008	5.284218e+001
2.000764145066981e-003	1.040556e-008	5.202779e+001
2.000790966226256e-003	1.018881e-008	5.094405e+001
2.000827549602246e-003	9.847311e-009	4.923656e+001
2.000873503948886e-003	9.369825e-009	4.684913e+001
2.000922702925997e-003	8.832854e-009	4.416427e+001
2.000969868466684e-003	8.321329e-009	4.160665e+001
2.001026226749346e-003	7.732887e-009	3.866444e+001
2.001079624246080e-003	7.201245e-009	3.600623e+001
2.001136532636790e-003	6.660486e-009	3.330243e+001
2.001199897416002e-003	6.082225e-009	3.041113e+001
2.001266676744959e-003	5.500286e-009	2.750143e+001
2.001346915532507e-003	4.857065e-009	2.428533e+001
2.001407914733844e-003	4.443405e-009	2.221702e+001
2.001464822782384e-003	4.132990e-009	2.066495e+001
2.001501350213434e-003	3.969417e-009	1.984708e+001
2.001547992571675e-003	3.792267e-009	1.896133e+001
2.001593998502522e-003	3.639491e-009	1.819745e+001
2.001637537112226e-003	3.512741e-009	1.756371e+001
2.001684226196926e-003	3.391654e-009	1.695827e+001
2.001720801178280e-003	3.306069e-009	1.653035e+001
2.001758078488597e-003	3.226201e-009	1.613100e+001
2.001773021234305e-003	3.196512e-009	1.598256e+001
2.001793823984095e-003	3.157177e-009	1.578589e+001
2.001810497525181e-003	3.126369e-009	1.563184e+001
2.001829703319602e-003	3.092058e-009	1.546029e+001
2.001859767172699e-003	3.040589e-009	1.520295e+001
2.001891590811492e-003	2.989459e-009	1.494730e+001
2.001955238089078e-003	2.895216e-009	1.447608e+001
2.002020360565764e-003	2.808652e-009	1.404326e+001
2.002135676614115e-003	2.674340e-009	1.337170e+001
2.002250298912918e-003	2.557493e-009	1.278746e+001
2.002351683989288e-003	2.467449e-009	1.233725e+001
2.002467231909553e-003	2.374822e-009	1.187411e+001
2.002489622999208e-003	2.358099e-009	1.179049e+001
2.002514849009140e-003	2.340174e-009	1.170087e+001
2.002545946200372e-003	2.318622e-009	1.159311e+001
2.002573084575654e-003	2.300314e-009	1.150157e+001
2.002606811843225e-003	2.278240e-009	1.139120e+001
2.002650415664542e-003	2.250618e-009	1.125309e+001
2.002696271805644e-003	2.222577e-009	1.111289e+001
2.002741172053829e-003	2.196155e-009	1.098078e+001
2.002796701374761e-003	2.164648e-009	1.082324e+001
2.002836997502379e-003	2.142570e-009	1.071285e+001
2.002883408054890e-003	2.118069e-009	1.059034e+001
2.002946124192696e-003	2.086139e-009	1.043069e+001
2.003003707328049e-003	2.057938e-009	1.028969e+001
2.003063993996702e-003	2.029578e-009	1.014789e+001
2.003126035542773e-003	2.001583e-009	1.000791e+001
2.003211276111967e-003	1.964784e-009	9.823920e+000
2.003299212396847e-003	1.928535e-009	9.642674e+000
2.003388426123214e-003	1.893569e-009	9.467843e+000
2.003499725177930e-003	1.852370e-009	9.261848e+000
2.003666247673260e-003	1.794570e-009	8.972848e+000
2.003847957003186e-003	1.736492e-009	8.682458e+000
2.004171125209416e-003	1.642655e-009	8.213273e+000
2.004489295000784e-003	1.560510e-009	7.802552e+000
2.005092968613646e-003	1.424391e-009	7.121958e+000
2.005665702907852e-003	1.310665e-009	6.553323e+000
2.005887342408459e-003	1.275780e-009	6.378902e+000
2.006022593377191e-003	1.266767e-009	6.333833e+000
2.006133223709692e-003	1.276478e-009	6.382390e+000
2.006242693250954e-003	1.304689e-009	6.523447e+000
2.006322256212981e-003	1.335754e-009	6.678767e+000
2.006412269145993e-003	1.376293e-009	6.881464e+000
2.006507003927138e-003	1.417599e-009	7.087997e+000
2.006582067021788e-003	1.446630e-009	7.233150e+000
2.006655965012565e-003	1.471609e-009	7.358045e+000
2.006750039999241e-003	1.501179e-009	7.505897e+000
2.006854505393943e-003	1.533900e-009	7.669497e+000
2.006932171692229e-003	1.558588e-009	7.792938e+000
2.007008443833710e-003	1.581454e-009	7.907269e+000
2.007085818591325e-003	1.598302e-009	7.991509e+000
2.007181419754550e-003	1.606427e-009	8.032136e+000
2.007241112380928e-003	1.603371e-009	8.016854e+000
2.007276094306881e-003	1.598241e-009	7.991206e+000
2.007316007662228e-003	1.591065e-009	7.955325e+000
2.007361646710366e-003	1.583060e-009	7.915301e+000
2.007406438763584e-003	1.576422e-009	7.882111e+000
2.007453772893312e-003	1.571505e-009	7.857523e+000
2.007511822938843e-003	1.568140e-009	7.840698e+000
2.007567224570307e-003	1.566538e-009	7.832691e+000
2.007629528428399e-003	1.564597e-009	7.822988e+000
2.007693915859519e-003	1.560681e-009	7.803403e+000
2.007738707882907e-003	1.556227e-009	7.781137e+000
2.007781028845020e-003	1.550777e-009	7.753885e+000
2.007835665420083e-003	1.543228e-009	7.716142e+000
2.007892535293061e-003	1.536001e-009	7.680004e+000
2.007963760528143e-003	1.528745e-009	7.643724e+000
2.008026039788242e-003	1.524129e-009	7.620645e+000
2.008093603356721e-003	1.520159e-009	7.600793e+000
2.008165514620651e-003	1.515386e-009	7.576930e+000
2.008259814579477e-003	1.507228e-009	7.536141e+000
2.008323528959527e-003	1.500616e-009	7.503080e+000
2.008395926546744e-003	1.492882e-009	7.464411e+000
2.008472875702240e-003	1.485587e-009	7.427932e+000
2.008542183860828e-003	1.480122e-009	7.400608e+000
2.008620802998447e-003	1.474596e-009	7.372977e+000
2.008710018222434e-003	1.467894e-009	7.339471e+000
2.008822371255713e-003	1.458237e-009	7.291183e+000
2.008914312341712e-003	1.449871e-009	7.249355e+000
2.009018196317889e-003	1.440977e-009	7.204883e+000
2.009126378934811e-003	1.432683e-009	7.163416e+000
2.009240611370919e-003	1.424185e-009	7.120926e+000
2.009359116548626e-003	1.414818e-009	7.074089e+000
2.009462047163980e-003	1.406372e-009	7.031862e+000
2.009601246850318e-003	1.395419e-009	6.977093e+000
2.009747762642722e-003	1.384593e-009	6.922967e+000
2.009907205138266e-003	1.372867e-009	6.864334e+000
2.010082026248242e-003	1.359796e-009	6.798981e+000
2.010285695028675e-003	1.345007e-009	6.725036e+000
2.010493506203772e-003	1.330489e-009	6.652446e+000
2.010714979196914e-003	1.315118e-009	6.575589e+000
2.010928583857785e-003	1.300539e-009	6.502697e+000
2.011167592753731e-003	1.284821e-009	6.424105e+000
2.011299825811070e-003	1.276240e-009	6.381198e+000
2.011413546596319e-003	1.268806e-009	6.344032e+000
2.011490771632108e-003	1.263791e-009	6.318953e+000
2.011554778610226e-003	1.259739e-009	6.298697e+000
2.011642162038127e-003	1.254339e-009	6.271693e+000
2.011671640615598e-003	1.252540e-009	6.262702e+000
2.011690885095776e-003	1.251372e-009	6.256860e+000
2.011718565419570e-003	1.249689e-009	6.248445e+000
2.011738449088538e-003	1.248476e-009	6.242382e+000
2.011760583095580e-003	1.247121e-009	6.235607e+000
2.011783390736306e-003	1.245719e-009	6.228596e+000
2.011808472415990e-003	1.244171e-009	6.220855e+000
2.011836664452742e-003	1.242425e-009	6.212125e+000
2.011865603271094e-003	1.240630e-009	6.203150e+000
2.011906166240392e-003	1.238118e-009	6.190592e+000
2.011950979830008e-003	1.235368e-009	6.176838e+000
2.012040607009240e-003	1.229959e-009	6.149793e+000
2.012167242035786e-003	1.222459e-009	6.112295e+000
2.012306973459331e-003	1.214306e-009	6.071528e+000
2.012586436306420e-003	1.198295e-009	5.991476e+000
2.012983074529233e-003	1.176300e-009	5.881500e+000
2.013459534219090e-003	1.151107e-009	5.755533e+000
2.014197958052261e-003	1.114434e-009	5.572170e+000
2.015151969751058e-003	1.070699e-009	5.353496e+000
2.016221028157191e-003	1.026485e-009	5.132423e+000
2.017647442506903e-003	9.744974e-010	4.872487e+000
2.019343428084085e-003	9.216259e-010	4.608130e+000
2.021568645764240e-003	8.649158e-010	4.324579e+000
2.024573665103089e-003	8.053077e-010	4.026538e+000
2.028065861598580e-003	7.541125e-010	3.770562e+000
2.031809859166025e-003	7.140973e-010	3.570486e+000
2.033892525042365e-003	6.974438e-010	3.487219e+000
2.035593621096955e-003	6.867408e-010	3.433704e+000
2.037005967174810e-003	6.792650e-010	3.396325e+000
2.038613532224573e-003	6.721005e-010	3.360503e+000
2.040833361572834e-003	6.639786e-010	3.319893e+000
2.043777646675365e-003	6.553098e-010	3.276549e+000
2.045762967894647e-003	6.506662e-010	3.253331e+000
2.047728101002148e-003	6.470129e-010	3.235065e+000
2.049753779423886e-003	6.439243e-010	3.219622e+000
2.051716371787599e-003	6.414413e-010	3.207207e+000
2.053205461052157e-003	6.397886e-010	3.198943e+000
2.053318195033350e-003	6.396805e-010	3.198402e+000
2.053543662995737e-003	6.394708e-010	3.197354e+000
2.053916001094223e-003	6.390815e-010	3.195407e+000
2.054251708911122e-003	6.387108e-010	3.193554e+000
2.054480988425120e-003	6.384381e-010	3.192190e+000
2.054652332397513e-003	6.382083e-010	3.191041e+000
2.054781885597569e-003	6.380114e-010	3.190057e+000
2.054850842259151e-003	6.378691e-010	3.189346e+000
2.054885687173103e-003	6.377383e-010	3.188692e+000
2.054913407078718e-003	6.375525e-010	3.187762e+000
2.054942983235658e-003	6.372410e-010	3.186205e+000
2.054977789157625e-003	6.366915e-010	3.183457e+000
2.055047401001559e-003	6.352229e-010	3.176114e+000
2.055110709889098e-003	6.336890e-010	3.168445e+000
2.055193497880821e-003	6.317243e-010	3.158622e+000
2.055282784409521e-003	6.299188e-010	3.149594e+000
2.055370953622238e-003	6.283298e-010	3.141649e+000
2.055470196091488e-003	6.262811e-010	3.131405e+000
2.055561749329856e-003	6.236230e-010	3.118115e+000
2.055679731461541e-003	6.189133e-010	3.094567e+000
2.055797723053808e-003	6.130840e-010	3.065420e+000
2.055905466347719e-003	6.069737e-010	3.034868e+000
2.056033313910597e-003	5.989664e-010	2.994832e+000
2.056162535457613e-003	5.899449e-010	2.949724e+000
2.056317616297364e-003	5.775556e-010	2.887778e+000
2.056498800871740e-003	5.610072e-010	2.805036e+000
2.056664949670098e-003	5.440677e-010	2.720339e+000
2.056881531551990e-003	5.205489e-010	2.602744e+000
2.057086431042644e-003	4.981729e-010	2.490865e+000
2.057338058298434e-003	4.718070e-010	2.359035e+000
2.057591725632966e-003	4.472389e-010	2.236195e+000
2.057894027786536e-003	4.205067e-010	2.102534e+000
2.058184627606973e-003	3.968961e-010	1.984481e+000
2.058624835933458e-003	3.637060e-010	1.818530e+000
2.059042765173737e-003	3.346648e-010	1.673324e+000
2.059522879207638e-003	3.050832e-010	1.525416e+000
2.060179341668559e-003	2.703403e-010	1.351702e+000
2.060888620033769e-003	2.385614e-010	1.192807e+000
2.061694518511152e-003	2.084388e-010	1.042194e+000
2.062711837742143e-003	1.776126e-010	8.880628e-001
2.063783702280916e-003	1.528076e-010	7.640381e-001
2.065339649762402e-003	1.264103e-010	6.320517e-001
2.066999447876348e-003	1.064376e-010	5.321881e-001
2.069022061491023e-003	9.034815e-011	4.517408e-001
2.071021004729883e-003	7.997802e-011	3.998901e-001
2.073357733947313e-003	7.210937e-011	3.605469e-001
2.076010686287335e-003	6.638049e-011	3.319024e-001
2.078753521255275e-003	6.242809e-011	3.121404e-001
2.082091354753624e-003	5.907695e-011	2.953848e-001
2.086168832809753e-003	5.614158e-011	2.807079e-001
2.090064132327988e-003	5.391028e-011	2.695514e-001
2.093971757655651e-003	5.213250e-011	2.606625e-001
2.097714112517376e-003	5.067039e-011	2.533520e-001
2.101575769342696e-003	4.936920e-011	2.468460e-001
2.105366789475497e-003	4.830096e-011	2.415048e-001
2.109232465159348e-003	4.730353e-011	2.365176e-001
2.113032937088217e-003	4.649997e-011	2.324998e-001
2.116883976890029e-003	4.576818e-011	2.288409e-001
2.120691336687318e-003	4.513268e-011	2.256634e-001
2.124536221685409e-003	4.460899e-011	2.230449e-001
2.128349894236866e-003	4.410504e-011	2.205252e-001
2.132189872376851e-003	4.370770e-011	2.185385e-001
2.136007529937517e-003	4.334313e-011	2.167157e-001
2.139843972946048e-003	4.301457e-011	2.150728e-001
2.143664578221267e-003	4.276534e-011	2.138267e-001
2.147498558364408e-003	4.249852e-011	2.124926e-001
2.151321258129902e-003	4.230633e-011	2.115316e-001
2.155153477579901e-003	4.212400e-011	2.106200e-001
2.158977675711978e-003	4.195064e-011	2.097532e-001
2.162808657057677e-003	4.183602e-011	2.091801e-001
2.166633943589498e-003	4.169078e-011	2.084539e-001
2.170464072205021e-003	4.159758e-011	2.079879e-001
2.174290172176433e-003	4.150907e-011	2.075454e-001
2.178119759723682e-003	4.141230e-011	2.070615e-001
2.181946521433800e-003	4.136536e-011	2.068268e-001
2.185775859812930e-003	4.128340e-011	2.064170e-001
2.189603289124571e-003	4.123884e-011	2.061942e-001
2.193432717237289e-003	4.119928e-011	2.059964e-001
2.197261073195236e-003	4.114099e-011	2.057049e-001
2.201091141983472e-003	4.112683e-011	2.056341e-001
2.204921082153422e-003	4.107840e-011	2.053920e-001
2.208752978601321e-003	4.105594e-011	2.052797e-001
2.212585885328354e-003	4.104164e-011	2.052082e-001
2.216422183726825e-003	4.100269e-011	2.050134e-001
2.220261235559550e-003	4.100414e-011	2.050207e-001
2.224106973045428e-003	4.097517e-011	2.048759e-001
2.227959932096900e-003	4.096296e-011	2.048148e-001
2.231825040081414e-003	4.096218e-011	2.048109e-001
2.235709045570978e-003	4.093469e-011	2.046734e-001
2.240287088574596e-003	4.093627e-011	2.046814e-001
2.245423614891342e-003	4.092235e-011	2.046117e-001
2.251572920963784e-003	4.091028e-011	2.045514e-001
2.258408858463784e-003	4.090391e-011	2.045196e-001
2.265244795963785e-003	4.089371e-011	2.044685e-001
2.272080733463785e-003	4.089282e-011	2.044641e-001
2.278916670963785e-003	4.088246e-011	2.044123e-001
2.285752608463785e-003	4.088505e-011	2.044253e-001
2.292588545963785e-003	4.087669e-011	2.043835e-001
2.299424483463785e-003	4.087855e-011	2.043928e-001
2.306260420963785e-003	4.087468e-011	2.043734e-001
2.313096358463785e-003	4.087320e-011	2.043660e-001
2.319932295963785e-003	4.087429e-011	2.043715e-001
2.326768233463786e-003	4.086920e-011	2.043460e-001
2.333604170963786e-003	4.087361e-011	2.043681e-001
2.340440108463786e-003	4.086719e-011	2.043359e-001
2.347276045963786e-003	4.087192e-011	2.043596e-001
2.354111983463786e-003	4.086723e-011	2.043361e-001
2.360947920963786e-003	4.086934e-011	2.043467e-001
2.367783858463786e-003	4.086861e-011	2.043430e-001
2.374619795963786e-003	4.086677e-011	2.043338e-001
2.381455733463786e-003	4.086993e-011	2.043496e-001
2.388291670963787e-003	4.086505e-011	2.043252e-001
2.395127608463787e-003	4.087012e-011	2.043506e-001
2.401963545963787e-003	4.086489e-011	2.043245e-001
2.408799483463787e-003	4.086900e-011	2.043450e-001
2.415635420963787e-003	4.086617e-011	2.043309e-001
2.422471358463787e-003	4.086703e-011	2.043351e-001
2.429307295963787e-003	4.086798e-011	2.043399e-001
2.436143233463787e-003	4.086514e-011	2.043257e-001
2.442979170963788e-003	4.086908e-011	2.043454e-001
2.449815108463788e-003	4.086415e-011	2.043207e-001
2.456651045963788e-003	4.086884e-011	2.043442e-001
2.463486983463788e-003	4.086458e-011	2.043229e-001
2.470322920963788e-003	4.086743e-011	2.043372e-001
2.477158858463788e-003	4.086609e-011	2.043305e-001
2.483994795963788e-003	4.086558e-011	2.043279e-001
2.490830733463788e-003	4.086772e-011	2.043386e-001
2.497666670963788e-003	4.086418e-011	2.043209e-001
2.504502608463789e-003	4.086846e-011	2.043423e-001
2.511338545963789e-003	4.086391e-011	2.043195e-001
2.518174483463789e-003	4.086797e-011	2.043398e-001
2.525010420963789e-003	4.086492e-011	2.043246e-001
2.531846358463789e-003	4.086654e-011	2.043327e-001
2.538682295963789e-003	4.086658e-011	2.043329e-001
2.545518233463789e-003	4.086494e-011	2.043247e-001
2.552354170963789e-003	4.086786e-011	2.043393e-001
2.559190108463789e-003	4.086393e-011	2.043197e-001
2.566026045963790e-003	4.086805e-011	2.043403e-001
2.572861983463790e-003	4.086407e-011	2.043203e-001
2.579697920963790e-003	4.086713e-011	2.043357e-001
2.586533858463790e-003	4.086526e-011	2.043263e-001
2.593369795963790e-003	4.086562e-011	2.043281e-001
2.600205733463790e-003	4.086677e-011	2.043338e-001
2.607041670963790e-003	4.086430e-011	2.043215e-001
2.613877608463790e-003	4.086770e-011	2.043385e-001
2.620713545963790e-003	4.086383e-011	2.043191e-001
2.627549483463791e-003	4.086758e-011	2.043379e-001
2.634385420963791e-003	4.086448e-011	2.043224e-001
2.641221358463791e-003	4.086655e-011	2.043327e-001
2.648057295963791e-003	4.086587e-011	2.043293e-001
2.654893233463791e-003	4.086517e-011	2.043258e-001
2.661729170963791e-003	4.086715e-011	2.043358e-001
2.668565108463791e-003	4.086415e-011	2.043207e-001
2.675401045963791e-003	4.086761e-011	2.043381e-001
2.682236983463792e-003	4.086402e-011	2.043201e-001
2.689072920963792e-003	4.086706e-011	2.043353e-001
2.695908858463792e-003	4.086487e-011	2.043244e-001
2.702744795963792e-003	4.086585e-011	2.043293e-001
2.709580733463792e-003	4.086619e-011	2.043309e-001
2.716416670963792e-003	4.086462e-011	2.043231e-001
2.723252608463792e-003	4.086718e-011	2.043359e-001
2.730088545963792e-003	4.086401e-011	2.043201e-001
2.736924483463792e-003	4.086734e-011	2.043367e-001
2.743760420963793e-003	4.086435e-011	2.043218e-001
2.750596358463793e-003	4.086663e-011	2.043331e-001
2.757432295963793e-003	4.086545e-011	2.043272e-001
2.764268233463793e-003	4.086547e-011	2.043273e-001
2.771104170963793e-003	4.086665e-011	2.043332e-001
2.777940108463793e-003	4.086446e-011	2.043223e-001
2.784776045963793e-003	4.086727e-011	2.043363e-001
2.791611983463793e-003	4.086415e-011	2.043207e-001
2.798447920963793e-003	4.086701e-011	2.043351e-001
2.805283858463794e-003	4.086470e-011	2.043235e-001
2.812119795963794e-003	4.086607e-011	2.043304e-001
2.818955733463794e-003	4.086579e-011	2.043289e-001
2.825791670963794e-003	4.086497e-011	2.043249e-001
2.832627608463794e-003	4.086678e-011	2.043339e-001
2.839463545963794e-003	4.086428e-011	2.043214e-001
2.846299483463794e-003	4.086712e-011	2.043356e-001
2.853135420963794e-003	4.086436e-011	2.043218e-001
2.859971358463795e-003	4.086668e-011	2.043334e-001
2.866807295963795e-003	4.086518e-011	2.043259e-001
2.873643233463795e-003	4.086573e-011	2.043287e-001
2.880479170963795e-003	4.086625e-011	2.043312e-001
2.887315108463795e-003	4.086479e-011	2.043239e-001
2.894151045963795e-003	4.086696e-011	2.043348e-001
2.900986983463795e-003	4.086435e-011	2.043217e-001
2.907822920963795e-003	4.086693e-011	2.043347e-001
2.914658858463795e-003	4.086464e-011	2.043232e-001
2.921494795963796e-003	4.086624e-011	2.043312e-001
2.928330733463796e-003	4.086551e-011	2.043275e-001
2.935166670963796e-003	4.086528e-011	2.043264e-001
2.942002608463796e-003	4.086643e-011	2.043321e-001
2.948838545963796e-003	4.086456e-011	2.043228e-001
2.955674483463796e-003	4.086689e-011	2.043345e-001
2.962510420963796e-003	4.086445e-011	2.043223e-001
2.969346358463796e-003	4.086668e-011	2.043334e-001
2.976182295963796e-003	4.086503e-011	2.043251e-001
2.983018233463797e-003	4.086594e-011	2.043297e-001
2.989854170963797e-003	4.086594e-011	2.043297e-001
2.996690108463797e-003	4.086509e-011	2.043254e-001
3.003526045963797e-003	4.086666e-011	2.043333e-001
3.010361983463797e-003	4.086457e-011	2.043228e-001
3.017197920963797e-003	4.086681e-011	2.043341e-001
3.024033858463797e-003	4.086466e-011	2.043233e-001
3.030869795963797e-003	4.086635e-011	2.043317e-001
3.037705733463797e-003	4.086531e-011	2.043266e-001
3.044541670963798e-003	4.086554e-011	2.043277e-001
3.051377608463798e-003	4.086614e-011	2.043307e-001
3.058213545963798e-003	4.086483e-011	2.043241e-001
3.065049483463798e-003	4.086667e-011	2.043333e-001
3.071885420963798e-003	4.086459e-011	2.043229e-001
3.078721358463798e-003	4.086663e-011	2.043332e-001
3.085557295963798e-003	4.086494e-011	2.043247e-001
3.092393233463798e-003	4.086608e-011	2.043304e-001
3.099229170963799e-003	4.086569e-011	2.043285e-001
3.106065108463799e-003	4.086534e-011	2.043267e-001
3.112901045963799e-003	4.086640e-011	2.043320e-001
3.119736983463799e-003	4.086479e-011	2.043239e-001
3.126572920963799e-003	4.086667e-011	2.043334e-001
3.133408858463799e-003	4.086473e-011	2.043236e-001
3.140244795963799e-003	4.086639e-011	2.043320e-001
3.147080733463799e-003	4.086519e-011	2.043259e-001
3.153916670963799e-003	4.086574e-011	2.043287e-001
3.160752608463800e-003	4.086590e-011	2.043295e-001
3.167588545963800e-003	4.086507e-011	2.043254e-001
3.174424483463800e-003	4.086645e-011	2.043322e-001
3.181260420963800e-003	4.086474e-011	2.043237e-001
3.188096358463800e-003	4.086655e-011	2.043328e-001
3.194932295963800e-003	4.086493e-011	2.043246e-001
3.201768233463800e-003	4.086618e-011	2.043309e-001
3.208604170963800e-003	4.086551e-011	2.043276e-001
3.215440108463800e-003	4.086554e-011	2.043277e-001
3.222276045963801e-003	4.086616e-011	2.043308e-001
3.229111983463801e-003	4.086500e-011	2.043250e-001
3.235947920963801e-003	4.086652e-011	2.043326e-001
3.242783858463801e-003	4.086483e-011	2.043241e-001
3.249619795963801e-003	4.086639e-011	2.043319e-001
3.256455733463801e-003	4.086512e-011	2.043256e-001
3.263291670963801e-003	4.086589e-011	2.043294e-001
3.270127608463801e-003	4.086571e-011	2.043286e-001
3.276963545963801e-003	4.086528e-011	2.043264e-001
3.283799483463802e-003	4.086625e-011	2.043312e-001
3.290635420963802e-003	4.086491e-011	2.043245e-001
3.297471358463802e-003	4.086644e-011	2.043322e-001
3.304307295963802e-003	4.086495e-011	2.043248e-001
3.311143233463802e-003	4.086622e-011	2.043311e-001
3.324815108463802e-003	4.086570e-011	2.043285e-001
3.331651045963802e-003	4.086596e-011	2.043298e-001
3.338486983463803e-003	4.086519e-011	2.043259e-001
3.345322920963803e-003	4.086635e-011	2.043318e-001
3.352158858463803e-003	4.086495e-011	2.043247e-001
3.358994795963803e-003	4.086635e-011	2.043318e-001
3.365830733463803e-003	4.086511e-011	2.043255e-001
3.372666670963803e-003	4.086598e-011	2.043299e-001
3.379502608463803e-003	4.086557e-011	2.043278e-001
3.386338545963803e-003	4.086546e-011	2.043273e-001
3.393174483463803e-003	4.086607e-011	2.043303e-001
3.400010420963804e-003	4.086506e-011	2.043253e-001
3.406846358463804e-003	4.086633e-011	2.043316e-001
3.413682295963804e-003	4.086501e-011	2.043250e-001
3.420518233463804e-003	4.086622e-011	2.043311e-001
3.427354170963804e-003	4.086531e-011	2.043266e-001
3.434190108463804e-003	4.086582e-011	2.043291e-001
3.441026045963804e-003	4.086580e-011	2.043290e-001
3.447861983463804e-003	4.086535e-011	2.043268e-001
3.454697920963804e-003	4.086620e-011	2.043310e-001
3.461533858463805e-003	4.086507e-011	2.043253e-001
3.468369795963805e-003	4.086629e-011	2.043314e-001
3.475205733463805e-003	4.086512e-011	2.043256e-001
3.482041670963805e-003	4.086604e-011	2.043302e-001
3.488877608463805e-003	4.086547e-011	2.043273e-001
3.495713545963805e-003	4.086560e-011	2.043280e-001
3.502549483463805e-003	4.086591e-011	2.043296e-001
3.509385420963805e-003	4.086521e-011	2.043261e-001
3.516221358463805e-003	4.086621e-011	2.043310e-001
3.523057295963806e-003	4.086508e-011	2.043254e-001
3.529893233463806e-003	4.086619e-011	2.043310e-001
3.536729170963806e-003	4.086527e-011	2.043264e-001
3.550401045963806e-003	4.086568e-011	2.043284e-001
3.557236983463806e-003	4.086549e-011	2.043275e-001
3.564072920963806e-003	4.086606e-011	2.043303e-001
3.570908858463806e-003	4.086519e-011	2.043260e-001
3.577744795963807e-003	4.086621e-011	2.043311e-001
3.584580733463807e-003	4.086516e-011	2.043258e-001
3.591416670963807e-003	4.086606e-011	2.043303e-001
3.598252608463807e-003	4.086540e-011	2.043270e-001
3.605088545963807e-003	4.086571e-011	2.043286e-001
3.611924483463807e-003	4.086579e-011	2.043289e-001
3.618760420963807e-003	4.086535e-011	2.043267e-001
3.625596358463807e-003	4.086609e-011	2.043304e-001
3.632432295963807e-003	4.086517e-011	2.043258e-001
3.639268233463808e-003	4.086615e-011	2.043307e-001
3.646104170963808e-003	4.086526e-011	2.043263e-001
3.652940108463808e-003	4.086595e-011	2.043297e-001
3.659776045963808e-003	4.086558e-011	2.043279e-001
3.666611983463808e-003	4.086560e-011	2.043280e-001
3.673447920963808e-003	4.086593e-011	2.043296e-001
3.680283858463808e-003	4.086530e-011	2.043265e-001
3.687119795963808e-003	4.086612e-011	2.043306e-001
3.693955733463808e-003	4.086521e-011	2.043261e-001
3.700791670963809e-003	4.086606e-011	2.043303e-001
3.707627608463809e-003	4.086537e-011	2.043269e-001
3.714463545963809e-003	4.086579e-011	2.043290e-001
3.721299483463809e-003	4.086569e-011	2.043284e-001
3.728135420963809e-003	4.086546e-011	2.043273e-001
3.734971358463809e-003	4.086598e-011	2.043299e-001
3.741807295963809e-003	4.086526e-011	2.043263e-001
3.748643233463809e-003	4.086609e-011	2.043304e-001
3.755479170963810e-003	4.086528e-011	2.043264e-001
3.762315108463810e-003	4.086597e-011	2.043298e-001
3.775986983463810e-003	4.086569e-011	2.043284e-001
3.782822920963810e-003	4.086582e-011	2.043291e-001
3.789658858463810e-003	4.086541e-011	2.043270e-001
3.796494795963810e-003	4.086604e-011	2.043302e-001
3.803330733463810e-003	4.086528e-011	2.043264e-001
3.810166670963810e-003	4.086604e-011	2.043302e-001
3.817002608463811e-003	4.086536e-011	2.043268e-001
3.823838545963811e-003	4.086585e-011	2.043292e-001
3.830674483463811e-003	4.086561e-011	2.043280e-001
3.837510420963811e-003	4.086556e-011	2.043278e-001
3.844346358463811e-003	4.086588e-011	2.043294e-001
3.851182295963811e-003	4.086534e-011	2.043267e-001
3.858018233463811e-003	4.086603e-011	2.043301e-001
3.864854170963811e-003	4.086531e-011	2.043265e-001
3.871690108463811e-003	4.086597e-011	2.043298e-001
3.878526045963812e-003	4.086547e-011	2.043274e-001
3.885361983463812e-003	4.086575e-011	2.043288e-001
3.892197920963812e-003	4.086573e-011	2.043287e-001
3.899033858463812e-003	4.086550e-011	2.043275e-001
3.905869795963812e-003	4.086595e-011	2.043298e-001
3.912705733463812e-003	4.086534e-011	2.043267e-001
3.919541670963812e-003	4.086601e-011	2.043300e-001
3.926377608463811e-003	4.086537e-011	2.043268e-001
3.933213545963811e-003	4.086587e-011	2.043294e-001
3.940049483463811e-003	4.086555e-011	2.043278e-001
3.946885420963811e-003	4.086563e-011	2.043282e-001
3.953721358463810e-003	4.086580e-011	2.043290e-001
3.960557295963810e-003	4.086542e-011	2.043271e-001
3.967393233463810e-003	4.086596e-011	2.043298e-001
3.974229170963809e-003	4.086535e-011	2.043267e-001
3.981065108463809e-003	4.086595e-011	2.043298e-001
3.987901045963809e-003	4.086505e-011	2.043253e-001
3.993164062500000e-003	4.086803e-011	2.043401e-001
3.995383752428185e-003	4.087002e-011	2.043501e-001
3.995560620143631e-003	4.086903e-011	2.043452e-001
3.995914355574522e-003	4.086530e-011	2.043265e-001
3.996621826436305e-003	4.086076e-011	2.043038e-001
3.997466201347029e-003	4.086157e-011	2.043079e-001
3.998311250178550e-003	4.086747e-011	2.043374e-001
3.998764436201899e-003	4.087091e-011	2.043546e-001
3.999093627953301e-003	4.087224e-011	2.043612e-001
3.999341616497197e-003	4.087219e-011	2.043610e-001
3.999504022912208e-003	4.087160e-011	2.043580e-001
3.999675187169979e-003	4.087058e-011	2.043529e-001
3.999763712088515e-003	4.086991e-011	2.043496e-001
3.999822950162927e-003	4.086941e-011	2.043471e-001
3.999881523851176e-003	4.086881e-011	2.043440e-001
3.999882852623501e-003	4.086882e-011	2.043441e-001
3.999885510168151e-003	4.086885e-011	2.043442e-001
3.999890825257450e-003	4.086880e-011	2.043440e-001
3.999901455436048e-003	4.086870e-011	2.043435e-001
3.999922715793245e-003	4.086849e-011	2.043425e-001
3.999957479285606e-003	4.086814e-011	2.043407e-001
3.999970998994328e-003	4.086802e-011	2.043401e-001
3.999972960582558e-003	4.086802e-011	2.043401e-001
3.999976883759019e-003	4.086798e-011	2.043399e-001
3.999984730111940e-003	4.086789e-011	2.043394e-001
3.999988603249251e-003	4.086785e-011	2.043393e-001
3.999992253725378e-003	4.086781e-011	2.043390e-001
3.999992309390674e-003	4.086781e-011	2.043390e-001
3.999992420721266e-003	4.086781e-011	2.043391e-001
3.999992643382451e-003	4.086781e-011	2.043391e-001
3.999993088704821e-003	4.086781e-011	2.043390e-001
3.999993979349561e-003	4.086780e-011	2.043390e-001
3.999999194315889e-003	4.086774e-011	2.043387e-001
3.999999991178213e-003	4.299636e-002	1.214129e-001
4.000000176095711e-003	1.025473e-001	4.018695e-002
4.000000295988956e-003	1.618994e-001	-0.000000e+000
4.000000306378769e-003	1.650843e-001	-0.000000e+000
4.000000327158396e-003	1.681540e-001	-0.000000e+000
4.000000368717649e-003	1.734426e-001	-0.000000e+000
4.000000379107463e-003	1.745101e-001	-0.000000e+000
4.000000399887090e-003	1.761682e-001	-0.000000e+000
4.000000441446343e-003	1.786898e-001	-0.000000e+000
4.000000524564851e-003	1.817521e-001	-0.000000e+000
4.000000690801866e-003	1.846383e-001	-0.000000e+000
4.000000896174084e-003	1.860147e-001	-0.000000e+000
4.000001119347983e-003	1.865959e-001	-0.000000e+000
4.000001408153328e-003	1.870527e-001	-0.000000e+000
4.000001893723026e-003	1.875976e-001	-0.000000e+000
4.000002437646701e-003	1.880504e-001	-0.000000e+000
4.000002452405464e-003	1.880600e-001	-0.000000e+000
4.000002481922989e-003	1.880763e-001	-0.000000e+000
4.000002540958041e-003	1.881065e-001	-0.000000e+000
4.000002659028145e-003	1.881607e-001	-0.000000e+000
4.000002895168351e-003	1.882482e-001	-0.000000e+000
4.000003367448764e-003	1.883825e-001	-0.000000e+000
4.000003485518868e-003	1.884062e-001	-0.000000e+000
4.000003721659074e-003	1.884348e-001	-0.000000e+000
4.000004193939487e-003	1.884589e-001	-0.000000e+000
4.000005138500314e-003	1.884305e-001	-0.000000e+000
4.000006672159058e-003	1.882911e-001	-0.000000e+000
4.000008309004766e-003	1.881089e-001	-0.000000e+000
4.000010814935088e-003	1.878692e-001	-0.000000e+000
4.000013438051795e-003	1.877066e-001	-0.000000e+000
4.000016306330743e-003	1.876247e-001	-0.000000e+000
4.000019038861814e-003	1.876067e-001	-0.000000e+000
4.000019517759202e-003	1.876095e-001	-0.000000e+000
4.000019637483550e-003	1.876108e-001	-0.000000e+000
4.000019876932244e-003	1.876140e-001	-0.000000e+000
4.000020355829633e-003	1.876215e-001	-0.000000e+000
4.000021313624411e-003	1.876405e-001	-0.000000e+000
4.000023229213966e-003	1.876925e-001	-0.000000e+000
4.000027060393076e-003	1.878349e-001	-0.000000e+000
4.000034722751296e-003	1.881870e-001	-0.000000e+000
4.000044004167755e-003	1.886297e-001	-0.000000e+000
4.000056769105961e-003	1.891435e-001	-0.000000e+000
4.000069797821021e-003	1.894671e-001	-0.000000e+000
4.000084165668199e-003	1.895505e-001	-0.000000e+000
4.000098325249482e-003	1.893620e-001	-0.000000e+000
4.000113961976252e-003	1.888827e-001	-0.000000e+000
4.000130399289909e-003	1.881460e-001	-0.000000e+000
4.000151272561965e-003	1.870161e-001	-0.000000e+000
4.000162449719855e-003	1.863621e-001	-0.000000e+000
4.000174347345268e-003	1.856516e-001	-0.000000e+000
4.000187967612538e-003	1.848484e-001	-0.000000e+000
4.000202053874937e-003	1.840317e-001	-0.000000e+000
4.000217155164684e-003	1.831669e-001	-0.000000e+000
4.000233094181349e-003	1.822583e-001	-0.000000e+000
4.000250565906794e-003	1.812632e-001	-0.000000e+000
4.000270051504062e-003	1.801541e-001	-0.000000e+000
4.000288148853047e-003	1.791269e-001	-0.000000e+000
4.000304988675814e-003	1.781755e-001	-0.000000e+000
4.000322890205479e-003	1.771701e-001	-0.000000e+000
4.000341326215021e-003	1.761420e-001	-0.000000e+000
4.000362198973016e-003	1.749876e-001	-0.000000e+000
4.000385046558080e-003	1.737356e-001	-0.000000e+000
4.000412659070607e-003	1.722389e-001	-0.000000e+000
4.000448523620101e-003	1.703175e-001	-0.000000e+000
4.000489034927729e-003	1.681738e-001	-0.000000e+000
4.000535112509259e-003	1.657656e-001	-0.000000e+000
4.000585648945416e-003	1.631588e-001	-0.000000e+000
4.000652274661207e-003	1.597846e-001	-0.000000e+000
4.000779157861507e-003	1.535581e-001	-0.000000e+000
4.000988720289592e-003	1.437421e-001	-0.000000e+000
4.001182639261273e-003	1.352565e-001	-0.000000e+000
4.001434484002795e-003	1.251530e-001	-0.000000e+000
4.001697132445795e-003	1.157268e-001	-0.000000e+000
4.002108176205838e-003	1.029815e-001	-0.000000e+000
4.002591703726699e-003	9.084879e-002	-0.000000e+000
4.003450437781570e-003	7.465276e-002	-0.000000e+000
4.004258080475918e-003	6.392141e-002	-0.000000e+000
4.005123433411908e-003	5.662804e-002	-0.000000e+000
4.005913719453257e-003	5.313771e-002	-0.000000e+000
4.006271409937520e-003	5.369621e-002	-0.000000e+000
4.006512900486678e-003	5.666772e-002	-0.000000e+000
4.006766257223836e-003	6.319800e-002	-0.000000e+000
4.006986971110324e-003	7.142972e-002	-0.000000e+000
4.007157869378059e-003	7.878164e-002	-0.000000e+000
4.007357324490405e-003	8.696859e-002	-0.000000e+000
4.007594902996865e-003	9.465337e-002	-0.000000e+000
4.007857923243431e-003	9.985945e-002	-0.000000e+000
4.008111338602904e-003	1.017515e-001	-0.000000e+000
4.008343242400814e-003	1.014220e-001	-0.000000e+000
4.008620516783822e-003	9.976592e-002	-0.000000e+000
4.008930277619239e-003	9.757322e-002	-0.000000e+000
4.009281230008021e-003	9.577797e-002	-0.000000e+000
4.009774246453855e-003	9.602021e-002	-0.000000e+000
4.010343907975791e-003	1.007676e-001	-0.000000e+000
4.010759075158419e-003	1.069541e-001	-0.000000e+000
4.011121051808020e-003	1.127729e-001	-0.000000e+000
4.011514448049139e-003	1.175371e-001	-0.000000e+000
4.011832769741222e-003	1.196716e-001	-0.000000e+000
4.012231113718476e-003	1.207913e-001	-0.000000e+000
4.012691745695651e-003	1.218030e-001	-0.000000e+000
4.013318322014383e-003	1.246048e-001	-0.000000e+000
4.013951099611056e-003	1.295767e-001	-0.000000e+000
4.014544064114521e-003	1.351783e-001	-0.000000e+000
4.015158409611415e-003	1.401925e-001	-0.000000e+000
4.015713709831949e-003	1.435016e-001	-0.000000e+000
4.016359468085251e-003	1.469424e-001	-0.000000e+000
4.017193893009420e-003	1.523281e-001	-0.000000e+000
4.017977772184774e-003	1.581960e-001	-0.000000e+000
4.018828279345502e-003	1.643178e-001	-0.000000e+000
4.019701541072275e-003	1.699017e-001	-0.000000e+000
4.020686821598482e-003	1.762392e-001	-0.000000e+000
4.021763878962571e-003	1.836692e-001	-0.000000e+000
4.022961614159716e-003	1.918386e-001	-0.000000e+000
4.024331780226599e-003	2.008365e-001	-0.000000e+000
4.025825423610974e-003	2.107974e-001	-0.000000e+000
4.027603557100842e-003	2.227377e-001	-0.000000e+000
4.029434514413365e-003	2.348606e-001	-0.000000e+000
4.031825674952709e-003	2.507317e-001	-0.000000e+000
4.035260533007410e-003	2.735384e-001	-0.000000e+000
4.038737451539791e-003	2.965590e-001	-0.000000e+000
4.042973712936578e-003	3.246188e-001	-0.000000e+000
4.048304889485830e-003	3.598845e-001	-0.000000e+000
4.054223880755625e-003	3.990400e-001	-0.000000e+000
4.061059818255624e-003	4.442494e-001	-0.000000e+000
4.067895755755624e-003	4.894618e-001	-0.000000e+000
4.074731693255624e-003	5.346723e-001	-0.000000e+000
4.081567630755623e-003	5.798854e-001	-0.000000e+000
4.088403568255623e-003	6.251007e-001	-0.000000e+000
4.095239505755623e-003	6.703151e-001	-0.000000e+000
4.102075443255623e-003	7.155339e-001	-0.000000e+000
4.108911380755622e-003	7.607490e-001	-0.000000e+000
4.115747318255622e-003	8.059695e-001	-0.000000e+000
4.122583255755622e-003	8.511852e-001	-0.000000e+000
4.129419193255621e-003	8.964059e-001	-0.000000e+000
4.136255130755621e-003	9.416223e-001	-0.000000e+000
4.143091068255621e-003	9.868423e-001	-0.000000e+000
4.149927005755620e-003	1.032059e+000	-0.000000e+000
4.156762943255620e-003	1.077278e+000	-0.000000e+000
4.163598880755620e-003	1.122496e+000	-0.000000e+000
4.170434818255619e-003	1.167713e+000	-0.000000e+000
4.177270755755619e-003	1.212932e+000	-0.000000e+000
4.184106693255619e-003	1.258148e+000	-0.000000e+000
4.190942630755618e-003	1.303366e+000	-0.000000e+000
4.197778568255618e-003	1.348581e+000	-0.000000e+000
4.204614505755618e-003	1.393799e+000	-0.000000e+000
4.211450443255617e-003	1.439014e+000	-0.000000e+000
4.218286380755617e-003	1.484230e+000	-0.000000e+000
4.225122318255617e-003	1.529445e+000	-0.000000e+000
4.231958255755616e-003	1.574660e+000	-0.000000e+000
4.238794193255616e-003	1.619875e+000	-0.000000e+000
4.245630130755616e-003	1.665089e+000	-0.000000e+000
4.252466068255616e-003	1.710303e+000	-0.000000e+000
4.259302005755615e-003	1.755516e+000	-0.000000e+000
4.266137943255615e-003	1.800730e+000	-0.000000e+000
4.272973880755615e-003	1.845942e+000	-0.000000e+000
4.279809818255614e-003	1.891156e+000	-0.000000e+000
4.286645755755614e-003	1.936367e+000	-0.000000e+000
4.293481693255614e-003	1.981580e+000	-0.000000e+000
4.300317630755613e-003	2.026791e+000	-0.000000e+000
4.307153568255613e-003	2.072003e+000	-0.000000e+000
4.313989505755613e-003	2.117213e+000	-0.000000e+000
4.320825443255612e-003	2.162424e+000	-0.000000e+000
4.327661380755612e-003	2.207634e+000	-0.000000e+000
4.334497318255612e-003	2.252844e+000	-0.000000e+000
4.341333255755611e-003	2.298054e+000	-0.000000e+000
4.348169193255611e-003	2.343262e+000	-0.000000e+000
4.355005130755611e-003	2.388472e+000	-0.000000e+000
4.361841068255610e-003	2.433680e+000	-0.000000e+000
4.368677005755610e-003	2.478889e+000	-0.000000e+000
4.375512943255610e-003	2.524096e+000	-0.000000e+000
4.382348880755609e-003	2.569304e+000	-0.000000e+000
4.389184818255609e-003	2.614511e+000	-0.000000e+000
4.396020755755609e-003	2.659718e+000	-0.000000e+000
4.402856693255608e-003	2.704924e+000	-0.000000e+000
4.409692630755608e-003	2.750130e+000	-0.000000e+000
4.416528568255608e-003	2.795336e+000	-0.000000e+000
4.423364505755608e-003	2.840542e+000	-0.000000e+000
4.430200443255607e-003	2.885747e+000	-0.000000e+000
4.437036380755607e-003	2.930952e+000	-0.000000e+000
4.443872318255607e-003	2.976156e+000	-0.000000e+000
4.450708255755606e-003	3.021360e+000	-0.000000e+000
4.457544193255606e-003	3.066565e+000	-0.000000e+000
4.464380130755606e-003	3.111768e+000	-0.000000e+000
4.471216068255605e-003	3.156971e+000	-0.000000e+000
4.478052005755605e-003	3.202174e+000	-0.000000e+000
4.484887943255605e-003	3.247376e+000	-0.000000e+000
4.491723880755604e-003	3.292579e+000	-0.000000e+000
4.498559818255604e-003	3.337780e+000	-0.000000e+000
4.505395755755604e-003	3.382982e+000	-0.000000e+000
4.512231693255603e-003	3.428183e+000	-0.000000e+000
4.519067630755603e-003	3.473384e+000	-0.000000e+000
4.525903568255603e-003	3.518585e+000	-0.000000e+000
4.532739505755602e-003	3.563785e+000	-0.000000e+000
4.539575443255602e-003	3.608985e+000	-0.000000e+000
4.546411380755602e-003	3.654185e+000	-0.000000e+000
4.560083255755601e-003	3.744583e+000	-0.000000e+000
4.566919193255601e-003	3.789782e+000	-0.000000e+000
4.573755130755601e-003	3.834980e+000	-0.000000e+000
4.580591068255600e-003	3.880178e+000	-0.000000e+000
4.587427005755600e-003	3.925376e+000	-0.000000e+000
4.594262943255600e-003	3.970573e+000	-0.000000e+000
4.601098880755599e-003	4.015770e+000	-0.000000e+000
4.607934818255599e-003	4.060967e+000	-0.000000e+000
4.614770755755599e-003	4.106164e+000	-0.000000e+000
4.621606693255598e-003	4.151360e+000	-0.000000e+000
4.628442630755598e-003	4.196556e+000	-0.000000e+000
4.635278568255598e-003	4.241751e+000	-0.000000e+000
4.642114505755597e-003	4.286946e+000	-0.000000e+000
4.648950443255597e-003	4.332141e+000	-0.000000e+000
4.655786380755597e-003	4.377337e+000	-0.000000e+000
4.662622318255596e-003	4.422531e+000	-0.000000e+000
4.669458255755596e-003	4.467725e+000	-0.000000e+000
4.676294193255596e-003	4.512918e+000	-0.000000e+000
4.683130130755595e-003	4.558112e+000	-0.000000e+000
4.689966068255595e-003	4.603305e+000	-0.000000e+000
4.696802005755595e-003	4.648498e+000	-0.000000e+000
4.703637943255594e-003	4.693690e+000	-0.000000e+000
4.710473880755594e-003	4.738882e+000	-0.000000e+000
4.717309818255594e-003	4.784074e+000	-0.000000e+000
4.724145755755593e-003	4.829266e+000	-0.000000e+000
4.730981693255593e-003	4.874457e+000	-0.000000e+000
4.737817630755593e-003	4.919648e+000	-0.000000e+000
4.744653568255593e-003	4.964839e+000	-0.000000e+000
4.751489505755592e-003	5.010029e+000	-0.000000e+000
4.758325443255592e-003	5.055219e+000	-0.000000e+000
4.765161380755592e-003	5.100409e+000	-0.000000e+000
4.771997318255591e-003	5.145598e+000	-0.000000e+000
4.778833255755591e-003	5.190787e+000	-0.000000e+000
4.785669193255591e-003	5.235976e+000	-0.000000e+000
4.792505130755590e-003	5.281165e+000	-0.000000e+000
4.799341068255590e-003	5.326353e+000	-0.000000e+000
4.806177005755590e-003	5.371541e+000	-0.000000e+000
4.813012943255589e-003	5.416729e+000	-0.000000e+000
4.819848880755589e-003	5.461916e+000	-0.000000e+000
4.826684818255589e-003	5.507103e+000	-0.000000e+000
4.840356693255588e-003	5.597476e+000	-0.000000e+000
4.847192630755588e-003	5.642663e+000	-0.000000e+000
4.854028568255587e-003	5.687849e+000	-0.000000e+000
4.860864505755587e-003	5.733035e+000	-0.000000e+000
4.867700443255587e-003	5.778220e+000	-0.000000e+000
4.874536380755586e-003	5.823405e+000	-0.000000e+000
4.881372318255586e-003	5.868589e+000	-0.000000e+000
4.888208255755586e-003	5.913774e+000	-0.000000e+000
4.895044193255586e-003	5.958959e+000	-0.000000e+000
4.901880130755585e-003	6.004142e+000	-0.000000e+000
4.915552005755585e-003	6.094509e+000	-0.000000e+000
4.929223880755584e-003	6.184875e+000	-0.000000e+000
4.942895755755583e-003	6.275239e+000	-0.000000e+000
4.949731693255583e-003	6.320421e+000	-0.000000e+000
4.956567630755583e-003	6.365602e+000	-0.000000e+000
4.963403568255582e-003	6.410784e+000	-0.000000e+000
4.970239505755582e-003	6.455964e+000	-0.000000e+000
4.977075443255582e-003	6.501144e+000	-0.000000e+000
4.990747318255581e-003	6.591504e+000	-0.000000e+000
4.993716468744580e-003	6.611129e+000	-0.000000e+000
4.996685619233579e-003	6.630753e+000	-0.000000e+000
4.999654769722578e-003	6.650377e+000	-0.000000e+000
5.002623920211577e-003	6.670001e+000	-0.000000e+000
5.005593070700576e-003	6.689624e+000	-0.000000e+000
5.008562221189575e-003	6.709247e+000	-0.000000e+000
5.011531371678574e-003	6.728870e+000	-0.000000e+000
5.018367309178574e-003	6.774047e+000	-0.000000e+000
5.025203246678573e-003	6.819224e+000	-0.000000e+000
5.032039184178573e-003	6.864401e+000	-0.000000e+000
5.038875121678573e-003	6.909576e+000	-0.000000e+000
5.045711059178572e-003	6.954751e+000	-0.000000e+000
5.052546996678572e-003	6.999925e+000	-0.000000e+000
5.059382934178572e-003	7.045098e+000	-0.000000e+000
5.066218871678571e-003	7.090270e+000	-0.000000e+000
5.073054809178571e-003	7.135440e+000	-0.000000e+000
5.079890746678571e-003	7.180609e+000	-0.000000e+000
5.086726684178570e-003	7.225776e+000	-0.000000e+000
5.093562621678570e-003	7.270941e+000	-0.000000e+000
5.100398559178570e-003	7.316104e+000	-0.000000e+000
5.107234496678569e-003	7.361264e+000	-0.000000e+000
5.114070434178569e-003	7.406421e+000	-0.000000e+000
5.120906371678569e-003	7.451573e+000	-0.000000e+000
5.127742309178568e-003	7.496722e+000	-0.000000e+000
5.134578246678568e-003	7.541865e+000	-0.000000e+000
5.141414184178568e-003	7.587002e+000	-0.000000e+000
5.148250121678567e-003	7.632131e+000	-0.000000e+000
5.155086059178567e-003	7.677251e+000	-0.000000e+000
5.161921996678567e-003	7.722362e+000	-0.000000e+000
5.168757934178567e-003	7.767459e+000	-0.000000e+000
5.175593871678566e-003	7.812543e+000	-0.000000e+000
5.182429809178566e-003	7.857609e+000	-0.000000e+000
5.189265746678566e-003	7.902654e+000	-0.000000e+000
5.196101684178565e-003	7.947676e+000	-0.000000e+000
5.202937621678565e-003	7.992668e+000	-0.000000e+000
5.209773559178565e-003	8.037626e+000	-0.000000e+000
5.216609496678564e-003	8.082543e+000	-0.000000e+000
5.223445434178564e-003	8.127413e+000	-0.000000e+000
5.230281371678564e-003	8.172226e+000	-0.000000e+000
5.237117309178563e-003	8.216970e+000	-0.000000e+000
5.243953246678563e-003	8.261636e+000	-0.000000e+000
5.250789184178563e-003	8.306206e+000	-0.000000e+000
5.257625121678562e-003	8.350665e+000	-0.000000e+000
5.264461059178562e-003	8.394992e+000	-0.000000e+000
5.271296996678562e-003	8.439163e+000	-0.000000e+000
5.278132934178561e-003	8.483151e+000	-0.000000e+000
5.284968871678561e-003	8.526925e+000	-0.000000e+000
5.291804809178561e-003	8.570447e+000	-0.000000e+000
5.298640746678560e-003	8.613674e+000	-0.000000e+000
5.305476684178560e-003	8.656560e+000	-0.000000e+000
5.312312621678560e-003	8.699048e+000	-0.000000e+000
5.319148559178560e-003	8.741079e+000	-0.000000e+000
5.325984496678559e-003	8.782585e+000	-0.000000e+000
5.332820434178559e-003	8.823495e+000	-0.000000e+000
5.339656371678559e-003	8.863731e+000	-0.000000e+000
5.346492309178558e-003	8.903214e+000	-0.000000e+000
5.353328246678558e-003	8.941866e+000	-0.000000e+000
5.360164184178558e-003	8.979610e+000	-0.000000e+000
5.367000121678557e-003	9.016377e+000	-0.000000e+000
5.373836059178557e-003	9.052110e+000	-0.000000e+000
5.380671996678557e-003	9.086760e+000	-0.000000e+000
5.387507934178556e-003	9.120296e+000	-0.000000e+000
5.394343871678556e-003	9.152706e+000	-0.000000e+000
5.401179809178556e-003	9.183985e+000	-0.000000e+000
5.408015746678555e-003	9.214146e+000	-0.000000e+000
5.414851684178555e-003	9.243208e+000	-0.000000e+000
5.421687621678555e-003	9.271200e+000	-0.000000e+000
5.428523559178554e-003	9.298157e+000	-0.000000e+000
5.435359496678554e-003	9.324109e+000	-0.000000e+000
5.442195434178554e-003	9.349095e+000	-0.000000e+000
5.449031371678553e-003	9.373151e+000	-0.000000e+000
5.455867309178553e-003	9.396310e+000	-0.000000e+000
5.462703246678553e-003	9.418606e+000	-0.000000e+000
5.469539184178552e-003	9.440072e+000	-0.000000e+000
5.476375121678552e-003	9.460738e+000	-0.000000e+000
5.483211059178552e-003	9.480636e+000	-0.000000e+000
5.490046996678552e-003	9.499793e+000	-0.000000e+000
5.496882934178551e-003	9.518238e+000	-0.000000e+000
5.503718871678551e-003	9.535996e+000	-0.000000e+000
5.510554809178551e-003	9.553095e+000	-0.000000e+000
5.517390746678550e-003	9.569557e+000	-0.000000e+000
5.531062621678550e-003	9.600668e+000	-0.000000e+000
5.551570434178549e-003	9.643129e+000	-0.000000e+000
5.572078246678548e-003	9.681028e+000	-0.000000e+000
5.592586059178547e-003	9.714855e+000	-0.000000e+000
5.613093871678546e-003	9.745047e+000	-0.000000e+000
5.633601684178545e-003	9.771996e+000	-0.000000e+000
5.654109496678544e-003	9.796048e+000	-0.000000e+000
5.674617309178543e-003	9.817516e+000	-0.000000e+000
5.695125121678542e-003	9.836679e+000	-0.000000e+000
5.715632934178541e-003	9.853783e+000	-0.000000e+000
5.736140746678540e-003	9.869049e+000	-0.000000e+000
5.756648559178539e-003	9.882675e+000	-0.000000e+000
5.770320434178538e-003	9.890937e+000	-0.000000e+000
5.783992309178538e-003	9.898595e+000	-0.000000e+000
5.797664184178537e-003	9.905695e+000	-0.000000e+000
5.811336059178537e-003	9.912277e+000	-0.000000e+000
5.825007934178536e-003	9.918379e+000	-0.000000e+000
5.838679809178535e-003	9.924036e+000	-0.000000e+000
5.852351684178535e-003	9.929280e+000	-0.000000e+000
5.859187621678534e-003	9.931758e+000	-0.000000e+000
5.866023559178534e-003	9.934143e+000	-0.000000e+000
5.872859496678534e-003	9.936440e+000	-0.000000e+000
5.879695434178533e-003	9.938650e+000	-0.000000e+000
5.886531371678533e-003	9.940779e+000	-0.000000e+000
5.893367309178533e-003	9.942829e+000	-0.000000e+000
5.900203246678532e-003	9.944803e+000	-0.000000e+000
5.907039184178532e-003	9.946704e+000	-0.000000e+000
5.913875121678532e-003	9.948534e+000	-0.000000e+000
5.920711059178531e-003	9.950296e+000	-0.000000e+000
5.927546996678531e-003	9.951994e+000	-0.000000e+000
5.934382934178531e-003	9.953628e+000	-0.000000e+000
5.941218871678530e-003	9.955201e+000	-0.000000e+000
5.948054809178530e-003	9.956716e+000	-0.000000e+000
5.954890746678530e-003	9.958175e+000	-0.000000e+000
5.961726684178530e-003	9.959579e+000	-0.000000e+000
5.968562621678529e-003	9.960933e+000	-0.000000e+000
5.975398559178529e-003	9.962234e+000	-0.000000e+000
5.982234496678529e-003	9.963490e+000	-0.000000e+000
5.989070434178528e-003	9.964697e+000	-0.000000e+000
5.995906371678528e-003	9.965860e+000	-0.000000e+000
6.002742309178528e-003	9.966981e+000	-0.000000e+000
6.009578246678527e-003	9.968060e+000	-0.000000e+000
6.016414184178527e-003	9.969098e+000	-0.000000e+000
6.023250121678527e-003	9.970098e+000	-0.000000e+000
6.030086059178526e-003	9.971063e+000	-0.000000e+000
6.036921996678526e-003	9.971991e+000	-0.000000e+000
6.043757934178526e-003	9.972883e+000	-0.000000e+000
6.050593871678525e-003	9.973743e+000	-0.000000e+000
6.057429809178525e-003	9.974572e+000	-0.000000e+000
6.064265746678525e-003	9.975370e+000	-0.000000e+000
6.071101684178524e-003	9.976139e+000	-0.000000e+000
6.077937621678524e-003	9.976879e+000	-0.000000e+000
6.084773559178524e-003	9.977591e+000	-0.000000e+000
6.091609496678523e-003	9.978277e+000	-0.000000e+000
6.098445434178523e-003	9.978938e+000	-0.000000e+000
6.105281371678523e-003	9.979574e+000	-0.000000e+000
6.112117309178522e-003	9.980186e+000	-0.000000e+000
6.118953246678522e-003	9.980776e+000	-0.000000e+000
6.125789184178522e-003	9.981344e+000	-0.000000e+000
6.132625121678522e-003	9.981891e+000	-0.000000e+000
6.139461059178521e-003	9.982417e+000	-0.000000e+000
6.146296996678521e-003	9.982924e+000	-0.000000e+000
6.153132934178521e-003	9.983413e+000	-0.000000e+000
6.159968871678520e-003	9.983883e+000	-0.000000e+000
6.166804809178520e-003	9.984336e+000	-0.000000e+000
6.173640746678520e-003	9.984772e+000	-0.000000e+000
6.180476684178519e-003	9.985191e+000	-0.000000e+000
6.187312621678519e-003	9.985595e+000	-0.000000e+000
6.194148559178519e-003	9.985984e+000	-0.000000e+000
6.200984496678518e-003	9.986359e+000	-0.000000e+000
6.207820434178518e-003	9.986719e+000	-0.000000e+000
6.214656371678518e-003	9.987066e+000	-0.000000e+000
6.221492309178517e-003	9.987401e+000	-0.000000e+000
6.228328246678517e-003	9.987723e+000	-0.000000e+000
6.235164184178517e-003	9.988033e+000	-0.000000e+000
6.242000121678516e-003	9.988332e+000	-0.000000e+000
6.248836059178516e-003	9.988619e+000	-0.000000e+000
6.255671996678516e-003	9.988895e+000	-0.000000e+000
6.262507934178515e-003	9.989162e+000	-0.000000e+000
6.269343871678515e-003	9.989418e+000	-0.000000e+000
6.276179809178515e-003	9.989666e+000	-0.000000e+000
6.283015746678515e-003	9.989903e+000	-0.000000e+000
6.296687621678514e-003	9.990353e+000	-0.000000e+000
6.310359496678513e-003	9.990769e+000	-0.000000e+000
6.324031371678513e-003	9.991156e+000	-0.000000e+000
6.337703246678512e-003	9.991514e+000	-0.000000e+000
6.358211059178511e-003	9.992002e+000	-0.000000e+000
6.378718871678510e-003	9.992439e+000	-0.000000e+000
6.399226684178509e-003	9.992828e+000	-0.000000e+000
6.419734496678508e-003	9.993176e+000	-0.000000e+000
6.440242309178507e-003	9.993485e+000	-0.000000e+000
6.460750121678506e-003	9.993762e+000	-0.000000e+000
6.481257934178505e-003	9.994009e+000	-0.000000e+000
6.501765746678504e-003	9.994229e+000	-0.000000e+000
6.522273559178503e-003	9.994427e+000	-0.000000e+000
6.542781371678502e-003	9.994601e+000	-0.000000e+000
6.563289184178501e-003	9.994759e+000	-0.000000e+000
6.583796996678500e-003	9.994898e+000	-0.000000e+000
6.604304809178500e-003	9.995022e+000	-0.000000e+000
6.624812621678499e-003	9.995134e+000	-0.000000e+000
6.645320434178498e-003	9.995234e+000	-0.000000e+000
6.665828246678497e-003	9.995321e+000	-0.000000e+000
6.686336059178496e-003	9.995400e+000	-0.000000e+000
6.706843871678495e-003	9.995471e+000	-0.000000e+000
6.727351684178494e-003	9.995534e+000	-0.000000e+000
6.747859496678493e-003	9.995590e+000	-0.000000e+000
6.768367309178492e-003	9.995641e+000	-0.000000e+000
6.788875121678491e-003	9.995686e+000	-0.000000e+000
6.809382934178490e-003	9.995725e+000	-0.000000e+000
6.829890746678489e-003	9.995761e+000	-0.000000e+000
6.850398559178488e-003	9.995792e+000	-0.000000e+000
6.870906371678487e-003	9.995821e+000	-0.000000e+000
6.891414184178486e-003	9.995846e+000	-0.000000e+000
6.911921996678485e-003	9.995869e+000	-0.000000e+000
6.932429809178484e-003	9.995889e+000	-0.000000e+000
6.952937621678483e-003	9.995907e+000	-0.000000e+000
6.973445434178482e-003	9.995923e+000	-0.000000e+000
6.987117309178482e-003	9.995933e+000	-0.000000e+000
6.993953246678481e-003	9.995936e+000	-0.000000e+000
7.000000000000000e-003	9.995939e+000	-0.000000e+000
