time	V(vout)	-I(Rl)
0.000000000000000e+000	9.996057e+000	-0.000000e+000
6.835937371718615e-011	9.996061e+000	-0.000000e+000
1.367187474343723e-010	9.996064e+000	-0.000000e+000
2.734374948687446e-010	9.996063e+000	-0.000000e+000
5.468749897374892e-010	9.996057e+000	-0.000000e+000
9.072439370927236e-010	9.996051e+000	-0.000000e+000
1.293680425076388e-009	9.996048e+000	-0.000000e+000
2.036730600995510e-009	9.996048e+000	-0.000000e+000
2.148706619710672e-009	9.996050e+000	-0.000000e+000
2.372658657140994e-009	9.996055e+000	-0.000000e+000
2.820562732001640e-009	9.996062e+000	-0.000000e+000
3.273398710222649e-009	9.996065e+000	-0.000000e+000
4.179070666664669e-009	9.996060e+000	-0.000000e+000
5.798991817422355e-009	9.996056e+000	-0.000000e+000
7.382420173946732e-009	9.996056e+000	-0.000000e+000
9.713716126900966e-009	9.996055e+000	-0.000000e+000
1.376311769871881e-008	9.996056e+000	-0.000000e+000
2.164506339776172e-008	9.996061e+000	-0.000000e+000
3.696770010381409e-008	9.996057e+000	-0.000000e+000
5.247647737149295e-008	9.996051e+000	-0.000000e+000
7.786543663213850e-008	9.996057e+000	-0.000000e+000
1.207499186464082e-007	9.996065e+000	-0.000000e+000
2.065188826749476e-007	9.996063e+000	-0.000000e+000
3.294540198775627e-007	9.996058e+000	-0.000000e+000
5.056613904692443e-007	9.996054e+000	-0.000000e+000
8.580761316526076e-007	9.996051e+000	-0.000000e+000
1.388447475581837e-006	9.996052e+000	-0.000000e+000
2.340561994137434e-006	9.996055e+000	-0.000000e+000
3.526206777641276e-006	9.996058e+000	-0.000000e+000
5.897496344648960e-006	9.996063e+000	-0.000000e+000
1.064007547866433e-005	9.996060e+000	-0.000000e+000
1.747601297866433e-005	9.996052e+000	-0.000000e+000
2.431195047866433e-005	9.996048e+000	-0.000000e+000
3.114788797866433e-005	9.996048e+000	-0.000000e+000
3.798382547866432e-005	9.996049e+000	-0.000000e+000
4.481976297866432e-005	9.996050e+000	-0.000000e+000
5.165570047866432e-005	9.996051e+000	-0.000000e+000
5.849163797866432e-005	9.996052e+000	-0.000000e+000
6.532757547866432e-005	9.996052e+000	-0.000000e+000
7.216351297866433e-005	9.996052e+000	-0.000000e+000
7.899945047866433e-005	9.996052e+000	-0.000000e+000
8.583538797866434e-005	9.996052e+000	-0.000000e+000
9.267132547866435e-005	9.996053e+000	-0.000000e+000
9.950726297866435e-005	9.996053e+000	-0.000000e+000
1.063432004786644e-004	9.996053e+000	-0.000000e+000
1.131791379786644e-004	9.996053e+000	-0.000000e+000
1.268510129786644e-004	9.996053e+000	-0.000000e+000
1.405228879786644e-004	9.996053e+000	-0.000000e+000
1.532182004786644e-004	9.996053e+000	-0.000000e+000
1.659135129786644e-004	9.996053e+000	-0.000000e+000
1.786088254786645e-004	9.996054e+000	-0.000000e+000
1.913041379786645e-004	9.996054e+000	-0.000000e+000
2.039994504786645e-004	9.996054e+000	-0.000000e+000
2.166947629786645e-004	9.996054e+000	-0.000000e+000
2.293900754786645e-004	9.996054e+000	-0.000000e+000
2.704057004786645e-004	9.996054e+000	-0.000000e+000
3.114213254786646e-004	9.996054e+000	-0.000000e+000
3.524369504786647e-004	9.996055e+000	-0.000000e+000
3.934525754786647e-004	9.996055e+000	-0.000000e+000
4.344682004786647e-004	9.996055e+000	-0.000000e+000
4.754838254786648e-004	9.996055e+000	-0.000000e+000
5.164994504786647e-004	9.996056e+000	-0.000000e+000
5.868119504786648e-004	9.996056e+000	-0.000000e+000
6.571244504786647e-004	9.996056e+000	-0.000000e+000
7.274369504786648e-004	9.996056e+000	-0.000000e+000
7.977494504786647e-004	9.996056e+000	-0.000000e+000
8.680619504786648e-004	9.996056e+000	-0.000000e+000
9.383744504786649e-004	9.996056e+000	-0.000000e+000
1.008686950478665e-003	9.996056e+000	-0.000000e+000
1.986226012978651e-003	9.996056e+000	-0.000000e+000
1.993061950478651e-003	9.996056e+000	-0.000000e+000
1.993164062500000e-003	9.996056e+000	-0.000000e+000
1.993368286542698e-003	9.996058e+000	-0.000000e+000
1.993776734628093e-003	9.996065e+000	-0.000000e+000
1.994515475516781e-003	9.996065e+000	-0.000000e+000
1.995771581217828e-003	9.996058e+000	-0.000000e+000
1.997617730481151e-003	9.996062e+000	-0.000000e+000
1.998136936776326e-003	9.996065e+000	-0.000000e+000
1.998961587409649e-003	9.996067e+000	-0.000000e+000
2.000000000000000e-003	9.996061e+000	-0.000000e+000
2.000000003168984e-003	3.332021e+000	3.581201e+001
2.000000009506951e-003	8.180680e-009	4.090340e+001
2.000000009764624e-003	8.108546e-009	4.054273e+001
2.000000134764624e-003	3.540674e-009	1.770337e+001
2.000000136717749e-003	3.470203e-009	1.735101e+001
2.000000140623999e-003	3.345365e-009	1.672683e+001
2.000000148436499e-003	3.157231e-009	1.578616e+001
2.000000164061499e-003	2.927561e-009	1.463780e+001
2.000000186681753e-003	2.745018e-009	1.372509e+001
2.000000189554672e-003	2.733144e-009	1.366572e+001
2.000000195300508e-003	2.721677e-009	1.360839e+001
2.000000206792182e-003	2.707267e-009	1.353634e+001
2.000000229775529e-003	2.696505e-009	1.348253e+001
2.000000272817619e-003	2.697134e-009	1.348567e+001
2.000000322249400e-003	2.703792e-009	1.351896e+001
2.000000367256629e-003	2.707356e-009	1.353678e+001
2.000000415990210e-003	2.707426e-009	1.353713e+001
2.000000471719566e-003	2.704525e-009	1.352263e+001
2.000000531654663e-003	2.699077e-009	1.349538e+001
2.000000590024866e-003	2.692105e-009	1.346052e+001
2.000000655538842e-003	2.682879e-009	1.341440e+001
2.000000728903577e-003	2.671555e-009	1.335778e+001
2.000000739392960e-003	2.669845e-009	1.334923e+001
2.000000760371727e-003	2.666306e-009	1.333153e+001
2.000000802329260e-003	2.659053e-009	1.329527e+001
2.000000886244328e-003	2.644090e-009	1.322045e+001
2.000001006666857e-003	2.622107e-009	1.311054e+001
2.000001128292266e-003	2.599760e-009	1.299880e+001
2.000001277448440e-003	2.572786e-009	1.286393e+001
2.000001447941104e-003	2.543316e-009	1.271658e+001
2.000001687397841e-003	2.505326e-009	1.252663e+001
2.000002024771317e-003	2.458896e-009	1.229448e+001
2.000002464284507e-003	2.410341e-009	1.205170e+001
2.000002997365886e-003	2.367430e-009	1.183715e+001
2.000003602384190e-003	2.335955e-009	1.167978e+001
2.000004243723732e-003	2.317866e-009	1.158933e+001
2.000004888810640e-003	2.311479e-009	1.155739e+001
2.000005584034581e-003	2.313837e-009	1.156918e+001
2.000006320931275e-003	2.323417e-009	1.161709e+001
2.000007253887825e-003	2.341837e-009	1.170918e+001
2.000007844514997e-003	2.356668e-009	1.178334e+001
2.000008292452271e-003	2.369349e-009	1.184675e+001
2.000008602064031e-003	2.377828e-009	1.188914e+001
2.000008936118233e-003	2.386303e-009	1.193152e+001
2.000009333670009e-003	2.395861e-009	1.197931e+001
2.000009693927632e-003	2.404000e-009	1.202000e+001
2.000010229848564e-003	2.415201e-009	1.207600e+001
2.000010817261053e-003	2.426080e-009	1.213040e+001
2.000011661410163e-003	2.439086e-009	1.219543e+001
2.000012551891424e-003	2.449430e-009	1.224715e+001
2.000013919380308e-003	2.460104e-009	1.230052e+001
2.000015482064617e-003	2.467780e-009	1.233890e+001
2.000017001882394e-003	2.472317e-009	1.236158e+001
2.000018371720740e-003	2.474831e-009	1.237415e+001
2.000019583121754e-003	2.475668e-009	1.237834e+001
2.000020290760809e-003	2.474860e-009	1.237430e+001
2.000021016591243e-003	2.472963e-009	1.236482e+001
2.000021767972511e-003	2.470860e-009	1.235430e+001
2.000022506136980e-003	2.469017e-009	1.234509e+001
2.000023011786963e-003	2.467887e-009	1.233944e+001
2.000023754246301e-003	2.466411e-009	1.233205e+001
2.000024514944672e-003	2.465203e-009	1.232602e+001
2.000025387454299e-003	2.464279e-009	1.232139e+001
2.000026346041456e-003	2.463819e-009	1.231909e+001
2.000028263215770e-003	2.463968e-009	1.231984e+001
2.000030743917072e-003	2.465241e-009	1.232621e+001
2.000033301236651e-003	2.467304e-009	1.233652e+001
2.000037187863408e-003	2.470920e-009	1.235460e+001
2.000042871554119e-003	2.476328e-009	1.238164e+001
2.000048054001901e-003	2.481355e-009	1.240677e+001
2.000052665332920e-003	2.486313e-009	1.243156e+001
2.000057797522936e-003	2.493128e-009	1.246564e+001
2.000062505711194e-003	2.501575e-009	1.250788e+001
2.000067599301759e-003	2.514452e-009	1.257226e+001
2.000073266987110e-003	2.534838e-009	1.267419e+001
2.000080517776917e-003	2.571069e-009	1.285535e+001
2.000088399286252e-003	2.621312e-009	1.310656e+001
2.000091661280050e-003	2.646139e-009	1.323069e+001
2.000093979605343e-003	2.666026e-009	1.333013e+001
2.000095732773524e-003	2.682242e-009	1.341121e+001
2.000097574800253e-003	2.700448e-009	1.350224e+001
2.000099420073276e-003	2.719896e-009	1.359948e+001
2.000101495461816e-003	2.743583e-009	1.371792e+001
2.000105078295377e-003	2.788880e-009	1.394440e+001
2.000110661239647e-003	2.868006e-009	1.434003e+001
2.000116825191171e-003	2.965614e-009	1.482807e+001
2.000122612732392e-003	3.065337e-009	1.532668e+001
2.000125410000823e-003	3.116139e-009	1.558070e+001
2.000127264891333e-003	3.150521e-009	1.575261e+001
2.000128151597210e-003	3.166458e-009	1.583229e+001
2.000128867165015e-003	3.178579e-009	1.589289e+001
2.000128901477616e-003	3.179122e-009	1.589561e+001
2.000128970102817e-003	3.180178e-009	1.590089e+001
2.000129107353219e-003	3.182328e-009	1.591164e+001
2.000129381854023e-003	3.186685e-009	1.593342e+001
2.000129646663880e-003	3.190929e-009	1.595464e+001
2.000130066834017e-003	3.197696e-009	1.598848e+001
2.000130447562351e-003	3.203825e-009	1.601912e+001
2.000130997434588e-003	3.212640e-009	1.606320e+001
2.000131597927555e-003	3.222169e-009	1.611084e+001
2.000132652511902e-003	3.238532e-009	1.619266e+001
2.000134045034838e-003	3.258934e-009	1.629467e+001
2.000136062308400e-003	3.284114e-009	1.642057e+001
2.000138032882926e-003	3.298001e-009	1.649001e+001
2.000139325315080e-003	3.287862e-009	1.643931e+001
2.000140243110652e-003	3.257859e-009	1.628930e+001
2.000140916755131e-003	3.225995e-009	1.612997e+001
2.000141314153415e-003	3.213137e-009	1.606569e+001
2.000141629373830e-003	3.211097e-009	1.605549e+001
2.000141662446377e-003	3.211512e-009	1.605756e+001
2.000141728591471e-003	3.213111e-009	1.606556e+001
2.000141860881661e-003	3.216803e-009	1.608401e+001
2.000141885740774e-003	3.217523e-009	1.608762e+001
2.000141935459001e-003	3.218975e-009	1.609488e+001
2.000141947888558e-003	3.219340e-009	1.609670e+001
2.000141950995947e-003	3.219432e-009	1.609716e+001
2.000141957210726e-003	3.219615e-009	1.609808e+001
2.000141969640283e-003	3.219982e-009	1.609991e+001
2.000141994499396e-003	3.220717e-009	1.610358e+001
2.000142044217623e-003	3.222190e-009	1.611095e+001
2.000142143654077e-003	3.225140e-009	1.612570e+001
2.000142342526986e-003	3.231015e-009	1.615508e+001
2.000142627064209e-003	3.239299e-009	1.619650e+001
2.000142890705503e-003	3.246742e-009	1.623371e+001
2.000143276578232e-003	3.257094e-009	1.628547e+001
2.000143873406038e-003	3.272008e-009	1.636004e+001
2.000144581747631e-003	3.288556e-009	1.644278e+001
2.000145158823874e-003	3.301471e-009	1.650735e+001
2.000145629978946e-003	3.311664e-009	1.655832e+001
2.000145694140428e-003	3.313019e-009	1.656510e+001
2.000145822463391e-003	3.315707e-009	1.657854e+001
2.000146079109318e-003	3.321053e-009	1.660527e+001
2.000146592401171e-003	3.331687e-009	1.665844e+001
2.000147113862643e-003	3.342487e-009	1.671243e+001
2.000147862985459e-003	3.358070e-009	1.679035e+001
2.000148925119573e-003	3.380429e-009	1.690214e+001
2.000151049387801e-003	3.426136e-009	1.713068e+001
2.000154473873384e-003	3.502045e-009	1.751023e+001
2.000157653353818e-003	3.575222e-009	1.787611e+001
2.000161398858400e-003	3.665230e-009	1.832615e+001
2.000165709925693e-003	3.774637e-009	1.887318e+001
2.000173499994164e-003	3.988078e-009	1.994039e+001
2.000185589508803e-003	4.353641e-009	2.176821e+001
2.000200172548283e-003	4.841968e-009	2.420984e+001
2.000210377256004e-003	5.218910e-009	2.609455e+001
2.000222894991564e-003	5.721860e-009	2.860930e+001
2.000235951608032e-003	6.278079e-009	3.139039e+001
2.000243696508431e-003	6.621959e-009	3.310980e+001
2.000250968052413e-003	6.953011e-009	3.476506e+001
2.000258233921333e-003	7.287362e-009	3.643681e+001
2.000266700372215e-003	7.676132e-009	3.838066e+001
2.000280250218393e-003	8.285181e-009	4.142590e+001
2.000293674833131e-003	8.857464e-009	4.428732e+001
2.000308578200814e-003	9.435595e-009	4.717797e+001
2.000324294850797e-003	9.974386e-009	4.987193e+001
2.000334461385041e-003	1.027594e-008	5.137968e+001
2.000343331495964e-003	1.050036e-008	5.250178e+001
2.000354220690044e-003	1.073555e-008	5.367773e+001
2.000364384722455e-003	1.091606e-008	5.458031e+001
2.000380364319902e-003	1.113482e-008	5.567411e+001
2.000399728614195e-003	1.132371e-008	5.661856e+001
2.000422824994407e-003	1.146742e-008	5.733712e+001
2.000444071340934e-003	1.154577e-008	5.772883e+001
2.000454121843859e-003	1.156561e-008	5.782804e+001
2.000459176109970e-003	1.157018e-008	5.785088e+001
2.000463912907481e-003	1.157226e-008	5.786130e+001
2.000465788799445e-003	1.157271e-008	5.786354e+001
2.000468821176401e-003	1.157294e-008	5.786471e+001
2.000471687663992e-003	1.157265e-008	5.786324e+001
2.000477420639174e-003	1.157088e-008	5.785440e+001
2.000482620564976e-003	1.156808e-008	5.784040e+001
2.000489783085800e-003	1.156237e-008	5.781185e+001
2.000497933888347e-003	1.155365e-008	5.776822e+001
2.000510016377877e-003	1.153715e-008	5.768573e+001
2.000524630838855e-003	1.151315e-008	5.756573e+001
2.000536796974999e-003	1.149022e-008	5.745108e+001
2.000546512740234e-003	1.147030e-008	5.735150e+001
2.000547545772845e-003	1.146808e-008	5.734040e+001
2.000549611838065e-003	1.146352e-008	5.731760e+001
2.000553743968507e-003	1.145421e-008	5.727104e+001
2.000560528890487e-003	1.143848e-008	5.719240e+001
2.000567543225371e-003	1.142167e-008	5.710837e+001
2.000574734069955e-003	1.140384e-008	5.701919e+001
2.000581846757577e-003	1.138559e-008	5.692794e+001
2.000589927457588e-003	1.136413e-008	5.682065e+001
2.000599067210921e-003	1.133897e-008	5.669486e+001
2.000609315422805e-003	1.130965e-008	5.654823e+001
2.000620648098969e-003	1.127579e-008	5.637896e+001
2.000633579186321e-003	1.123523e-008	5.617613e+001
2.000648956316916e-003	1.118403e-008	5.592017e+001
2.000669083237606e-003	1.111272e-008	5.556361e+001
2.000682290203511e-003	1.106292e-008	5.531460e+001
2.000693079625475e-003	1.101974e-008	5.509870e+001
2.000703997959563e-003	1.097374e-008	5.486868e+001
2.000714362434305e-003	1.092755e-008	5.463773e+001
2.000729291927946e-003	1.085652e-008	5.428259e+001
2.000745486452074e-003	1.077280e-008	5.386403e+001
2.000766686265744e-003	1.065120e-008	5.325599e+001
2.000790392353103e-003	1.049594e-008	5.247972e+001
2.000822491229099e-003	1.024856e-008	5.124279e+001
2.000863436722858e-003	9.877287e-009	4.938644e+001
2.000907827669228e-003	9.421981e-009	4.710991e+001
2.000951800094513e-003	8.943272e-009	4.471636e+001
2.000999750136333e-003	8.421019e-009	4.210509e+001
2.001054633537458e-003	7.844014e-009	3.922007e+001
2.001114149612842e-003	7.247285e-009	3.623642e+001
2.001168115487920e-003	6.731296e-009	3.365648e+001
2.001230309168947e-003	6.160908e-009	3.080454e+001
2.001295731924242e-003	5.588118e-009	2.794059e+001
2.001384943271947e-003	4.868307e-009	2.434154e+001
2.001447401491717e-003	4.446508e-009	2.223254e+001
2.001518806660373e-003	4.064615e-009	2.032308e+001
2.001552931758297e-003	3.916099e-009	1.958049e+001
2.001597912377222e-003	3.751055e-009	1.875527e+001
2.001638182684215e-003	3.620343e-009	1.810172e+001
2.001680370086471e-003	3.499689e-009	1.749844e+001
2.001733271324103e-003	3.364401e-009	1.682201e+001
2.001768435185686e-003	3.283393e-009	1.641697e+001
2.001804305861086e-003	3.208048e-009	1.604024e+001
2.001819711534626e-003	3.177844e-009	1.588922e+001
2.001839523611132e-003	3.140645e-009	1.570322e+001
2.001857251251534e-003	3.108180e-009	1.554090e+001
2.001877787104437e-003	3.071924e-009	1.535962e+001
2.001908803235096e-003	3.019585e-009	1.509793e+001
2.001941677214856e-003	2.967636e-009	1.483818e+001
2.002007425174375e-003	2.872149e-009	1.436074e+001
2.002077382665262e-003	2.781130e-009	1.390565e+001
2.002193622620580e-003	2.649138e-009	1.324569e+001
2.002319085757673e-003	2.524974e-009	1.262487e+001
2.002424795175789e-003	2.433053e-009	1.216526e+001
2.002495764139923e-003	2.376895e-009	1.188447e+001
2.002520795108351e-003	2.358259e-009	1.179130e+001
2.002547966575672e-003	2.338815e-009	1.169408e+001
2.002583326309180e-003	2.314217e-009	1.157108e+001
2.002615408284226e-003	2.292558e-009	1.146279e+001
2.002651004059538e-003	2.269295e-009	1.134648e+001
2.002693487984859e-003	2.242476e-009	1.121238e+001
2.002743959773860e-003	2.211857e-009	1.105928e+001
2.002808927842504e-003	2.174130e-009	1.087065e+001
2.002872443662784e-003	2.138936e-009	1.069468e+001
2.002941381091096e-003	2.102568e-009	1.051284e+001
2.003010923353211e-003	2.067635e-009	1.033818e+001
2.003082335461016e-003	2.033462e-009	1.016731e+001
2.003154153404445e-003	2.000657e-009	1.000329e+001
2.003227422037783e-003	1.968684e-009	9.843418e+000
2.003308399136362e-003	1.935067e-009	9.675333e+000
2.003430347798769e-003	1.887059e-009	9.435296e+000
2.003545315896420e-003	1.844598e-009	9.222990e+000
2.003737264701979e-003	1.778771e-009	8.893856e+000
2.003941440245727e-003	1.714486e-009	8.572428e+000
2.004246055669841e-003	1.627844e-009	8.139221e+000
2.004614970535208e-003	1.533759e-009	7.668796e+000
2.005039130254402e-003	1.437529e-009	7.187644e+000
2.005510850686950e-003	1.343496e-009	6.717482e+000
2.006284078613862e-003	1.208807e-009	6.044035e+000
2.007004000517971e-003	1.099775e-009	5.498877e+000
2.007857404513005e-003	9.877943e-010	4.938972e+000
2.008617964008590e-003	9.002815e-010	4.501408e+000
2.009399515942556e-003	8.206262e-010	4.103131e+000
2.010003449309145e-003	7.647516e-010	3.823758e+000
2.010340799576525e-003	7.360417e-010	3.680208e+000
2.010846278153697e-003	6.956576e-010	3.478288e+000
2.011124819113831e-003	6.745496e-010	3.372748e+000
2.011505432499448e-003	6.475537e-010	3.237768e+000
2.012266659270682e-003	5.972360e-010	2.986180e+000
2.012860844066395e-003	5.613909e-010	2.806954e+000
2.013294882044740e-003	5.395081e-010	2.697541e+000
2.013733169610018e-003	5.256119e-010	2.628060e+000
2.014048084905885e-003	5.282192e-010	2.641096e+000
2.014372259285010e-003	5.475986e-010	2.737993e+000
2.014551002085796e-003	5.646749e-010	2.823374e+000
2.014744758563742e-003	5.844111e-010	2.922055e+000
2.014891835548783e-003	5.973861e-010	2.986931e+000
2.015059575021462e-003	6.102711e-010	3.051356e+000
2.015243731411048e-003	6.235726e-010	3.117863e+000
2.015530355072997e-003	6.438960e-010	3.219480e+000
2.015839271426066e-003	6.657863e-010	3.328931e+000
2.016457104132204e-003	7.098707e-010	3.549353e+000
2.017219372039715e-003	7.648512e-010	3.824256e+000
2.017626856225593e-003	7.946152e-010	3.973076e+000
2.017831742565268e-003	8.098074e-010	4.049037e+000
2.017957058408622e-003	8.191810e-010	4.095905e+000
2.018049304137942e-003	8.260796e-010	4.130398e+000
2.018113030653459e-003	8.308376e-010	4.154188e+000
2.018164688191097e-003	8.346888e-010	4.173444e+000
2.018222243254035e-003	8.389733e-010	4.194867e+000
2.018257227617486e-003	8.415735e-010	4.207868e+000
2.018277082767314e-003	8.430468e-010	4.215234e+000
2.018306373243731e-003	8.452160e-010	4.226080e+000
2.018337913251243e-003	8.475472e-010	4.237736e+000
2.018359004244758e-003	8.491023e-010	4.245512e+000
2.018379995194275e-003	8.506459e-010	4.253230e+000
2.018404959368972e-003	8.524765e-010	4.262383e+000
2.018429480212249e-003	8.542678e-010	4.271339e+000
2.018460119538793e-003	8.564955e-010	4.282477e+000
2.018493276715932e-003	8.588895e-010	4.294447e+000
2.018542215633076e-003	8.623838e-010	4.311919e+000
2.018607246064766e-003	8.669134e-010	4.334567e+000
2.018737306928147e-003	8.755713e-010	4.377857e+000
2.018858899392252e-003	8.828365e-010	4.414183e+000
2.019063248965803e-003	8.916628e-010	4.458314e+000
2.019471948112905e-003	9.002781e-010	4.501390e+000
2.019762545952854e-003	9.001788e-010	4.500894e+000
2.020075088193774e-003	8.955100e-010	4.477550e+000
2.020392339915794e-003	8.889836e-010	4.444918e+000
2.020725038427828e-003	8.812953e-010	4.406476e+000
2.021180809928701e-003	8.705420e-010	4.352710e+000
2.021680568122903e-003	8.590013e-010	4.295007e+000
2.022224087428182e-003	8.470389e-010	4.235195e+000
2.023111404380788e-003	8.288338e-010	4.144169e+000
2.024104956604309e-003	8.103103e-010	4.051551e+000
2.025632335843260e-003	7.851950e-010	3.925975e+000
2.027346415235970e-003	7.611306e-010	3.805653e+000
2.029623732199185e-003	7.351889e-010	3.675945e+000
2.032774971932527e-003	7.074130e-010	3.537065e+000
2.036297354643081e-003	6.841620e-010	3.420810e+000
2.038979883300198e-003	6.711685e-010	3.355842e+000
2.041814663470434e-003	6.608608e-010	3.304304e+000
2.043707888519648e-003	6.553424e-010	3.276712e+000
2.044789080892318e-003	6.527428e-010	3.263714e+000
2.046402804493806e-003	6.493821e-010	3.246910e+000
2.047423290298676e-003	6.475029e-010	3.237514e+000
2.048624119379252e-003	6.456065e-010	3.228032e+000
2.051025777540405e-003	6.423877e-010	3.211939e+000
2.053176795277415e-003	6.399893e-010	3.199947e+000
2.054853873547289e-003	6.384601e-010	3.192301e+000
2.056524483372842e-003	6.371964e-010	3.185982e+000
2.058505415988882e-003	6.359081e-010	3.179541e+000
2.059229792389703e-003	6.354874e-010	3.177437e+000
2.059673283385751e-003	6.352408e-010	3.176204e+000
2.059984709934866e-003	6.350618e-010	3.175309e+000
2.060256912270362e-003	6.348913e-010	3.174457e+000
2.060489901107029e-003	6.347273e-010	3.173637e+000
2.060680252076496e-003	6.345791e-010	3.172896e+000
2.060838778169786e-003	6.344427e-010	3.172214e+000
2.060954045385799e-003	6.343258e-010	3.171629e+000
2.061015454864586e-003	6.342304e-010	3.171152e+000
2.061049171723665e-003	6.341326e-010	3.170663e+000
2.061075248069207e-003	6.340034e-010	3.170017e+000
2.061103333101946e-003	6.337969e-010	3.168985e+000
2.061138743450766e-003	6.334359e-010	3.167179e+000
2.061198929460317e-003	6.326564e-010	3.163282e+000
2.061262128995374e-003	6.317187e-010	3.158593e+000
2.061355260665811e-003	6.302707e-010	3.151353e+000
2.061469724744089e-003	6.284316e-010	3.142158e+000
2.061616084154149e-003	6.257412e-010	3.128706e+000
2.061757573543333e-003	6.224058e-010	3.112029e+000
2.061921030780471e-003	6.173924e-010	3.086962e+000
2.062104349414705e-003	6.104114e-010	3.052057e+000
2.062300092397615e-003	6.012471e-010	3.006235e+000
2.062658147670692e-003	5.810841e-010	2.905421e+000
2.062995899571107e-003	5.586052e-010	2.793026e+000
2.063561520309907e-003	5.157278e-010	2.578639e+000
2.064137658615562e-003	4.688516e-010	2.344258e+000
2.064858500700557e-003	4.090975e-010	2.045487e+000
2.065688015377367e-003	3.445476e-010	1.722738e+000
2.067121083074242e-003	2.498493e-010	1.249246e+000
2.068689714109537e-003	1.723395e-010	8.616974e-001
2.070239281654666e-003	1.234360e-010	6.171798e-001
2.071645870698740e-003	9.990767e-011	4.995384e-001
2.073351386935705e-003	8.718194e-011	4.359097e-001
2.074874266759978e-003	8.123651e-011	4.061826e-001
2.076524142110979e-003	7.589495e-011	3.794748e-001
2.078383407040179e-003	7.055947e-011	3.527974e-001
2.080776887515016e-003	6.601167e-011	3.300583e-001
2.083374729364823e-003	6.313276e-011	3.156638e-001
2.087034141554776e-003	6.005330e-011	3.002665e-001
2.091155641145225e-003	5.705804e-011	2.852902e-001
2.095082947635909e-003	5.487657e-011	2.743828e-001
2.098908834668149e-003	5.308242e-011	2.654121e-001
2.102683532686860e-003	5.146599e-011	2.573299e-001
2.106518129204523e-003	5.010897e-011	2.505448e-001
2.110340385447362e-003	4.894286e-011	2.447143e-001
2.114182140870389e-003	4.787891e-011	2.393945e-001
2.118001384887857e-003	4.698342e-011	2.349171e-001
2.121835368768902e-003	4.621085e-011	2.310542e-001
2.125656918518618e-003	4.551883e-011	2.275941e-001
2.129489972207510e-003	4.492186e-011	2.246093e-001
2.133313663501020e-003	4.441077e-011	2.220539e-001
2.137145127577635e-003	4.395477e-011	2.197739e-001
2.140969910031330e-003	4.355911e-011	2.177956e-001
2.144800318975771e-003	4.321896e-011	2.160948e-001
2.148626010595319e-003	4.291902e-011	2.145951e-001
2.152455699773632e-003	4.265619e-011	2.132809e-001
2.156282023475454e-003	4.242985e-011	2.121493e-001
2.160111196681909e-003	4.223118e-011	2.111559e-001
2.163937985460712e-003	4.205699e-011	2.102849e-001
2.167766816247468e-003	4.190639e-011	2.095319e-001
2.171593968544488e-003	4.177505e-011	2.088753e-001
2.175422601335814e-003	4.165965e-011	2.082983e-001
2.179250079542740e-003	4.155939e-011	2.077970e-001
2.183078670924987e-003	4.147202e-011	2.073601e-001
2.186906527664974e-003	4.139539e-011	2.069770e-001
2.190735304684751e-003	4.132870e-011	2.066435e-001
2.194563747247096e-003	4.127075e-011	2.063538e-001
2.198393122331777e-003	4.122002e-011	2.061001e-001
2.202222666857414e-003	4.117570e-011	2.058785e-001
2.206053475557248e-003	4.113705e-011	2.056853e-001
2.209885288415844e-003	4.110321e-011	2.055161e-001
2.213719301121476e-003	4.107363e-011	2.053681e-001
2.217555940924655e-003	4.104789e-011	2.052394e-001
2.221396961709856e-003	4.102543e-011	2.051271e-001
2.225243989898435e-003	4.100578e-011	2.050289e-001
2.229100218243220e-003	4.098857e-011	2.049429e-001
2.232969653124389e-003	4.097347e-011	2.048674e-001
2.236948908216682e-003	4.096001e-011	2.048001e-001
2.241720452811951e-003	4.094624e-011	2.047312e-001
2.247057547631381e-003	4.093333e-011	2.046667e-001
2.253493052100119e-003	4.092060e-011	2.046030e-001
2.260328989600119e-003	4.090969e-011	2.045485e-001
2.267164927100119e-003	4.090103e-011	2.045051e-001
2.274000864600119e-003	4.089424e-011	2.044712e-001
2.280836802100120e-003	4.088891e-011	2.044446e-001
2.287672739600120e-003	4.088464e-011	2.044232e-001
2.294508677100120e-003	4.088123e-011	2.044061e-001
2.301344614600120e-003	4.087852e-011	2.043926e-001
2.308180552100120e-003	4.087637e-011	2.043819e-001
2.315016489600120e-003	4.087466e-011	2.043733e-001
2.321852427100120e-003	4.087325e-011	2.043663e-001
2.328688364600120e-003	4.087210e-011	2.043605e-001
2.335524302100120e-003	4.087120e-011	2.043560e-001
2.342360239600121e-003	4.087047e-011	2.043523e-001
2.349196177100121e-003	4.086985e-011	2.043492e-001
2.356032114600121e-003	4.086932e-011	2.043466e-001
2.362868052100121e-003	4.086890e-011	2.043445e-001
2.369703989600121e-003	4.086855e-011	2.043428e-001
2.376539927100121e-003	4.086825e-011	2.043413e-001
2.383375864600121e-003	4.086798e-011	2.043399e-001
2.390211802100121e-003	4.086775e-011	2.043388e-001
2.397047739600121e-003	4.086757e-011	2.043379e-001
2.403883677100122e-003	4.086741e-011	2.043371e-001
2.410719614600122e-003	4.086725e-011	2.043363e-001
2.417555552100122e-003	4.086712e-011	2.043356e-001
2.424391489600122e-003	4.086701e-011	2.043350e-001
2.431227427100122e-003	4.086691e-011	2.043346e-001
2.438063364600122e-003	4.086681e-011	2.043341e-001
2.444899302100122e-003	4.086672e-011	2.043336e-001
2.451735239600122e-003	4.086664e-011	2.043332e-001
2.458571177100122e-003	4.086658e-011	2.043329e-001
2.465407114600123e-003	4.086652e-011	2.043326e-001
2.472243052100123e-003	4.086645e-011	2.043323e-001
2.479078989600123e-003	4.086639e-011	2.043320e-001
2.485914927100123e-003	4.086635e-011	2.043318e-001
2.492750864600123e-003	4.086630e-011	2.043315e-001
2.499586802100123e-003	4.086626e-011	2.043313e-001
2.506422739600123e-003	4.086621e-011	2.043311e-001
2.513258677100123e-003	4.086618e-011	2.043309e-001
2.520094614600124e-003	4.086615e-011	2.043308e-001
2.526930552100124e-003	4.086612e-011	2.043306e-001
2.533766489600124e-003	4.086608e-011	2.043304e-001
2.540602427100124e-003	4.086606e-011	2.043303e-001
2.547438364600124e-003	4.086604e-011	2.043302e-001
2.554274302100124e-003	4.086601e-011	2.043301e-001
2.561110239600124e-003	4.086598e-011	2.043299e-001
2.567946177100124e-003	4.086596e-011	2.043298e-001
2.574782114600124e-003	4.086595e-011	2.043297e-001
2.581618052100125e-003	4.086593e-011	2.043297e-001
2.588453989600125e-003	4.086591e-011	2.043296e-001
2.595289927100125e-003	4.086589e-011	2.043295e-001
2.602125864600125e-003	4.086588e-011	2.043294e-001
2.608961802100125e-003	4.086587e-011	2.043293e-001
2.615797739600125e-003	4.086585e-011	2.043293e-001
2.622633677100125e-003	4.086584e-011	2.043292e-001
2.629469614600125e-003	4.086583e-011	2.043291e-001
2.636305552100125e-003	4.086582e-011	2.043291e-001
2.643141489600126e-003	4.086581e-011	2.043291e-001
2.649977427100126e-003	4.086580e-011	2.043290e-001
2.656813364600126e-003	4.086579e-011	2.043290e-001
2.663649302100126e-003	4.086579e-011	2.043289e-001
2.670485239600126e-003	4.086578e-011	2.043289e-001
2.677321177100126e-003	4.086577e-011	2.043289e-001
2.684157114600126e-003	4.086577e-011	2.043288e-001
2.690993052100126e-003	4.086576e-011	2.043288e-001
2.697828989600126e-003	4.086576e-011	2.043288e-001
2.704664927100127e-003	4.086575e-011	2.043287e-001
2.711500864600127e-003	4.086574e-011	2.043287e-001
2.718336802100127e-003	4.086574e-011	2.043287e-001
2.725172739600127e-003	4.086573e-011	2.043287e-001
2.732008677100127e-003	4.086573e-011	2.043287e-001
2.738844614600127e-003	4.086573e-011	2.043286e-001
2.745680552100127e-003	4.086572e-011	2.043286e-001
2.752516489600127e-003	4.086572e-011	2.043286e-001
2.759352427100128e-003	4.086572e-011	2.043286e-001
2.766188364600128e-003	4.086571e-011	2.043286e-001
2.773024302100128e-003	4.086571e-011	2.043286e-001
2.779860239600128e-003	4.086571e-011	2.043286e-001
2.786696177100128e-003	4.086571e-011	2.043285e-001
2.793532114600128e-003	4.086570e-011	2.043285e-001
2.800368052100128e-003	4.086570e-011	2.043285e-001
2.807203989600128e-003	4.086570e-011	2.043285e-001
2.814039927100128e-003	4.086570e-011	2.043285e-001
2.820875864600129e-003	4.086570e-011	2.043285e-001
2.827711802100129e-003	4.086570e-011	2.043285e-001
2.834547739600129e-003	4.086569e-011	2.043285e-001
2.841383677100129e-003	4.086569e-011	2.043285e-001
2.848219614600129e-003	4.086569e-011	2.043285e-001
2.855055552100129e-003	4.086569e-011	2.043284e-001
2.861891489600129e-003	4.086569e-011	2.043284e-001
2.868727427100129e-003	4.086569e-011	2.043284e-001
2.875563364600129e-003	4.086569e-011	2.043284e-001
2.889235239600130e-003	4.086569e-011	2.043284e-001
2.896071177100130e-003	4.086569e-011	2.043284e-001
2.902907114600130e-003	4.086569e-011	2.043284e-001
2.909743052100130e-003	4.086568e-011	2.043284e-001
2.916578989600130e-003	4.086568e-011	2.043284e-001
2.923414927100130e-003	4.086568e-011	2.043284e-001
2.930250864600130e-003	4.086568e-011	2.043284e-001
2.937086802100130e-003	4.086568e-011	2.043284e-001
2.943922739600131e-003	4.086568e-011	2.043284e-001
2.950758677100131e-003	4.086568e-011	2.043284e-001
2.957594614600131e-003	4.086568e-011	2.043284e-001
2.964430552100131e-003	4.086568e-011	2.043284e-001
2.971266489600131e-003	4.086568e-011	2.043284e-001
2.978102427100131e-003	4.086568e-011	2.043284e-001
2.984938364600131e-003	4.086568e-011	2.043284e-001
2.991774302100131e-003	4.086568e-011	2.043284e-001
2.998610239600132e-003	4.086568e-011	2.043284e-001
3.005446177100132e-003	4.086568e-011	2.043284e-001
3.012282114600132e-003	4.086568e-011	2.043284e-001
3.019118052100132e-003	4.086568e-011	2.043284e-001
3.025953989600132e-003	4.086568e-011	2.043284e-001
3.032789927100132e-003	4.086568e-011	2.043284e-001
3.039625864600132e-003	4.086568e-011	2.043284e-001
3.046461802100132e-003	4.086568e-011	2.043284e-001
3.053297739600132e-003	4.086568e-011	2.043284e-001
3.060133677100133e-003	4.086568e-011	2.043284e-001
3.066969614600133e-003	4.086568e-011	2.043284e-001
3.080641489600133e-003	4.086568e-011	2.043284e-001
3.087477427100133e-003	4.086568e-011	2.043284e-001
3.094313364600133e-003	4.086567e-011	2.043284e-001
3.101149302100133e-003	4.086567e-011	2.043284e-001
3.107985239600133e-003	4.086568e-011	2.043284e-001
3.114821177100133e-003	4.086568e-011	2.043284e-001
3.121657114600134e-003	4.086568e-011	2.043284e-001
3.128493052100134e-003	4.086568e-011	2.043284e-001
3.135328989600134e-003	4.086567e-011	2.043284e-001
3.142164927100134e-003	4.086567e-011	2.043284e-001
3.155836802100134e-003	4.086567e-011	2.043284e-001
3.169508677100134e-003	4.086567e-011	2.043284e-001
3.183180552100135e-003	4.086568e-011	2.043284e-001
3.190016489600135e-003	4.086567e-011	2.043284e-001
3.196852427100135e-003	4.086567e-011	2.043284e-001
3.203688364600135e-003	4.086567e-011	2.043284e-001
3.210524302100135e-003	4.086567e-011	2.043284e-001
3.217360239600135e-003	4.086567e-011	2.043284e-001
3.231032114600135e-003	4.086567e-011	2.043284e-001
3.244703989600136e-003	4.086567e-011	2.043284e-001
3.258375864600136e-003	4.086567e-011	2.043284e-001
3.272047739600136e-003	4.086567e-011	2.043284e-001
3.292555552100136e-003	4.086567e-011	2.043284e-001
3.306227427100137e-003	4.086567e-011	2.043284e-001
3.319899302100137e-003	4.086567e-011	2.043284e-001
3.333571177100137e-003	4.086567e-011	2.043284e-001
3.354078989600137e-003	4.086567e-011	2.043284e-001
3.982985239600143e-003	4.086567e-011	2.043284e-001
3.989821177100143e-003	4.086563e-011	2.043282e-001
3.993164062500000e-003	4.086555e-011	2.043278e-001
3.993314229200285e-003	4.086555e-011	2.043277e-001
3.993614562600854e-003	4.086554e-011	2.043277e-001
3.994215229401993e-003	4.086562e-011	2.043281e-001
3.994825898686306e-003	4.086573e-011	2.043286e-001
3.996047237254934e-003	4.086593e-011	2.043297e-001
3.998097733473821e-003	4.086611e-011	2.043305e-001
3.998798338841809e-003	4.086602e-011	2.043301e-001
3.999179847587684e-003	4.086588e-011	2.043294e-001
3.999236982508251e-003	4.086585e-011	2.043293e-001
3.999351252349385e-003	4.086579e-011	2.043289e-001
3.999579792031654e-003	4.086567e-011	2.043283e-001
3.999757673474881e-003	4.086557e-011	2.043278e-001
3.999838559903962e-003	4.086550e-011	2.043275e-001
3.999887788035683e-003	4.086546e-011	2.043273e-001
3.999901543736559e-003	4.086546e-011	2.043273e-001
3.999929055138309e-003	4.086544e-011	2.043272e-001
3.999944977196499e-003	4.086543e-011	2.043271e-001
3.999968155883620e-003	4.086539e-011	2.043270e-001
3.999977835038796e-003	4.086545e-011	2.043272e-001
3.999980641689648e-003	4.086544e-011	2.043272e-001
3.999986254991352e-003	4.086544e-011	2.043272e-001
3.999988773396593e-003	4.086543e-011	2.043271e-001
3.999993810207075e-003	4.086544e-011	2.043272e-001
3.999995734637974e-003	4.087078e-011	2.043539e-001
3.999995786700503e-003	4.086608e-011	2.043304e-001
3.999995799716135e-003	4.086485e-011	2.043243e-001
3.999995825747399e-003	4.086495e-011	2.043248e-001
3.999995832255215e-003	4.086504e-011	2.043252e-001
3.999995845270847e-003	4.086520e-011	2.043260e-001
3.999995871302110e-003	4.086533e-011	2.043267e-001
3.999995923364639e-003	4.086540e-011	2.043270e-001
3.999996027489697e-003	4.086542e-011	2.043271e-001
3.999996235739812e-003	4.086540e-011	2.043270e-001
3.999996652240041e-003	4.086539e-011	2.043269e-001
3.999997485240500e-003	4.086538e-011	2.043269e-001
3.999997591335323e-003	4.086539e-011	2.043269e-001
3.999997803524969e-003	4.086539e-011	2.043269e-001
3.999999076662844e-003	4.086539e-011	2.043269e-001
3.999999382304362e-003	4.086539e-011	2.043269e-001
3.999999993587399e-003	4.086536e-011	2.043268e-001
3.999999993744716e-003	4.086536e-011	2.043268e-001
3.999999994059350e-003	4.086539e-011	2.043269e-001
3.999999994138009e-003	4.086540e-011	2.043270e-001
3.999999994295326e-003	4.086540e-011	2.043270e-001
3.999999994609960e-003	4.086537e-011	2.043268e-001
3.999999994688619e-003	4.086525e-011	2.043263e-001
3.999999994708283e-003	1.689003e-006	2.043241e-001
4.000000994708284e-003	1.322930e-001	5.108140e-002
4.000001994708284e-003	1.826175e-001	-0.000000e+000
4.000002994708284e-003	1.871036e-001	-0.000000e+000
4.000003994708285e-003	1.878102e-001	-0.000000e+000
4.000005366191879e-003	1.880540e-001	-0.000000e+000
4.000006629958426e-003	1.880527e-001	-0.000000e+000
4.000008025401553e-003	1.879281e-001	-0.000000e+000
4.000009740395346e-003	1.877634e-001	-0.000000e+000
4.000012363168888e-003	1.875725e-001	-0.000000e+000
4.000015242423840e-003	1.874581e-001	-0.000000e+000
4.000018170895662e-003	1.874333e-001	-0.000000e+000
4.000021539135635e-003	1.874885e-001	-0.000000e+000
4.000026463959922e-003	1.876653e-001	-0.000000e+000
4.000035282716776e-003	1.880915e-001	-0.000000e+000
4.000044419468211e-003	1.885521e-001	-0.000000e+000
4.000057079106300e-003	1.890912e-001	-0.000000e+000
4.000070014122764e-003	1.894403e-001	-0.000000e+000
4.000084499323339e-003	1.895601e-001	-0.000000e+000
4.000098648751573e-003	1.894185e-001	-0.000000e+000
4.000114365032950e-003	1.890097e-001	-0.000000e+000
4.000130792559950e-003	1.883780e-001	-0.000000e+000
4.000151907215167e-003	1.874032e-001	-0.000000e+000
4.000162898329602e-003	1.868591e-001	-0.000000e+000
4.000174540284797e-003	1.862721e-001	-0.000000e+000
4.000187944442929e-003	1.855983e-001	-0.000000e+000
4.000201735482535e-003	1.849024e-001	-0.000000e+000
4.000216562199386e-003	1.841419e-001	-0.000000e+000
4.000232121970677e-003	1.833223e-001	-0.000000e+000
4.000249245827864e-003	1.823934e-001	-0.000000e+000
4.000268304043851e-003	1.813337e-001	-0.000000e+000
4.000284124520166e-003	1.804381e-001	-0.000000e+000
4.000301084038308e-003	1.794665e-001	-0.000000e+000
4.000317741498629e-003	1.785058e-001	-0.000000e+000
4.000336392917915e-003	1.774266e-001	-0.000000e+000
4.000355775640477e-003	1.763048e-001	-0.000000e+000
4.000378452728434e-003	1.749951e-001	-0.000000e+000
4.000404005384744e-003	1.735269e-001	-0.000000e+000
4.000438020598113e-003	1.715902e-001	-0.000000e+000
4.000485655394012e-003	1.689125e-001	-0.000000e+000
4.000534274891693e-003	1.662240e-001	-0.000000e+000
4.000586012611568e-003	1.634205e-001	-0.000000e+000
4.000651665395753e-003	1.599631e-001	-0.000000e+000
4.000782970964126e-003	1.533040e-001	-0.000000e+000
4.000921321273088e-003	1.466937e-001	-0.000000e+000
4.001198021891013e-003	1.347391e-001	-0.000000e+000
4.001678608103571e-003	1.166952e-001	-0.000000e+000
4.002188145198139e-003	1.009267e-001	-0.000000e+000
4.002801517617572e-003	8.612590e-002	-0.000000e+000
4.003504785271593e-003	7.356919e-002	-0.000000e+000
4.004390175056047e-003	6.248897e-002	-0.000000e+000
4.005215896236139e-003	5.551930e-002	-0.000000e+000
4.006005243644825e-003	5.126176e-002	-0.000000e+000
4.006912888852385e-003	4.851864e-002	-0.000000e+000
4.007957113812100e-003	4.781727e-002	-0.000000e+000
4.008575046566089e-003	4.968600e-002	-0.000000e+000
4.009069777908355e-003	5.395636e-002	-0.000000e+000
4.009487321478262e-003	6.042156e-002	-0.000000e+000
4.009903180245062e-003	7.021825e-002	-0.000000e+000
4.010411278097613e-003	8.628693e-002	-0.000000e+000
4.010820659281172e-003	1.012956e-001	-0.000000e+000
4.011094499833450e-003	1.107572e-001	-0.000000e+000
4.011407563756768e-003	1.192228e-001	-0.000000e+000
4.011632265314221e-003	1.234097e-001	-0.000000e+000
4.011879125793190e-003	1.261093e-001	-0.000000e+000
4.012300209564281e-003	1.283872e-001	-0.000000e+000
4.012727886547708e-003	1.291400e-001	-0.000000e+000
4.013165335059205e-003	1.291405e-001	-0.000000e+000
4.013701499334626e-003	1.292434e-001	-0.000000e+000
4.014258891203635e-003	1.302005e-001	-0.000000e+000
4.014942083353958e-003	1.329371e-001	-0.000000e+000
4.015775619108693e-003	1.381289e-001	-0.000000e+000
4.016666449954209e-003	1.448644e-001	-0.000000e+000
4.018023780142049e-003	1.552510e-001	-0.000000e+000
4.019368733693920e-003	1.646488e-001	-0.000000e+000
4.020892352612641e-003	1.745688e-001	-0.000000e+000
4.023193528975744e-003	1.896062e-001	-0.000000e+000
4.025767640907415e-003	2.067291e-001	-0.000000e+000
4.028807092694345e-003	2.268989e-001	-0.000000e+000
4.033619982814582e-003	2.586768e-001	-0.000000e+000
4.040362398961985e-003	3.032018e-001	-0.000000e+000
4.047198336461984e-003	3.483100e-001	-0.000000e+000
4.054034273961984e-003	3.934067e-001	-0.000000e+000
4.060870211461984e-003	4.385045e-001	-0.000000e+000
4.067706148961983e-003	4.835988e-001	-0.000000e+000
4.074542086461983e-003	5.286991e-001	-0.000000e+000
4.081378023961983e-003	5.737979e-001	-0.000000e+000
4.088213961461982e-003	6.189001e-001	-0.000000e+000
4.095049898961982e-003	6.640027e-001	-0.000000e+000
4.101885836461982e-003	7.091061e-001	-0.000000e+000
4.108721773961981e-003	7.542108e-001	-0.000000e+000
4.115557711461981e-003	7.993151e-001	-0.000000e+000
4.122393648961981e-003	8.444204e-001	-0.000000e+000
4.129229586461980e-003	8.895254e-001	-0.000000e+000
4.136065523961980e-003	9.346309e-001	-0.000000e+000
4.142901461461980e-003	9.797361e-001	-0.000000e+000
4.149737398961980e-003	1.024841e+000	-0.000000e+000
4.156573336461979e-003	1.069947e+000	-0.000000e+000
4.163409273961979e-003	1.115052e+000	-0.000000e+000
4.170245211461979e-003	1.160156e+000	-0.000000e+000
4.177081148961978e-003	1.205261e+000	-0.000000e+000
4.183917086461978e-003	1.250365e+000	-0.000000e+000
4.190753023961978e-003	1.295470e+000	-0.000000e+000
4.197588961461977e-003	1.340574e+000	-0.000000e+000
4.204424898961977e-003	1.385677e+000	-0.000000e+000
4.211260836461977e-003	1.430781e+000	-0.000000e+000
4.218096773961976e-003	1.475884e+000	-0.000000e+000
4.224932711461976e-003	1.520986e+000	-0.000000e+000
4.231768648961976e-003	1.566089e+000	-0.000000e+000
4.238604586461975e-003	1.611191e+000	-0.000000e+000
4.245440523961975e-003	1.656293e+000	-0.000000e+000
4.252276461461975e-003	1.701395e+000	-0.000000e+000
4.259112398961974e-003	1.746496e+000	-0.000000e+000
4.265948336461974e-003	1.791597e+000	-0.000000e+000
4.272784273961974e-003	1.836698e+000	-0.000000e+000
4.279620211461973e-003	1.881798e+000	-0.000000e+000
4.286456148961973e-003	1.926898e+000	-0.000000e+000
4.293292086461973e-003	1.971998e+000	-0.000000e+000
4.300128023961972e-003	2.017097e+000	-0.000000e+000
4.306963961461972e-003	2.062196e+000	-0.000000e+000
4.313799898961972e-003	2.107295e+000	-0.000000e+000
4.320635836461972e-003	2.152394e+000	-0.000000e+000
4.327471773961971e-003	2.197492e+000	-0.000000e+000
4.334307711461971e-003	2.242590e+000	-0.000000e+000
4.341143648961971e-003	2.287687e+000	-0.000000e+000
4.347979586461970e-003	2.332784e+000	-0.000000e+000
4.354815523961970e-003	2.377881e+000	-0.000000e+000
4.361651461461970e-003	2.422978e+000	-0.000000e+000
4.368487398961969e-003	2.468074e+000	-0.000000e+000
4.375323336461969e-003	2.513170e+000	-0.000000e+000
4.382159273961969e-003	2.558266e+000	-0.000000e+000
4.388995211461968e-003	2.603361e+000	-0.000000e+000
4.395831148961968e-003	2.648456e+000	-0.000000e+000
4.402667086461968e-003	2.693550e+000	-0.000000e+000
4.409503023961967e-003	2.738645e+000	-0.000000e+000
4.416338961461967e-003	2.783739e+000	-0.000000e+000
4.423174898961967e-003	2.828832e+000	-0.000000e+000
4.430010836461966e-003	2.873926e+000	-0.000000e+000
4.436846773961966e-003	2.919019e+000	-0.000000e+000
4.443682711461966e-003	2.964111e+000	-0.000000e+000
4.450518648961965e-003	3.009204e+000	-0.000000e+000
4.457354586461965e-003	3.054296e+000	-0.000000e+000
4.464190523961965e-003	3.099387e+000	-0.000000e+000
4.471026461461965e-003	3.144479e+000	-0.000000e+000
4.477862398961964e-003	3.189570e+000	-0.000000e+000
4.484698336461964e-003	3.234661e+000	-0.000000e+000
4.491534273961964e-003	3.279751e+000	-0.000000e+000
4.498370211461963e-003	3.324841e+000	-0.000000e+000
4.505206148961963e-003	3.369931e+000	-0.000000e+000
4.512042086461963e-003	3.415021e+000	-0.000000e+000
4.518878023961962e-003	3.460110e+000	-0.000000e+000
4.525713961461962e-003	3.505199e+000	-0.000000e+000
4.532549898961962e-003	3.550287e+000	-0.000000e+000
4.539385836461961e-003	3.595376e+000	-0.000000e+000
4.546221773961961e-003	3.640464e+000	-0.000000e+000
4.553057711461961e-003	3.685551e+000	-0.000000e+000
4.559893648961960e-003	3.730639e+000	-0.000000e+000
4.566729586461960e-003	3.775726e+000	-0.000000e+000
4.573565523961960e-003	3.820812e+000	-0.000000e+000
4.580401461461959e-003	3.865899e+000	-0.000000e+000
4.587237398961959e-003	3.910985e+000	-0.000000e+000
4.594073336461959e-003	3.956071e+000	-0.000000e+000
4.600909273961958e-003	4.001156e+000	-0.000000e+000
4.607745211461958e-003	4.046241e+000	-0.000000e+000
4.614581148961958e-003	4.091326e+000	-0.000000e+000
4.621417086461957e-003	4.136411e+000	-0.000000e+000
4.628253023961957e-003	4.181495e+000	-0.000000e+000
4.635088961461957e-003	4.226579e+000	-0.000000e+000
4.641924898961957e-003	4.271663e+000	-0.000000e+000
4.648760836461956e-003	4.316746e+000	-0.000000e+000
4.655596773961956e-003	4.361829e+000	-0.000000e+000
4.662432711461956e-003	4.406911e+000	-0.000000e+000
4.669268648961955e-003	4.451994e+000	-0.000000e+000
4.676104586461955e-003	4.497076e+000	-0.000000e+000
4.682940523961955e-003	4.542158e+000	-0.000000e+000
4.696612398961954e-003	4.632320e+000	-0.000000e+000
4.703448336461954e-003	4.677402e+000	-0.000000e+000
4.710284273961953e-003	4.722482e+000	-0.000000e+000
4.717120211461953e-003	4.767563e+000	-0.000000e+000
4.723956148961953e-003	4.812643e+000	-0.000000e+000
4.730792086461952e-003	4.857722e+000	-0.000000e+000
4.737628023961952e-003	4.902802e+000	-0.000000e+000
4.744463961461952e-003	4.947881e+000	-0.000000e+000
4.751299898961951e-003	4.992960e+000	-0.000000e+000
4.758135836461951e-003	5.038038e+000	-0.000000e+000
4.764971773961951e-003	5.083117e+000	-0.000000e+000
4.771807711461950e-003	5.128195e+000	-0.000000e+000
4.785479586461950e-003	5.218350e+000	-0.000000e+000
4.799151461461949e-003	5.308504e+000	-0.000000e+000
4.805987398961949e-003	5.353580e+000	-0.000000e+000
4.812823336461949e-003	5.398657e+000	-0.000000e+000
4.819659273961948e-003	5.443733e+000	-0.000000e+000
4.826495211461948e-003	5.488808e+000	-0.000000e+000
4.833331148961948e-003	5.533884e+000	-0.000000e+000
4.840167086461947e-003	5.578959e+000	-0.000000e+000
4.847003023961947e-003	5.624033e+000	-0.000000e+000
4.853838961461947e-003	5.669108e+000	-0.000000e+000
4.860674898961946e-003	5.714182e+000	-0.000000e+000
4.874346773961946e-003	5.804330e+000	-0.000000e+000
4.888018648961945e-003	5.894476e+000	-0.000000e+000
4.901690523961944e-003	5.984622e+000	-0.000000e+000
4.908526461461944e-003	6.029694e+000	-0.000000e+000
4.915362398961944e-003	6.074766e+000	-0.000000e+000
4.922198336461943e-003	6.119837e+000	-0.000000e+000
4.935870211461943e-003	6.209980e+000	-0.000000e+000
4.949542086461942e-003	6.300121e+000	-0.000000e+000
4.963213961461942e-003	6.390261e+000	-0.000000e+000
4.976885836461941e-003	6.480399e+000	-0.000000e+000
4.990557711461940e-003	6.570537e+000	-0.000000e+000
4.994787297923880e-003	6.598422e+000	-0.000000e+000
4.999016884385819e-003	6.626308e+000	-0.000000e+000
5.003246470847759e-003	6.654193e+000	-0.000000e+000
5.007476057309698e-003	6.682078e+000	-0.000000e+000
5.011705643771638e-003	6.709962e+000	-0.000000e+000
5.015935230233577e-003	6.737846e+000	-0.000000e+000
5.020164816695517e-003	6.765730e+000	-0.000000e+000
5.027000754195516e-003	6.810795e+000	-0.000000e+000
5.033836691695516e-003	6.855861e+000	-0.000000e+000
5.040672629195516e-003	6.900925e+000	-0.000000e+000
5.047508566695515e-003	6.945988e+000	-0.000000e+000
5.054344504195515e-003	6.991050e+000	-0.000000e+000
5.061180441695515e-003	7.036112e+000	-0.000000e+000
5.068016379195514e-003	7.081172e+000	-0.000000e+000
5.074852316695514e-003	7.126231e+000	-0.000000e+000
5.081688254195514e-003	7.171288e+000	-0.000000e+000
5.088524191695513e-003	7.216344e+000	-0.000000e+000
5.095360129195513e-003	7.261397e+000	-0.000000e+000
5.102196066695513e-003	7.306448e+000	-0.000000e+000
5.109032004195512e-003	7.351496e+000	-0.000000e+000
5.115867941695512e-003	7.396541e+000	-0.000000e+000
5.122703879195512e-003	7.441582e+000	-0.000000e+000
5.129539816695511e-003	7.486618e+000	-0.000000e+000
5.136375754195511e-003	7.531649e+000	-0.000000e+000
5.143211691695511e-003	7.576673e+000	-0.000000e+000
5.150047629195510e-003	7.621690e+000	-0.000000e+000
5.156883566695510e-003	7.666698e+000	-0.000000e+000
5.163719504195510e-003	7.711694e+000	-0.000000e+000
5.170555441695510e-003	7.756679e+000	-0.000000e+000
5.177391379195509e-003	7.801648e+000	-0.000000e+000
5.184227316695509e-003	7.846600e+000	-0.000000e+000
5.191063254195509e-003	7.891531e+000	-0.000000e+000
5.197899191695508e-003	7.936437e+000	-0.000000e+000
5.204735129195508e-003	7.981313e+000	-0.000000e+000
5.211571066695508e-003	8.026154e+000	-0.000000e+000
5.218407004195507e-003	8.070954e+000	-0.000000e+000
5.225242941695507e-003	8.115705e+000	-0.000000e+000
5.232078879195507e-003	8.160398e+000	-0.000000e+000
5.238914816695506e-003	8.205021e+000	-0.000000e+000
5.245750754195506e-003	8.249563e+000	-0.000000e+000
5.252586691695506e-003	8.294009e+000	-0.000000e+000
5.259422629195505e-003	8.338342e+000	-0.000000e+000
5.266258566695505e-003	8.382540e+000	-0.000000e+000
5.273094504195505e-003	8.426580e+000	-0.000000e+000
5.279930441695504e-003	8.470434e+000	-0.000000e+000
5.286766379195504e-003	8.514071e+000	-0.000000e+000
5.293602316695504e-003	8.557453e+000	-0.000000e+000
5.300438254195503e-003	8.600538e+000	-0.000000e+000
5.307274191695503e-003	8.643278e+000	-0.000000e+000
5.314110129195503e-003	8.685618e+000	-0.000000e+000
5.320946066695502e-003	8.727499e+000	-0.000000e+000
5.327782004195502e-003	8.768853e+000	-0.000000e+000
5.334617941695502e-003	8.809610e+000	-0.000000e+000
5.341453879195502e-003	8.849696e+000	-0.000000e+000
5.348289816695501e-003	8.889031e+000	-0.000000e+000
5.355125754195501e-003	8.927542e+000	-0.000000e+000
5.361961691695501e-003	8.965152e+000	-0.000000e+000
5.368797629195500e-003	9.001797e+000	-0.000000e+000
5.375633566695500e-003	9.037421e+000	-0.000000e+000
5.382469504195500e-003	9.071980e+000	-0.000000e+000
5.389305441695499e-003	9.105446e+000	-0.000000e+000
5.396141379195499e-003	9.137802e+000	-0.000000e+000
5.402977316695499e-003	9.169050e+000	-0.000000e+000
5.409813254195498e-003	9.199200e+000	-0.000000e+000
5.416649191695498e-003	9.228271e+000	-0.000000e+000
5.423485129195498e-003	9.256292e+000	-0.000000e+000
5.430321066695497e-003	9.283295e+000	-0.000000e+000
5.437157004195497e-003	9.309311e+000	-0.000000e+000
5.443992941695497e-003	9.334375e+000	-0.000000e+000
5.450828879195496e-003	9.358524e+000	-0.000000e+000
5.457664816695496e-003	9.381788e+000	-0.000000e+000
5.464500754195496e-003	9.404202e+000	-0.000000e+000
5.471336691695495e-003	9.425796e+000	-0.000000e+000
5.478172629195495e-003	9.446601e+000	-0.000000e+000
5.485008566695495e-003	9.466645e+000	-0.000000e+000
5.491844504195494e-003	9.485958e+000	-0.000000e+000
5.498680441695494e-003	9.504566e+000	-0.000000e+000
5.505516379195494e-003	9.522494e+000	-0.000000e+000
5.512352316695494e-003	9.539768e+000	-0.000000e+000
5.519188254195493e-003	9.556412e+000	-0.000000e+000
5.532860129195493e-003	9.587897e+000	-0.000000e+000
5.553367941695492e-003	9.630946e+000	-0.000000e+000
5.573875754195491e-003	9.669452e+000	-0.000000e+000
5.594383566695490e-003	9.703894e+000	-0.000000e+000
5.614891379195489e-003	9.734701e+000	-0.000000e+000
5.635399191695488e-003	9.762259e+000	-0.000000e+000
5.655907004195487e-003	9.786908e+000	-0.000000e+000
5.676414816695486e-003	9.808957e+000	-0.000000e+000
5.696922629195485e-003	9.828681e+000	-0.000000e+000
5.717430441695484e-003	9.846324e+000	-0.000000e+000
5.737938254195483e-003	9.862106e+000	-0.000000e+000
5.758446066695482e-003	9.876225e+000	-0.000000e+000
5.778953879195481e-003	9.888854e+000	-0.000000e+000
5.792625754195480e-003	9.896525e+000	-0.000000e+000
5.806297629195480e-003	9.903647e+000	-0.000000e+000
5.819969504195479e-003	9.910260e+000	-0.000000e+000
5.833641379195479e-003	9.916399e+000	-0.000000e+000
5.847313254195478e-003	9.922099e+000	-0.000000e+000
5.860985129195477e-003	9.927392e+000	-0.000000e+000
5.874657004195477e-003	9.932306e+000	-0.000000e+000
5.881492941695476e-003	9.934630e+000	-0.000000e+000
5.888328879195476e-003	9.936870e+000	-0.000000e+000
5.895164816695476e-003	9.939028e+000	-0.000000e+000
5.902000754195475e-003	9.941107e+000	-0.000000e+000
5.908836691695475e-003	9.943111e+000	-0.000000e+000
5.915672629195475e-003	9.945043e+000	-0.000000e+000
5.929344504195474e-003	9.948697e+000	-0.000000e+000
5.936180441695474e-003	9.950425e+000	-0.000000e+000
5.943016379195473e-003	9.952090e+000	-0.000000e+000
5.949852316695473e-003	9.953695e+000	-0.000000e+000
5.956688254195473e-003	9.955242e+000	-0.000000e+000
5.963524191695472e-003	9.956734e+000	-0.000000e+000
5.970360129195472e-003	9.958171e+000	-0.000000e+000
5.977196066695472e-003	9.959556e+000	-0.000000e+000
5.984032004195472e-003	9.960891e+000	-0.000000e+000
5.990867941695471e-003	9.962178e+000	-0.000000e+000
5.997703879195471e-003	9.963418e+000	-0.000000e+000
6.004539816695471e-003	9.964614e+000	-0.000000e+000
6.011375754195470e-003	9.965766e+000	-0.000000e+000
6.018211691695470e-003	9.966877e+000	-0.000000e+000
6.025047629195470e-003	9.967947e+000	-0.000000e+000
6.031883566695469e-003	9.968979e+000	-0.000000e+000
6.038719504195469e-003	9.969975e+000	-0.000000e+000
6.045555441695469e-003	9.970933e+000	-0.000000e+000
6.052391379195468e-003	9.971857e+000	-0.000000e+000
6.059227316695468e-003	9.972748e+000	-0.000000e+000
6.066063254195468e-003	9.973607e+000	-0.000000e+000
6.072899191695467e-003	9.974435e+000	-0.000000e+000
6.079735129195467e-003	9.975232e+000	-0.000000e+000
6.086571066695467e-003	9.976001e+000	-0.000000e+000
6.093407004195466e-003	9.976742e+000	-0.000000e+000
6.100242941695466e-003	9.977455e+000	-0.000000e+000
6.107078879195466e-003	9.978143e+000	-0.000000e+000
6.113914816695465e-003	9.978806e+000	-0.000000e+000
6.120750754195465e-003	9.979444e+000	-0.000000e+000
6.127586691695465e-003	9.980059e+000	-0.000000e+000
6.134422629195464e-003	9.980651e+000	-0.000000e+000
6.141258566695464e-003	9.981222e+000	-0.000000e+000
6.148094504195464e-003	9.981771e+000	-0.000000e+000
6.154930441695464e-003	9.982302e+000	-0.000000e+000
6.161766379195463e-003	9.982812e+000	-0.000000e+000
6.168602316695463e-003	9.983303e+000	-0.000000e+000
6.175438254195463e-003	9.983777e+000	-0.000000e+000
6.182274191695462e-003	9.984233e+000	-0.000000e+000
6.189110129195462e-003	9.984673e+000	-0.000000e+000
6.195946066695462e-003	9.985095e+000	-0.000000e+000
6.202782004195461e-003	9.985503e+000	-0.000000e+000
6.209617941695461e-003	9.985895e+000	-0.000000e+000
6.216453879195461e-003	9.986273e+000	-0.000000e+000
6.223289816695460e-003	9.986637e+000	-0.000000e+000
6.230125754195460e-003	9.986988e+000	-0.000000e+000
6.236961691695460e-003	9.987326e+000	-0.000000e+000
6.243797629195459e-003	9.987651e+000	-0.000000e+000
6.250633566695459e-003	9.987965e+000	-0.000000e+000
6.257469504195459e-003	9.988266e+000	-0.000000e+000
6.264305441695458e-003	9.988556e+000	-0.000000e+000
6.271141379195458e-003	9.988836e+000	-0.000000e+000
6.277977316695458e-003	9.989105e+000	-0.000000e+000
6.284813254195457e-003	9.989365e+000	-0.000000e+000
6.291649191695457e-003	9.989614e+000	-0.000000e+000
6.298485129195457e-003	9.989855e+000	-0.000000e+000
6.312157004195456e-003	9.990310e+000	-0.000000e+000
6.325828879195456e-003	9.990731e+000	-0.000000e+000
6.339500754195455e-003	9.991121e+000	-0.000000e+000
6.353172629195454e-003	9.991484e+000	-0.000000e+000
6.366844504195454e-003	9.991819e+000	-0.000000e+000
6.387352316695453e-003	9.992277e+000	-0.000000e+000
6.407860129195452e-003	9.992687e+000	-0.000000e+000
6.428367941695451e-003	9.993052e+000	-0.000000e+000
6.448875754195450e-003	9.993377e+000	-0.000000e+000
6.469383566695449e-003	9.993667e+000	-0.000000e+000
6.489891379195448e-003	9.993926e+000	-0.000000e+000
6.510399191695447e-003	9.994157e+000	-0.000000e+000
6.530907004195446e-003	9.994363e+000	-0.000000e+000
6.551414816695445e-003	9.994547e+000	-0.000000e+000
6.571922629195444e-003	9.994711e+000	-0.000000e+000
6.592430441695443e-003	9.994856e+000	-0.000000e+000
6.612938254195442e-003	9.994987e+000	-0.000000e+000
6.633446066695441e-003	9.995103e+000	-0.000000e+000
6.653953879195440e-003	9.995207e+000	-0.000000e+000
6.674461691695439e-003	9.995298e+000	-0.000000e+000
6.694969504195438e-003	9.995380e+000	-0.000000e+000
6.715477316695437e-003	9.995455e+000	-0.000000e+000
6.735985129195436e-003	9.995520e+000	-0.000000e+000
6.756492941695435e-003	9.995578e+000	-0.000000e+000
6.777000754195434e-003	9.995630e+000	-0.000000e+000
6.797508566695434e-003	9.995676e+000	-0.000000e+000
6.818016379195433e-003	9.995718e+000	-0.000000e+000
6.838524191695432e-003	9.995754e+000	-0.000000e+000
6.859032004195431e-003	9.995787e+000	-0.000000e+000
6.879539816695430e-003	9.995816e+000	-0.000000e+000
6.900047629195429e-003	9.995842e+000	-0.000000e+000
6.920555441695428e-003	9.995866e+000	-0.000000e+000
6.941063254195427e-003	9.995886e+000	-0.000000e+000
6.961571066695426e-003	9.995905e+000	-0.000000e+000
6.982078879195425e-003	9.995921e+000	-0.000000e+000
6.988914816695425e-003	9.995926e+000	-0.000000e+000
6.995750754195424e-003	9.995931e+000	-0.000000e+000
7.000000000000000e-003	9.995933e+000	-0.000000e+000
