time	V(vout)	-I(Rl)
0.000000000000000e+000	9.996057e+000	-0.000000e+000
6.835937371718615e-011	9.996061e+000	-0.000000e+000
1.367187474343723e-010	9.996064e+000	-0.000000e+000
2.734374948687446e-010	9.996063e+000	-0.000000e+000
5.468749897374892e-010	9.996057e+000	-0.000000e+000
9.072420144855636e-010	9.996052e+000	-0.000000e+000
9.553442297175455e-010	9.996054e+000	-0.000000e+000
1.051548660181509e-009	9.996058e+000	-0.000000e+000
1.051924458738009e-009	9.996058e+000	-0.000000e+000
1.052676055851009e-009	9.996058e+000	-0.000000e+000
1.054179250077008e-009	9.996058e+000	-0.000000e+000
1.057185638529007e-009	9.996058e+000	-0.000000e+000
1.057937235642007e-009	9.996058e+000	-0.000000e+000
1.058125134920257e-009	9.996058e+000	-0.000000e+000
1.058500933476756e-009	9.996058e+000	-0.000000e+000
1.059252530589756e-009	9.996058e+000	-0.000000e+000
1.060755724815756e-009	9.996058e+000	-0.000000e+000
1.063762113267754e-009	9.996058e+000	-0.000000e+000
1.069774890171752e-009	9.996058e+000	-0.000000e+000
1.081800443979748e-009	9.996058e+000	-0.000000e+000
1.105851551595739e-009	9.996058e+000	-0.000000e+000
1.153953766827720e-009	9.996056e+000	-0.000000e+000
1.165979320635716e-009	9.996056e+000	-0.000000e+000
1.190030428251707e-009	9.996056e+000	-0.000000e+000
1.238132643483689e-009	9.996056e+000	-0.000000e+000
1.334337073947652e-009	9.996056e+000	-0.000000e+000
1.495075231490541e-009	9.996057e+000	-0.000000e+000
1.498910153778759e-009	9.996058e+000	-0.000000e+000
1.506579998355195e-009	9.996058e+000	-0.000000e+000
1.521919687508067e-009	9.996058e+000	-0.000000e+000
1.552599065813810e-009	9.996057e+000	-0.000000e+000
1.613957822425297e-009	9.996059e+000	-0.000000e+000
1.726738137121772e-009	9.996061e+000	-0.000000e+000
1.875596102192997e-009	9.996060e+000	-0.000000e+000
1.912810593460804e-009	9.996058e+000	-0.000000e+000
1.922114216277755e-009	9.996057e+000	-0.000000e+000
1.940721461911658e-009	9.996056e+000	-0.000000e+000
1.977935953179465e-009	9.996057e+000	-0.000000e+000
2.052364935715078e-009	9.996056e+000	-0.000000e+000
2.146898975828798e-009	9.996052e+000	-0.000000e+000
2.307287870545406e-009	9.996053e+000	-0.000000e+000
2.479864575337627e-009	9.996059e+000	-0.000000e+000
2.485257597362384e-009	9.996059e+000	-0.000000e+000
2.496043641411898e-009	9.996058e+000	-0.000000e+000
2.517615729510925e-009	9.996058e+000	-0.000000e+000
2.560759905708981e-009	9.996058e+000	-0.000000e+000
2.647048258105091e-009	9.996055e+000	-0.000000e+000
2.803246667216738e-009	9.996054e+000	-0.000000e+000
3.053290876530223e-009	9.996056e+000	-0.000000e+000
3.115801928858594e-009	9.996054e+000	-0.000000e+000
3.131429691940687e-009	9.996054e+000	-0.000000e+000
3.162685218104872e-009	9.996056e+000	-0.000000e+000
3.225196270433243e-009	9.996058e+000	-0.000000e+000
3.350218375089986e-009	9.996057e+000	-0.000000e+000
3.499752823407318e-009	9.996057e+000	-0.000000e+000
3.761847111840166e-009	9.996059e+000	-0.000000e+000
4.099350364237245e-009	9.996059e+000	-0.000000e+000
4.414391536001230e-009	9.996060e+000	-0.000000e+000
4.936489927796399e-009	9.996064e+000	-0.000000e+000
5.067014525745191e-009	9.996062e+000	-0.000000e+000
5.328063721642775e-009	9.996058e+000	-0.000000e+000
5.800771828574452e-009	9.996053e+000	-0.000000e+000
6.332804426267062e-009	9.996050e+000	-0.000000e+000
7.396869621652280e-009	9.996054e+000	-0.000000e+000
9.525000012422717e-009	9.996059e+000	-0.000000e+000
9.816777214015442e-009	9.996056e+000	-0.000000e+000
1.040033161720089e-008	9.996050e+000	-0.000000e+000
1.120777719968422e-008	9.996055e+000	-0.000000e+000
1.211412394677312e-008	9.996057e+000	-0.000000e+000
1.349449939393209e-008	9.996055e+000	-0.000000e+000
1.494994634425949e-008	9.996053e+000	-0.000000e+000
1.755427360096526e-008	9.996054e+000	-0.000000e+000
2.276292811437680e-008	9.996061e+000	-0.000000e+000
3.162830196695027e-008	9.996059e+000	-0.000000e+000
4.050100958049359e-008	9.996051e+000	-0.000000e+000
5.445032048723809e-008	9.996051e+000	-0.000000e+000
7.601992822985463e-008	9.996058e+000	-0.000000e+000
1.086080254856814e-007	9.996063e+000	-0.000000e+000
1.510338443876349e-007	9.996063e+000	-0.000000e+000
2.174998689218961e-007	9.996061e+000	-0.000000e+000
3.301851090151487e-007	9.996055e+000	-0.000000e+000
5.273024366185669e-007	9.996054e+000	-0.000000e+000
9.215370918254035e-007	9.996056e+000	-0.000000e+000
1.395021842993324e-006	9.996055e+000	-0.000000e+000
2.341991345329164e-006	9.996055e+000	-0.000000e+000
3.604623306765527e-006	9.996057e+000	-0.000000e+000
5.778680560915031e-006	9.996057e+000	-0.000000e+000
8.663951548939400e-006	9.996058e+000	-0.000000e+000
1.346990105987852e-005	9.996061e+000	-0.000000e+000
2.030583855987852e-005	9.996054e+000	-0.000000e+000
2.714177605987852e-005	9.996050e+000	-0.000000e+000
3.397771355987852e-005	9.996052e+000	-0.000000e+000
4.081365105987852e-005	9.996054e+000	-0.000000e+000
4.764958855987852e-005	9.996054e+000	-0.000000e+000
5.448552605987852e-005	9.996054e+000	-0.000000e+000
6.132146355987852e-005	9.996054e+000	-0.000000e+000
6.815740105987852e-005	9.996054e+000	-0.000000e+000
7.499333855987853e-005	9.996054e+000	-0.000000e+000
8.182927605987854e-005	9.996054e+000	-0.000000e+000
8.866521355987854e-005	9.996054e+000	-0.000000e+000
9.550115105987855e-005	9.996055e+000	-0.000000e+000
1.023370885598786e-004	9.996055e+000	-0.000000e+000
1.160089635598786e-004	9.996055e+000	-0.000000e+000
1.365167760598786e-004	9.996055e+000	-0.000000e+000
1.677667760598786e-004	9.996055e+000	-0.000000e+000
1.990167760598787e-004	9.996055e+000	-0.000000e+000
2.302667760598787e-004	9.996055e+000	-0.000000e+000
2.615167760598787e-004	9.996055e+000	-0.000000e+000
2.927667760598788e-004	9.996055e+000	-0.000000e+000
3.240167760598788e-004	9.996055e+000	-0.000000e+000
3.552667760598788e-004	9.996056e+000	-0.000000e+000
4.314386510598789e-004	9.996056e+000	-0.000000e+000
5.076105260598790e-004	9.996056e+000	-0.000000e+000
5.837824010598790e-004	9.996056e+000	-0.000000e+000
6.599542760598791e-004	9.996056e+000	-0.000000e+000
7.361261510598792e-004	9.996056e+000	-0.000000e+000
8.122980260598793e-004	9.996056e+000	-0.000000e+000
8.884699010598792e-004	9.996056e+000	-0.000000e+000
1.982219901059865e-003	9.996056e+000	-0.000000e+000
1.989055838559865e-003	9.996062e+000	-0.000000e+000
1.993164062500000e-003	9.996065e+000	-0.000000e+000
2.000000000000000e-003	9.996051e+000	-0.000000e+000
2.000000002607703e-003	3.332017e+000	3.707624e+001
2.000000007823109e-003	8.658967e-009	4.329483e+001
2.000000008092099e-003	8.619015e-009	4.309507e+001
2.000000008630078e-003	8.672467e-009	4.336234e+001
2.000000009287589e-003	8.544955e-009	4.272477e+001
2.000000010035058e-003	8.349133e-009	4.174566e+001
2.000000010812349e-003	8.159095e-009	4.079547e+001
2.000000012366932e-003	7.800863e-009	3.900431e+001
2.000000015476097e-003	7.133812e-009	3.566906e+001
2.000000016167733e-003	6.996464e-009	3.498232e+001
2.000000017551005e-003	6.744368e-009	3.372184e+001
2.000000020317550e-003	6.283856e-009	3.141928e+001
2.000000024720992e-003	5.641895e-009	2.820947e+001
2.000000029159938e-003	5.094227e-009	2.547114e+001
2.000000033549242e-003	4.651270e-009	2.325635e+001
2.000000039313912e-003	4.183290e-009	2.091645e+001
2.000000045018840e-003	3.830737e-009	1.915368e+001
2.000000055632234e-003	3.384811e-009	1.692406e+001
2.000000072043218e-003	2.971331e-009	1.485665e+001
2.000000091227252e-003	2.728892e-009	1.364446e+001
2.000000111243226e-003	2.611076e-009	1.305538e+001
2.000000114080230e-003	2.602687e-009	1.301344e+001
2.000000119754238e-003	2.593852e-009	1.296926e+001
2.000000131102254e-003	2.584072e-009	1.292036e+001
2.000000153798285e-003	2.578683e-009	1.289341e+001
2.000000159472294e-003	2.580111e-009	1.290056e+001
2.000000170820309e-003	2.587148e-009	1.293574e+001
2.000000193516341e-003	2.604921e-009	1.302460e+001
2.000000238908405e-003	2.644529e-009	1.322264e+001
2.000000245468504e-003	2.650092e-009	1.325046e+001
2.000000261868751e-003	2.662929e-009	1.331464e+001
2.000000268428850e-003	2.667282e-009	1.333641e+001
2.000000281549047e-003	2.674818e-009	1.337409e+001
2.000000307789442e-003	2.685905e-009	1.342952e+001
2.000000360270233e-003	2.698836e-009	1.349418e+001
2.000000421743271e-003	2.704778e-009	1.352389e+001
2.000000481545875e-003	2.704464e-009	1.352232e+001
2.000000538688856e-003	2.700820e-009	1.350410e+001
2.000000598912705e-003	2.694698e-009	1.347349e+001
2.000000670170414e-003	2.685494e-009	1.342747e+001
2.000000748321944e-003	2.673746e-009	1.336873e+001
2.000000837964849e-003	2.658849e-009	1.329424e+001
2.000000937208602e-003	2.641318e-009	1.320659e+001
2.000001053691374e-003	2.620082e-009	1.310041e+001
2.000001188438863e-003	2.595395e-009	1.297698e+001
2.000001354537633e-003	2.565660e-009	1.282830e+001
2.000001562792836e-003	2.530553e-009	1.265277e+001
2.000001856925389e-003	2.486645e-009	1.243323e+001
2.000002338522931e-003	2.427653e-009	1.213827e+001
2.000002868866180e-003	2.379165e-009	1.189583e+001
2.000003447066832e-003	2.344221e-009	1.172110e+001
2.000004087905470e-003	2.321882e-009	1.160941e+001
2.000004717376345e-003	2.312409e-009	1.156205e+001
2.000005401419132e-003	2.312156e-009	1.156078e+001
2.000006119688151e-003	2.319407e-009	1.159703e+001
2.000006949908765e-003	2.333864e-009	1.166932e+001
2.000007620978675e-003	2.349178e-009	1.174589e+001
2.000008112996339e-003	2.362412e-009	1.181206e+001
2.000008564337720e-003	2.374832e-009	1.187416e+001
2.000009042410252e-003	2.387012e-009	1.193506e+001
2.000009421363008e-003	2.395951e-009	1.197976e+001
2.000009822796977e-003	2.404691e-009	1.202345e+001
2.000010625664914e-003	2.420222e-009	1.210111e+001
2.000011555476947e-003	2.434851e-009	1.217426e+001
2.000012839133161e-003	2.449134e-009	1.224567e+001
2.000014469719960e-003	2.460528e-009	1.230264e+001
2.000016017081077e-003	2.466896e-009	1.233448e+001
2.000017337400014e-003	2.470123e-009	1.235062e+001
2.000018782766023e-003	2.472256e-009	1.236128e+001
2.000019754856050e-003	2.472542e-009	1.236271e+001
2.000020425183090e-003	2.471585e-009	1.235792e+001
2.000021250085255e-003	2.469495e-009	1.234748e+001
2.000022012489736e-003	2.467439e-009	1.233720e+001
2.000022108826736e-003	2.467203e-009	1.233601e+001
2.000022301500735e-003	2.466777e-009	1.233388e+001
2.000022686848733e-003	2.465992e-009	1.232996e+001
2.000023457544730e-003	2.464645e-009	1.232323e+001
2.000024246307300e-003	2.463469e-009	1.231734e+001
2.000025003473122e-003	2.462574e-009	1.231287e+001
2.000026056522457e-003	2.461759e-009	1.230879e+001
2.000027216267042e-003	2.461391e-009	1.230695e+001
2.000028443236406e-003	2.461556e-009	1.230778e+001
2.000030677722588e-003	2.462678e-009	1.231339e+001
2.000033530610682e-003	2.464802e-009	1.232401e+001
2.000037492281196e-003	2.468223e-009	1.234111e+001
2.000043762066280e-003	2.473775e-009	1.236888e+001
2.000048674443102e-003	2.478228e-009	1.239114e+001
2.000053039498555e-003	2.482671e-009	1.241336e+001
2.000058062697711e-003	2.489063e-009	1.244532e+001
2.000062627987697e-003	2.496968e-009	1.248484e+001
2.000067550737590e-003	2.509045e-009	1.254522e+001
2.000073185036484e-003	2.528751e-009	1.264375e+001
2.000080262479823e-003	2.562559e-009	1.281280e+001
2.000086436411929e-003	2.599760e-009	1.299880e+001
2.000089513850565e-003	2.621628e-009	1.310814e+001
2.000091753101107e-003	2.639311e-009	1.319655e+001
2.000093438309783e-003	2.653548e-009	1.326774e+001
2.000095034496786e-003	2.667834e-009	1.333917e+001
2.000096661179019e-003	2.683268e-009	1.341634e+001
2.000098695480888e-003	2.703865e-009	1.351932e+001
2.000101065773210e-003	2.729869e-009	1.364934e+001
2.000104370431523e-003	2.770104e-009	1.385052e+001
2.000109544314911e-003	2.840672e-009	1.420336e+001
2.000114874994394e-003	2.922092e-009	1.461046e+001
2.000121036848771e-003	3.024537e-009	1.512268e+001
2.000123641409572e-003	3.069036e-009	1.534518e+001
2.000125052548587e-003	3.092123e-009	1.546061e+001
2.000125569668329e-003	3.100056e-009	1.550028e+001
2.000126098311205e-003	3.108117e-009	1.554058e+001
2.000126365123461e-003	3.112226e-009	1.556113e+001
2.000126646780062e-003	3.116547e-009	1.558274e+001
2.000127084207758e-003	3.123245e-009	1.561623e+001
2.000127527195905e-003	3.129981e-009	1.564991e+001
2.000128413172199e-003	3.143281e-009	1.571640e+001
2.000129436367996e-003	3.158112e-009	1.579056e+001
2.000131482759590e-003	3.185290e-009	1.592645e+001
2.000133527397973e-003	3.206314e-009	1.603157e+001
2.000135181556546e-003	3.210039e-009	1.605019e+001
2.000136382342541e-003	3.190767e-009	1.595383e+001
2.000137215744915e-003	3.158596e-009	1.579298e+001
2.000137223982634e-003	3.158136e-009	1.579068e+001
2.000137240458072e-003	3.157097e-009	1.578549e+001
2.000137273408947e-003	3.155078e-009	1.577539e+001
2.000137339310697e-003	3.151325e-009	1.575662e+001
2.000137459652590e-003	3.145352e-009	1.572676e+001
2.000137700336377e-003	3.135019e-009	1.567509e+001
2.000137737403201e-003	3.133682e-009	1.566841e+001
2.000137811536850e-003	3.131537e-009	1.565768e+001
2.000137959804147e-003	3.128484e-009	1.564242e+001
2.000138256338742e-003	3.126706e-009	1.563353e+001
2.000138540418364e-003	3.129615e-009	1.564808e+001
2.000138582394779e-003	3.130613e-009	1.565306e+001
2.000138666347608e-003	3.133052e-009	1.566526e+001
2.000138815571853e-003	3.137225e-009	1.568612e+001
2.000138972439911e-003	3.141560e-009	1.570780e+001
2.000139000810732e-003	3.142341e-009	1.571171e+001
2.000139007903438e-003	3.142538e-009	1.571269e+001
2.000139022088848e-003	3.142939e-009	1.571470e+001
2.000139022532143e-003	3.142952e-009	1.571476e+001
2.000139023418731e-003	3.142977e-009	1.571488e+001
2.000139025191907e-003	3.143025e-009	1.571513e+001
2.000139025635201e-003	3.143037e-009	1.571519e+001
2.000139026521789e-003	3.143061e-009	1.571531e+001
2.000139028294966e-003	3.143109e-009	1.571555e+001
2.000139031841318e-003	3.143206e-009	1.571603e+001
2.000139038934024e-003	3.143399e-009	1.571700e+001
2.000139053119434e-003	3.143787e-009	1.571894e+001
2.000139081490256e-003	3.144566e-009	1.572283e+001
2.000139138231900e-003	3.146124e-009	1.573062e+001
2.000139251715187e-003	3.149225e-009	1.574613e+001
2.000139478681761e-003	3.155324e-009	1.577662e+001
2.000139871017582e-003	3.165592e-009	1.582796e+001
2.000140263902989e-003	3.175455e-009	1.587728e+001
2.000140961323569e-003	3.191915e-009	1.595958e+001
2.000141669236573e-003	3.207568e-009	1.603784e+001
2.000142207702604e-003	3.218917e-009	1.609459e+001
2.000142745054482e-003	3.229865e-009	1.614933e+001
2.000142809405058e-003	3.231139e-009	1.615570e+001
2.000142938106210e-003	3.233654e-009	1.616827e+001
2.000143195508515e-003	3.238660e-009	1.619330e+001
2.000143710313123e-003	3.248616e-009	1.624308e+001
2.000144196888938e-003	3.258020e-009	1.629010e+001
2.000144931067984e-003	3.272270e-009	1.636135e+001
2.000145929335334e-003	3.291882e-009	1.645941e+001
2.000147925870034e-003	3.331997e-009	1.665999e+001
2.000151144832085e-003	3.398773e-009	1.699387e+001
2.000154547748147e-003	3.472262e-009	1.736131e+001
2.000158167552119e-003	3.554188e-009	1.777094e+001
2.000162557924929e-003	3.659468e-009	1.829734e+001
2.000169775529130e-003	3.847083e-009	1.923542e+001
2.000181796457919e-003	4.200197e-009	2.100099e+001
2.000203071491758e-003	4.909229e-009	2.454615e+001
2.000215714472575e-003	5.383326e-009	2.691663e+001
2.000229823641329e-003	5.965070e-009	2.982535e+001
2.000240597771761e-003	6.434650e-009	3.217325e+001
2.000248013462424e-003	6.769405e-009	3.384702e+001
2.000255659723884e-003	7.120645e-009	3.560323e+001
2.000263299051405e-003	7.472972e-009	3.736486e+001
2.000274836425912e-003	7.996628e-009	3.998314e+001
2.000291465135130e-003	8.717381e-009	4.358691e+001
2.000306957477438e-003	9.331011e-009	4.665505e+001
2.000323165722674e-003	9.896537e-009	4.948268e+001
2.000334068600009e-003	1.022515e-008	5.112576e+001
2.000342980304225e-003	1.045456e-008	5.227280e+001
2.000352923976787e-003	1.067382e-008	5.336912e+001
2.000362841327858e-003	1.085568e-008	5.427839e+001
2.000377728063132e-003	1.106957e-008	5.534784e+001
2.000396610690261e-003	1.126342e-008	5.631712e+001
2.000422380338848e-003	1.143749e-008	5.718743e+001
2.000435412661834e-003	1.149202e-008	5.746012e+001
2.000442265635715e-003	1.150815e-008	5.754074e+001
2.000448828781164e-003	1.151808e-008	5.759042e+001
2.000450658205972e-003	1.152022e-008	5.760112e+001
2.000452874837096e-003	1.152232e-008	5.761158e+001
2.000455404273117e-003	1.152418e-008	5.762091e+001
2.000459693914275e-003	1.152635e-008	5.763177e+001
2.000464581737278e-003	1.152749e-008	5.763747e+001
2.000471037326952e-003	1.152700e-008	5.763498e+001
2.000478050786669e-003	1.152397e-008	5.761983e+001
2.000489956186985e-003	1.151443e-008	5.757216e+001
2.000501297989510e-003	1.150063e-008	5.750316e+001
2.000523981594561e-003	1.146422e-008	5.732111e+001
2.000537292738616e-003	1.143891e-008	5.719454e+001
2.000546356032419e-003	1.141950e-008	5.709750e+001
2.000554045161248e-003	1.140213e-008	5.701065e+001
2.000554436252262e-003	1.140122e-008	5.700608e+001
2.000555218434289e-003	1.139936e-008	5.699681e+001
2.000556782798344e-003	1.139564e-008	5.697820e+001
2.000559911526452e-003	1.138808e-008	5.694038e+001
2.000566168982670e-003	1.137257e-008	5.686284e+001
2.000573459941188e-003	1.135389e-008	5.676946e+001
2.000582889002682e-003	1.132878e-008	5.664391e+001
2.000592509327678e-003	1.130205e-008	5.651024e+001
2.000603865057038e-003	1.126901e-008	5.634507e+001
2.000615624838852e-003	1.123306e-008	5.616532e+001
2.000629689302188e-003	1.118760e-008	5.593802e+001
2.000645543636272e-003	1.113295e-008	5.566477e+001
2.000664309207829e-003	1.106378e-008	5.531891e+001
2.000677682636543e-003	1.101113e-008	5.505564e+001
2.000688824111770e-003	1.096441e-008	5.482206e+001
2.000700106402249e-003	1.091433e-008	5.457164e+001
2.000711530999517e-003	1.086031e-008	5.430156e+001
2.000727354800393e-003	1.077975e-008	5.389875e+001
2.000744691153175e-003	1.068294e-008	5.341472e+001
2.000766907792362e-003	1.054387e-008	5.271937e+001
2.000792246644318e-003	1.036112e-008	5.180561e+001
2.000826556438852e-003	1.006979e-008	5.034896e+001
2.000872321893078e-003	9.622371e-009	4.811185e+001
2.000914834569594e-003	9.168708e-009	4.584354e+001
2.000965339867574e-003	8.615562e-009	4.307781e+001
2.001014129110287e-003	8.093719e-009	4.046860e+001
2.001071872044207e-003	7.502919e-009	3.751460e+001
2.001128301736721e-003	6.952632e-009	3.476316e+001
2.001187818860978e-003	6.397948e-009	3.198974e+001
2.001255522314785e-003	5.792195e-009	2.896097e+001
2.001328054590279e-003	5.174227e-009	2.587113e+001
2.001383295076636e-003	4.750689e-009	2.375344e+001
2.001444014620714e-003	4.361332e-009	2.180666e+001
2.001494219059380e-003	4.098436e-009	2.049218e+001
2.001530930238314e-003	3.938754e-009	1.969377e+001
2.001573747412797e-003	3.777976e-009	1.888988e+001
2.001613451089618e-003	3.646552e-009	1.823276e+001
2.001657450933155e-003	3.517971e-009	1.758986e+001
2.001705212886347e-003	3.393282e-009	1.696641e+001
2.001743409798434e-003	3.303602e-009	1.651801e+001
2.001782291894044e-003	3.219318e-009	1.609659e+001
2.001784204406633e-003	3.215450e-009	1.607725e+001
2.001788029431809e-003	3.208079e-009	1.604040e+001
2.001795679482163e-003	3.193426e-009	1.596713e+001
2.001806730627840e-003	3.172436e-009	1.586218e+001
2.001818515909841e-003	3.150395e-009	1.575198e+001
2.001841829011205e-003	3.107886e-009	1.553943e+001
2.001867455642298e-003	3.063091e-009	1.531546e+001
2.001908616003676e-003	2.995409e-009	1.497705e+001
2.001957880507049e-003	2.920467e-009	1.460233e+001
2.002021600745145e-003	2.833424e-009	1.416712e+001
2.002136017007296e-003	2.695977e-009	1.347989e+001
2.002254392281193e-003	2.571922e-009	1.285961e+001
2.002355144484319e-003	2.480269e-009	1.240134e+001
2.002470028036759e-003	2.386393e-009	1.193196e+001
2.002498916263534e-003	2.364454e-009	1.182227e+001
2.002524184655989e-003	2.346255e-009	1.173127e+001
2.002559592365637e-003	2.321436e-009	1.160718e+001
2.002583330213700e-003	2.305258e-009	1.152629e+001
2.002620059424347e-003	2.280988e-009	1.140494e+001
2.002660732019989e-003	2.254962e-009	1.127481e+001
2.002706849446720e-003	2.226568e-009	1.113284e+001
2.002766522019619e-003	2.191364e-009	1.095682e+001
2.002831605529441e-003	2.154662e-009	1.077331e+001
2.002894497206398e-003	2.120859e-009	1.060430e+001
2.002966592393323e-003	2.084037e-009	1.042019e+001
2.003053406191979e-003	2.042019e-009	1.021010e+001
2.003146803838903e-003	1.999231e-009	9.996158e+000
2.003232328155720e-003	1.962173e-009	9.810865e+000
2.003331272808451e-003	1.921840e-009	9.609202e+000
2.003487170458235e-003	1.862584e-009	9.312922e+000
2.003686705817042e-003	1.792535e-009	8.962675e+000
2.003896742359357e-003	1.724905e-009	8.624526e+000
2.004114770087741e-003	1.660789e-009	8.303946e+000
2.004399804779829e-003	1.584645e-009	7.923225e+000
2.004776924698665e-003	1.493938e-009	7.469688e+000
2.005247283134380e-003	1.393411e-009	6.967054e+000
2.005841418489480e-003	1.281165e-009	6.405824e+000
2.006417325788705e-003	1.185485e-009	5.927428e+000
2.007168617573699e-003	1.076757e-009	5.383783e+000
2.008065776426256e-003	9.628320e-010	4.814160e+000
2.008373433591828e-003	9.317852e-010	4.658926e+000
2.008603277149803e-003	9.196467e-010	4.598234e+000
2.008783109797190e-003	9.238150e-010	4.619075e+000
2.008983436267574e-003	9.450296e-010	4.725148e+000
2.009128094968081e-003	9.687596e-010	4.843799e+000
2.009287465077987e-003	9.977138e-010	4.988569e+000
2.009448941628917e-003	1.024757e-009	5.123786e+000
2.009581434778962e-003	1.044789e-009	5.223945e+000
2.009730337513237e-003	1.066430e-009	5.332150e+000
2.009904763978847e-003	1.092102e-009	5.460512e+000
2.010117288956077e-003	1.123873e-009	5.619364e+000
2.010429520768347e-003	1.170502e-009	5.852512e+000
2.010763317539998e-003	1.217554e-009	6.087770e+000
2.011080234735908e-003	1.253181e-009	6.265905e+000
2.011285610219213e-003	1.264194e-009	6.320969e+000
2.011446910005219e-003	1.262313e-009	6.311567e+000
2.011560145477160e-003	1.256810e-009	6.284049e+000
2.011685290059146e-003	1.249738e-009	6.248690e+000
2.011792820921929e-003	1.243955e-009	6.219776e+000
2.011914063030331e-003	1.237339e-009	6.186693e+000
2.012054164141725e-003	1.229138e-009	6.145688e+000
2.012212474401571e-003	1.219616e-009	6.098081e+000
2.012381093216875e-003	1.209773e-009	6.048864e+000
2.012577098479002e-003	1.198675e-009	5.993373e+000
2.012798915550259e-003	1.186165e-009	5.930828e+000
2.012825823719766e-003	1.184647e-009	5.923237e+000
2.012879640058782e-003	1.181642e-009	5.908208e+000
2.012987272736812e-003	1.175746e-009	5.878732e+000
2.013172512657279e-003	1.165779e-009	5.828897e+000
2.013258694200504e-003	1.161189e-009	5.805946e+000
2.013321172913307e-003	1.157878e-009	5.789391e+000
2.013390170535531e-003	1.154232e-009	5.771160e+000
2.013424048736308e-003	1.152449e-009	5.762245e+000
2.013443054050006e-003	1.151453e-009	5.757266e+000
2.013471907651786e-003	1.149947e-009	5.749734e+000
2.013498155996112e-003	1.148581e-009	5.742907e+000
2.013518791774120e-003	1.147512e-009	5.737558e+000
2.013538671013774e-003	1.146484e-009	5.732422e+000
2.013562238983582e-003	1.145270e-009	5.726351e+000
2.013585903329952e-003	1.144055e-009	5.720274e+000
2.013612037519624e-003	1.142717e-009	5.713583e+000
2.013643039698473e-003	1.141134e-009	5.705671e+000
2.013680591946841e-003	1.139224e-009	5.696122e+000
2.013735899515700e-003	1.136425e-009	5.682124e+000
2.013824349128297e-003	1.131977e-009	5.659883e+000
2.013947952209529e-003	1.125817e-009	5.629086e+000
2.014078596846560e-003	1.119401e-009	5.597006e+000
2.014318749627580e-003	1.107892e-009	5.539462e+000
2.014796431800340e-003	1.085989e-009	5.429946e+000
2.015751796145858e-003	1.045784e-009	5.228922e+000
2.017662524836895e-003	9.747868e-010	4.873934e+000
2.019454422499289e-003	9.184197e-010	4.592099e+000
2.021642491446243e-003	8.625096e-010	4.312548e+000
2.024159247529260e-003	8.126294e-010	4.063147e+000
2.028400025816808e-003	7.509376e-010	3.754688e+000
2.032255083647339e-003	7.116478e-010	3.558239e+000
2.036260323079326e-003	6.834530e-010	3.417265e+000
2.037998051038782e-003	6.745107e-010	3.372554e+000
2.040366762575447e-003	6.650565e-010	3.325282e+000
2.041595835209369e-003	6.609340e-010	3.304670e+000
2.043170540089556e-003	6.566325e-010	3.283163e+000
2.046319949849931e-003	6.495414e-010	3.247707e+000
2.048237882536460e-003	6.460489e-010	3.230245e+000
2.050111601087272e-003	6.433362e-010	3.216681e+000
2.051996357134029e-003	6.410803e-010	3.205402e+000
2.053963338048691e-003	6.390818e-010	3.195409e+000
2.054699874679663e-003	6.384208e-010	3.192104e+000
2.055173091840955e-003	6.380234e-010	3.190117e+000
2.055495091193099e-003	6.377496e-010	3.188748e+000
2.055781816757639e-003	6.374923e-010	3.187461e+000
2.056024041472284e-003	6.372572e-010	3.186286e+000
2.056223544461603e-003	6.370466e-010	3.185233e+000
2.056386629746436e-003	6.368602e-010	3.184301e+000
2.056512840447461e-003	6.366992e-010	3.183496e+000
2.056586451751244e-003	6.365733e-010	3.182867e+000
2.056621334829528e-003	6.364653e-010	3.182326e+000
2.056651381368502e-003	6.362991e-010	3.181495e+000
2.056683238705508e-003	6.360272e-010	3.180136e+000
2.056715668854897e-003	6.356234e-010	3.178117e+000
2.056780529153674e-003	6.345593e-010	3.172796e+000
2.056843471323794e-003	6.333523e-010	3.166761e+000
2.056945009280374e-003	6.313112e-010	3.156556e+000
2.057045160695471e-003	6.293469e-010	3.146734e+000
2.057153578604977e-003	6.271176e-010	3.135588e+000
2.057279785092347e-003	6.240019e-010	3.120009e+000
2.057398978473245e-003	6.202115e-010	3.101058e+000
2.057534320778509e-003	6.147219e-010	3.073610e+000
2.057712653375425e-003	6.059453e-010	3.029727e+000
2.057879656738685e-003	5.960939e-010	2.980469e+000
2.058136553896161e-003	5.780545e-010	2.890273e+000
2.058411893650355e-003	5.555621e-010	2.777810e+000
2.058700267805275e-003	5.290482e-010	2.645241e+000
2.059063010773362e-003	4.935900e-010	2.467950e+000
2.059547127010088e-003	4.462921e-010	2.231460e+000
2.060042478095559e-003	4.008038e-010	2.004019e+000
2.060618250021766e-003	3.535574e-010	1.767787e+000
2.061190265413660e-003	3.135015e-010	1.567508e+000
2.061996273234279e-003	2.672806e-010	1.336403e+000
2.062980981880369e-003	2.233282e-010	1.116641e+000
2.064494896843959e-003	1.733568e-010	8.667841e-001
2.065878022973437e-003	1.412385e-010	7.061927e-001
2.067586473780677e-003	1.149510e-010	5.747551e-001
2.069324186021122e-003	9.728830e-011	4.864415e-001
2.071235799963237e-003	8.476570e-011	4.238285e-001
2.073392270027267e-003	7.578617e-011	3.789308e-001
2.076055474184087e-003	6.884602e-011	3.442301e-001
2.078996429225747e-003	6.398347e-011	3.199174e-001
2.082606736333552e-003	6.007822e-011	3.003911e-001
2.086735270686351e-003	5.691046e-011	2.845523e-001
2.090583787443903e-003	5.463754e-011	2.731877e-001
2.094460026879168e-003	5.276880e-011	2.638440e-001
2.098205554102819e-003	5.123517e-011	2.561758e-001
2.102073674363362e-003	4.987197e-011	2.493599e-001
2.105867868136986e-003	4.871684e-011	2.435842e-001
2.109731577331584e-003	4.769499e-011	2.384750e-001
2.113531885830875e-003	4.682240e-011	2.341120e-001
2.117382264978927e-003	4.605482e-011	2.302741e-001
2.121190336888885e-003	4.539263e-011	2.269632e-001
2.125034860589967e-003	4.481156e-011	2.240578e-001
2.128848879554172e-003	4.430922e-011	2.215461e-001
2.132688520031594e-003	4.386765e-011	2.193383e-001
2.136506435594127e-003	4.348603e-011	2.174301e-001
2.140342661746932e-003	4.315145e-011	2.157572e-001
2.144163456444107e-003	4.286077e-011	2.143039e-001
2.147997278694741e-003	4.260720e-011	2.130360e-001
2.151820111529176e-003	4.238600e-011	2.119300e-001
2.155652219467470e-003	4.219263e-011	2.109631e-001
2.159476513438301e-003	4.202462e-011	2.101231e-001
2.163307418328550e-003	4.187735e-011	2.093867e-001
2.167132773753197e-003	4.174947e-011	2.087473e-001
2.170962852114139e-003	4.163793e-011	2.081897e-001
2.174789006729579e-003	4.154038e-011	2.077019e-001
2.178618561330770e-003	4.145544e-011	2.072772e-001
2.182445379607267e-003	4.138120e-011	2.069060e-001
2.186274700931596e-003	4.131619e-011	2.065810e-001
2.190102196379183e-003	4.125978e-011	2.062989e-001
2.193931653308513e-003	4.121044e-011	2.060522e-001
2.197760074446194e-003	4.116742e-011	2.058371e-001
2.201590280607291e-003	4.112998e-011	2.056499e-001
2.205420321677881e-003	4.109708e-011	2.054854e-001
2.209252475544131e-003	4.106834e-011	2.053417e-001
2.213085750590530e-003	4.104330e-011	2.052165e-001
2.216922355416683e-003	4.102133e-011	2.051067e-001
2.220762439523414e-003	4.100227e-011	2.050114e-001
2.224608842974055e-003	4.098563e-011	2.049281e-001
2.228463524247301e-003	4.097097e-011	2.048549e-001
2.232331223436270e-003	4.095816e-011	2.047908e-001
2.236218211567855e-003	4.094695e-011	2.047348e-001
2.240933025324999e-003	4.093527e-011	2.046763e-001
2.246146456236297e-003	4.092446e-011	2.046223e-001
2.252482134041260e-003	4.091368e-011	2.045684e-001
2.259318071541260e-003	4.090429e-011	2.045215e-001
2.266154009041260e-003	4.089679e-011	2.044839e-001
2.272989946541260e-003	4.089089e-011	2.044545e-001
2.279825884041260e-003	4.088626e-011	2.044313e-001
2.286661821541260e-003	4.088256e-011	2.044128e-001
2.293497759041260e-003	4.087960e-011	2.043980e-001
2.300333696541260e-003	4.087721e-011	2.043860e-001
2.307169634041260e-003	4.087534e-011	2.043767e-001
2.314005571541261e-003	4.087385e-011	2.043692e-001
2.320841509041261e-003	4.087260e-011	2.043630e-001
2.327677446541261e-003	4.087159e-011	2.043580e-001
2.334513384041261e-003	4.087077e-011	2.043539e-001
2.341349321541261e-003	4.087013e-011	2.043507e-001
2.348185259041261e-003	4.086958e-011	2.043479e-001
2.355021196541261e-003	4.086910e-011	2.043455e-001
2.361857134041261e-003	4.086871e-011	2.043435e-001
2.368693071541262e-003	4.086840e-011	2.043420e-001
2.375529009041262e-003	4.086813e-011	2.043407e-001
2.382364946541262e-003	4.086788e-011	2.043394e-001
2.389200884041262e-003	4.086766e-011	2.043383e-001
2.396036821541262e-003	4.086749e-011	2.043375e-001
2.402872759041262e-003	4.086734e-011	2.043367e-001
2.409708696541262e-003	4.086720e-011	2.043360e-001
2.416544634041262e-003	4.086707e-011	2.043353e-001
2.423380571541262e-003	4.086696e-011	2.043348e-001
2.430216509041263e-003	4.086687e-011	2.043343e-001
2.437052446541263e-003	4.086678e-011	2.043339e-001
2.443888384041263e-003	4.086669e-011	2.043335e-001
2.450724321541263e-003	4.086661e-011	2.043331e-001
2.457560259041263e-003	4.086655e-011	2.043328e-001
2.464396196541263e-003	4.086649e-011	2.043325e-001
2.471232134041263e-003	4.086643e-011	2.043321e-001
2.478068071541263e-003	4.086637e-011	2.043319e-001
2.484904009041263e-003	4.086633e-011	2.043316e-001
2.491739946541264e-003	4.086629e-011	2.043314e-001
2.498575884041264e-003	4.086624e-011	2.043312e-001
2.505411821541264e-003	4.086620e-011	2.043310e-001
2.512247759041264e-003	4.086616e-011	2.043308e-001
2.519083696541264e-003	4.086614e-011	2.043307e-001
2.525919634041264e-003	4.086610e-011	2.043305e-001
2.532755571541264e-003	4.086607e-011	2.043304e-001
2.539591509041264e-003	4.086604e-011	2.043302e-001
2.546427446541264e-003	4.086602e-011	2.043301e-001
2.553263384041265e-003	4.086600e-011	2.043300e-001
2.560099321541265e-003	4.086597e-011	2.043299e-001
2.566935259041265e-003	4.086595e-011	2.043298e-001
2.573771196541265e-003	4.086594e-011	2.043297e-001
2.580607134041265e-003	4.086592e-011	2.043296e-001
2.587443071541265e-003	4.086590e-011	2.043295e-001
2.594279009041265e-003	4.086588e-011	2.043294e-001
2.601114946541265e-003	4.086587e-011	2.043294e-001
2.607950884041266e-003	4.086586e-011	2.043293e-001
2.614786821541266e-003	4.086585e-011	2.043292e-001
2.621622759041266e-003	4.086583e-011	2.043292e-001
2.628458696541266e-003	4.086582e-011	2.043291e-001
2.635294634041266e-003	4.086581e-011	2.043291e-001
2.642130571541266e-003	4.086580e-011	2.043290e-001
2.648966509041266e-003	4.086579e-011	2.043290e-001
2.655802446541266e-003	4.086578e-011	2.043289e-001
2.662638384041266e-003	4.086578e-011	2.043289e-001
2.669474321541267e-003	4.086577e-011	2.043289e-001
2.676310259041267e-003	4.086576e-011	2.043288e-001
2.683146196541267e-003	4.086576e-011	2.043288e-001
2.689982134041267e-003	4.086575e-011	2.043287e-001
2.696818071541267e-003	4.086575e-011	2.043287e-001
2.703654009041267e-003	4.086574e-011	2.043287e-001
2.710489946541267e-003	4.086573e-011	2.043287e-001
2.717325884041267e-003	4.086573e-011	2.043287e-001
2.724161821541267e-003	4.086573e-011	2.043286e-001
2.730997759041268e-003	4.086572e-011	2.043286e-001
2.737833696541268e-003	4.086572e-011	2.043286e-001
2.744669634041268e-003	4.086571e-011	2.043286e-001
2.751505571541268e-003	4.086571e-011	2.043286e-001
2.758341509041268e-003	4.086571e-011	2.043286e-001
2.765177446541268e-003	4.086571e-011	2.043285e-001
2.772013384041268e-003	4.086571e-011	2.043285e-001
2.778849321541268e-003	4.086570e-011	2.043285e-001
2.785685259041269e-003	4.086570e-011	2.043285e-001
2.792521196541269e-003	4.086570e-011	2.043285e-001
2.799357134041269e-003	4.086570e-011	2.043285e-001
2.806193071541269e-003	4.086570e-011	2.043285e-001
2.813029009041269e-003	4.086569e-011	2.043285e-001
2.819864946541269e-003	4.086569e-011	2.043285e-001
2.826700884041269e-003	4.086569e-011	2.043284e-001
2.833536821541269e-003	4.086569e-011	2.043284e-001
2.840372759041269e-003	4.086569e-011	2.043284e-001
2.847208696541270e-003	4.086569e-011	2.043284e-001
2.854044634041270e-003	4.086569e-011	2.043284e-001
2.860880571541270e-003	4.086568e-011	2.043284e-001
2.867716509041270e-003	4.086568e-011	2.043284e-001
2.874552446541270e-003	4.086568e-011	2.043284e-001
2.881388384041270e-003	4.086568e-011	2.043284e-001
2.888224321541270e-003	4.086568e-011	2.043284e-001
2.895060259041270e-003	4.086568e-011	2.043284e-001
2.901896196541270e-003	4.086568e-011	2.043284e-001
2.908732134041271e-003	4.086568e-011	2.043284e-001
2.915568071541271e-003	4.086568e-011	2.043284e-001
2.922404009041271e-003	4.086568e-011	2.043284e-001
2.929239946541271e-003	4.086568e-011	2.043284e-001
2.936075884041271e-003	4.086568e-011	2.043284e-001
2.942911821541271e-003	4.086568e-011	2.043284e-001
2.949747759041271e-003	4.086568e-011	2.043284e-001
2.956583696541271e-003	4.086567e-011	2.043284e-001
2.963419634041271e-003	4.086567e-011	2.043284e-001
2.970255571541272e-003	4.086567e-011	2.043284e-001
2.977091509041272e-003	4.086567e-011	2.043284e-001
2.983927446541272e-003	4.086567e-011	2.043284e-001
2.990763384041272e-003	4.086567e-011	2.043284e-001
2.997599321541272e-003	4.086567e-011	2.043284e-001
3.004435259041272e-003	4.086567e-011	2.043284e-001
3.011271196541272e-003	4.086567e-011	2.043284e-001
3.018107134041272e-003	4.086567e-011	2.043284e-001
3.024943071541273e-003	4.086567e-011	2.043284e-001
3.031779009041273e-003	4.086567e-011	2.043284e-001
3.038614946541273e-003	4.086567e-011	2.043284e-001
3.052286821541273e-003	4.086567e-011	2.043284e-001
3.059122759041273e-003	4.086567e-011	2.043283e-001
3.065958696541273e-003	4.086567e-011	2.043283e-001
3.072794634041273e-003	4.086567e-011	2.043284e-001
3.079630571541273e-003	4.086567e-011	2.043284e-001
3.086466509041274e-003	4.086567e-011	2.043284e-001
3.093302446541274e-003	4.086567e-011	2.043284e-001
3.100138384041274e-003	4.086567e-011	2.043284e-001
3.106974321541274e-003	4.086567e-011	2.043284e-001
3.113810259041274e-003	4.086567e-011	2.043283e-001
3.120646196541274e-003	4.086567e-011	2.043283e-001
3.127482134041274e-003	4.086567e-011	2.043283e-001
3.141154009041274e-003	4.086567e-011	2.043283e-001
3.154825884041275e-003	4.086567e-011	2.043283e-001
3.161661821541275e-003	4.086567e-011	2.043283e-001
3.168497759041275e-003	4.086567e-011	2.043283e-001
3.175333696541275e-003	4.086567e-011	2.043283e-001
3.182169634041275e-003	4.086567e-011	2.043283e-001
3.189005571541275e-003	4.086567e-011	2.043283e-001
3.195841509041275e-003	4.086567e-011	2.043283e-001
3.202677446541275e-003	4.086567e-011	2.043283e-001
3.216349321541276e-003	4.086567e-011	2.043283e-001
3.230021196541276e-003	4.086567e-011	2.043283e-001
3.243693071541276e-003	4.086567e-011	2.043283e-001
3.257364946541276e-003	4.086567e-011	2.043283e-001
3.277872759041277e-003	4.086567e-011	2.043283e-001
3.291544634041277e-003	4.086567e-011	2.043283e-001
3.305216509041277e-003	4.086567e-011	2.043283e-001
3.318888384041277e-003	4.086567e-011	2.043283e-001
3.332560259041278e-003	4.086567e-011	2.043283e-001
3.353068071541278e-003	4.086567e-011	2.043283e-001
3.660685259041283e-003	4.086567e-011	2.043283e-001
3.993164062500000e-003	4.086556e-011	2.043278e-001
3.995302546343520e-003	4.086545e-011	2.043273e-001
3.996564004251840e-003	4.086564e-011	2.043282e-001
3.998245948129601e-003	4.086625e-011	2.043312e-001
3.998839822020268e-003	4.086635e-011	2.043317e-001
3.999220145508107e-003	4.086628e-011	2.043314e-001
3.999239353024323e-003	4.086627e-011	2.043313e-001
3.999277768056756e-003	4.086623e-011	2.043311e-001
3.999354598121622e-003	4.086617e-011	2.043309e-001
3.999447762347770e-003	4.086610e-011	2.043305e-001
3.999634090800065e-003	4.086593e-011	2.043297e-001
3.999694616977867e-003	4.086587e-011	2.043294e-001
3.999815669333472e-003	4.086574e-011	2.043287e-001
3.999867455615341e-003	4.086567e-011	2.043284e-001
3.999896427436261e-003	4.086564e-011	2.043282e-001
3.999942056358161e-003	4.086557e-011	2.043279e-001
3.999960207696493e-003	4.086559e-011	2.043280e-001
3.999963697323336e-003	4.086560e-011	2.043280e-001
3.999970676577021e-003	4.086558e-011	2.043279e-001
3.999984635084392e-003	4.086555e-011	2.043277e-001
3.999989689631847e-003	4.086559e-011	2.043279e-001
3.999989714791002e-003	4.086558e-011	2.043279e-001
3.999989765109313e-003	4.086557e-011	2.043279e-001
3.999989865745936e-003	4.086556e-011	2.043278e-001
3.999990067019179e-003	4.086555e-011	2.043278e-001
3.999990469565667e-003	4.086554e-011	2.043277e-001
3.999990482145245e-003	4.086554e-011	2.043277e-001
3.999990507304400e-003	4.086554e-011	2.043277e-001
3.999990557622711e-003	4.086554e-011	2.043277e-001
3.999990658259333e-003	4.086554e-011	2.043277e-001
3.999990859532576e-003	4.086554e-011	2.043277e-001
3.999991262079064e-003	4.086554e-011	2.043277e-001
3.999992067172039e-003	4.086554e-011	2.043277e-001
3.999993677357989e-003	4.086554e-011	2.043277e-001
3.999994515872711e-003	4.086554e-011	2.043277e-001
3.999995354387433e-003	4.086554e-011	2.043277e-001
3.999996192902155e-003	4.086554e-011	2.043277e-001
3.999997031416877e-003	4.086554e-011	2.043277e-001
3.999997869931599e-003	4.086554e-011	2.043277e-001
3.999998708446321e-003	4.086554e-011	2.043277e-001
3.999999546961043e-003	4.086554e-011	2.043277e-001
3.999999678477660e-003	4.086554e-011	2.043277e-001
3.999999685788798e-003	4.086553e-011	2.043277e-001
3.999999700411074e-003	4.086552e-011	2.043276e-001
3.999999729655627e-003	4.086550e-011	2.043275e-001
3.999999788144733e-003	4.086549e-011	2.043274e-001
3.999999800004365e-003	4.086549e-011	2.043275e-001
3.999999823723629e-003	4.086550e-011	2.043275e-001
3.999999871162157e-003	4.086551e-011	2.043276e-001
3.999999905122945e-003	4.086552e-011	2.043276e-001
3.999999932078424e-003	4.086553e-011	2.043276e-001
3.999999946089043e-003	4.086554e-011	2.043277e-001
3.999999974110281e-003	4.086557e-011	2.043278e-001
3.999999975282094e-003	4.086557e-011	2.043279e-001
3.999999977625718e-003	4.086557e-011	2.043279e-001
3.999999978211624e-003	4.086557e-011	2.043279e-001
3.999999979383437e-003	4.086557e-011	2.043279e-001
3.999999981727061e-003	4.086557e-011	2.043279e-001
3.999999986414310e-003	4.086558e-011	2.043279e-001
3.999999987586123e-003	4.086558e-011	2.043279e-001
3.999999989929747e-003	4.086558e-011	2.043279e-001
3.999999994616996e-003	4.086559e-011	2.043280e-001
3.999999994911119e-003	4.086559e-011	2.043279e-001
3.999999995499363e-003	4.086558e-011	2.043279e-001
3.999999995646424e-003	4.086557e-011	2.043279e-001
3.999999995940547e-003	4.086557e-011	2.043279e-001
3.999999996528792e-003	4.086559e-011	2.043279e-001
3.999999997705282e-003	4.086558e-011	2.043279e-001
3.999999998295875e-003	4.086558e-011	2.043279e-001
3.999999999477063e-003	4.086502e-011	2.043251e-001
3.999999999482020e-003	4.086502e-011	2.043251e-001
3.999999999491936e-003	4.086531e-011	2.043266e-001
3.999999999511768e-003	4.086588e-011	2.043294e-001
3.999999999516726e-003	4.258978e-007	2.043289e-001
4.000000999516726e-003	1.323069e-001	5.108199e-002
4.000001999516727e-003	1.826444e-001	-0.000000e+000
4.000002999516727e-003	1.871406e-001	-0.000000e+000
4.000003999516727e-003	1.878542e-001	-0.000000e+000
4.000005370743030e-003	1.881045e-001	-0.000000e+000
4.000006634482045e-003	1.881073e-001	-0.000000e+000
4.000008029109655e-003	1.879852e-001	-0.000000e+000
4.000009743862046e-003	1.878216e-001	-0.000000e+000
4.000012371891251e-003	1.876304e-001	-0.000000e+000
4.000015248978741e-003	1.875152e-001	-0.000000e+000
4.000018180507321e-003	1.874887e-001	-0.000000e+000
4.000021548464839e-003	1.875409e-001	-0.000000e+000
4.000026478480371e-003	1.877130e-001	-0.000000e+000
4.000035292190267e-003	1.881298e-001	-0.000000e+000
4.000044428026282e-003	1.885809e-001	-0.000000e+000
4.000057089546314e-003	1.891080e-001	-0.000000e+000
4.000070021280410e-003	1.894449e-001	-0.000000e+000
4.000084505376205e-003	1.895496e-001	-0.000000e+000
4.000098651359277e-003	1.893896e-001	-0.000000e+000
4.000114367120579e-003	1.889533e-001	-0.000000e+000
4.000130792839108e-003	1.882840e-001	-0.000000e+000
4.000151907577831e-003	1.872499e-001	-0.000000e+000
4.000162990016905e-003	1.866665e-001	-0.000000e+000
4.000174726720222e-003	1.860371e-001	-0.000000e+000
4.000188222155108e-003	1.853181e-001	-0.000000e+000
4.000202123578936e-003	1.845798e-001	-0.000000e+000
4.000217071046269e-003	1.837805e-001	-0.000000e+000
4.000232777758350e-003	1.829267e-001	-0.000000e+000
4.000250060435413e-003	1.819686e-001	-0.000000e+000
4.000269326652577e-003	1.808826e-001	-0.000000e+000
4.000285619830883e-003	1.799529e-001	-0.000000e+000
4.000302737241359e-003	1.789689e-001	-0.000000e+000
4.000319688316131e-003	1.779915e-001	-0.000000e+000
4.000338457057302e-003	1.769086e-001	-0.000000e+000
4.000358244154963e-003	1.757689e-001	-0.000000e+000
4.000381194774963e-003	1.744523e-001	-0.000000e+000
4.000407407226008e-003	1.729591e-001	-0.000000e+000
4.000442507085649e-003	1.709799e-001	-0.000000e+000
4.000485013893785e-003	1.686154e-001	-0.000000e+000
4.000531380087916e-003	1.660796e-001	-0.000000e+000
4.000582427619453e-003	1.633441e-001	-0.000000e+000
4.000647915924429e-003	1.599347e-001	-0.000000e+000
4.000778892534381e-003	1.533710e-001	-0.000000e+000
4.000926571350101e-003	1.463856e-001	-0.000000e+000
4.001196760450324e-003	1.346156e-001	-0.000000e+000
4.001516811726418e-003	1.221895e-001	-0.000000e+000
4.001970858718744e-003	1.070131e-001	-0.000000e+000
4.002404807487649e-003	9.488104e-002	-0.000000e+000
4.002894140772725e-003	8.389573e-002	-0.000000e+000
4.003517676205180e-003	7.314752e-002	-0.000000e+000
4.004321037591964e-003	6.315900e-002	-0.000000e+000
4.005203043503193e-003	5.574707e-002	-0.000000e+000
4.006023908922055e-003	5.169175e-002	-0.000000e+000
4.006891210953844e-003	5.028115e-002	-0.000000e+000
4.007251868088428e-003	5.169297e-002	-0.000000e+000
4.007590889795217e-003	5.596060e-002	-0.000000e+000
4.007927819431579e-003	6.358761e-002	-0.000000e+000
4.008272506795668e-003	7.464132e-002	-0.000000e+000
4.008623555875210e-003	8.781307e-002	-0.000000e+000
4.009018501273308e-003	1.016291e-001	-0.000000e+000
4.009429578575378e-003	1.117354e-001	-0.000000e+000
4.009698996003905e-003	1.148639e-001	-0.000000e+000
4.009904225439467e-003	1.152767e-001	-0.000000e+000
4.010139591397241e-003	1.146296e-001	-0.000000e+000
4.010483568144697e-003	1.129471e-001	-0.000000e+000
4.010806284931390e-003	1.113016e-001	-0.000000e+000
4.011241483110084e-003	1.098395e-001	-0.000000e+000
4.011731502881079e-003	1.100905e-001	-0.000000e+000
4.012331415128138e-003	1.135993e-001	-0.000000e+000
4.013093149538434e-003	1.213680e-001	-0.000000e+000
4.013787425905595e-003	1.290751e-001	-0.000000e+000
4.014562175566990e-003	1.359306e-001	-0.000000e+000
4.015238958379100e-003	1.399964e-001	-0.000000e+000
4.015966057439548e-003	1.436384e-001	-0.000000e+000
4.017015731252492e-003	1.498624e-001	-0.000000e+000
4.018086286283337e-003	1.574591e-001	-0.000000e+000
4.019177388528461e-003	1.653467e-001	-0.000000e+000
4.020769485299890e-003	1.759749e-001	-0.000000e+000
4.022311501186073e-003	1.860580e-001	-0.000000e+000
4.024487973289523e-003	2.006779e-001	-0.000000e+000
4.026460679681111e-003	2.138852e-001	-0.000000e+000
4.029982138873848e-003	2.371923e-001	-0.000000e+000
4.033454825605213e-003	2.602257e-001	-0.000000e+000
4.039153468684274e-003	2.979561e-001	-0.000000e+000
4.045989406184274e-003	3.431548e-001	-0.000000e+000
4.052825343684273e-003	3.883407e-001	-0.000000e+000
4.059661281184273e-003	4.335093e-001	-0.000000e+000
4.066497218684273e-003	4.786868e-001	-0.000000e+000
4.073333156184272e-003	5.238555e-001	-0.000000e+000
4.080169093684272e-003	5.690343e-001	-0.000000e+000
4.087005031184272e-003	6.142082e-001	-0.000000e+000
4.093840968684271e-003	6.593874e-001	-0.000000e+000
4.100676906184271e-003	7.045660e-001	-0.000000e+000
4.107512843684271e-003	7.497449e-001	-0.000000e+000
4.114348781184270e-003	7.949264e-001	-0.000000e+000
4.121184718684270e-003	8.401051e-001	-0.000000e+000
4.128020656184270e-003	8.852876e-001	-0.000000e+000
4.134856593684269e-003	9.304667e-001	-0.000000e+000
4.141692531184269e-003	9.756488e-001	-0.000000e+000
4.148528468684269e-003	1.020828e+000	-0.000000e+000
4.155364406184268e-003	1.066009e+000	-0.000000e+000
4.162200343684268e-003	1.111190e+000	-0.000000e+000
4.169036281184268e-003	1.156370e+000	-0.000000e+000
4.175872218684268e-003	1.201550e+000	-0.000000e+000
4.182708156184267e-003	1.246729e+000	-0.000000e+000
4.189544093684267e-003	1.291909e+000	-0.000000e+000
4.196380031184267e-003	1.337088e+000	-0.000000e+000
4.203215968684266e-003	1.382267e+000	-0.000000e+000
4.210051906184266e-003	1.427445e+000	-0.000000e+000
4.216887843684266e-003	1.472623e+000	-0.000000e+000
4.223723781184265e-003	1.517801e+000	-0.000000e+000
4.230559718684265e-003	1.562979e+000	-0.000000e+000
4.237395656184265e-003	1.608156e+000	-0.000000e+000
4.244231593684264e-003	1.653333e+000	-0.000000e+000
4.251067531184264e-003	1.698510e+000	-0.000000e+000
4.257903468684264e-003	1.743686e+000	-0.000000e+000
4.264739406184263e-003	1.788862e+000	-0.000000e+000
4.271575343684263e-003	1.834037e+000	-0.000000e+000
4.278411281184263e-003	1.879213e+000	-0.000000e+000
4.285247218684262e-003	1.924388e+000	-0.000000e+000
4.292083156184262e-003	1.969562e+000	-0.000000e+000
4.298919093684262e-003	2.014737e+000	-0.000000e+000
4.305755031184261e-003	2.059911e+000	-0.000000e+000
4.312590968684261e-003	2.105084e+000	-0.000000e+000
4.319426906184261e-003	2.150257e+000	-0.000000e+000
4.326262843684261e-003	2.195430e+000	-0.000000e+000
4.333098781184260e-003	2.240603e+000	-0.000000e+000
4.339934718684260e-003	2.285775e+000	-0.000000e+000
4.346770656184260e-003	2.330947e+000	-0.000000e+000
4.353606593684259e-003	2.376119e+000	-0.000000e+000
4.360442531184259e-003	2.421290e+000	-0.000000e+000
4.367278468684259e-003	2.466461e+000	-0.000000e+000
4.374114406184258e-003	2.511631e+000	-0.000000e+000
4.380950343684258e-003	2.556802e+000	-0.000000e+000
4.387786281184258e-003	2.601972e+000	-0.000000e+000
4.394622218684257e-003	2.647141e+000	-0.000000e+000
4.401458156184257e-003	2.692311e+000	-0.000000e+000
4.408294093684257e-003	2.737480e+000	-0.000000e+000
4.415130031184256e-003	2.782648e+000	-0.000000e+000
4.421965968684256e-003	2.827817e+000	-0.000000e+000
4.428801906184256e-003	2.872985e+000	-0.000000e+000
4.435637843684255e-003	2.918152e+000	-0.000000e+000
4.442473781184255e-003	2.963320e+000	-0.000000e+000
4.449309718684255e-003	3.008487e+000	-0.000000e+000
4.456145656184254e-003	3.053653e+000	-0.000000e+000
4.462981593684254e-003	3.098820e+000	-0.000000e+000
4.469817531184254e-003	3.143986e+000	-0.000000e+000
4.476653468684253e-003	3.189151e+000	-0.000000e+000
4.483489406184253e-003	3.234317e+000	-0.000000e+000
4.490325343684253e-003	3.279482e+000	-0.000000e+000
4.497161281184253e-003	3.324646e+000	-0.000000e+000
4.503997218684252e-003	3.369811e+000	-0.000000e+000
4.510833156184252e-003	3.414975e+000	-0.000000e+000
4.517669093684252e-003	3.460139e+000	-0.000000e+000
4.524505031184251e-003	3.505302e+000	-0.000000e+000
4.531340968684251e-003	3.550465e+000	-0.000000e+000
4.538176906184251e-003	3.595628e+000	-0.000000e+000
4.545012843684250e-003	3.640791e+000	-0.000000e+000
4.551848781184250e-003	3.685953e+000	-0.000000e+000
4.558684718684250e-003	3.731115e+000	-0.000000e+000
4.565520656184249e-003	3.776276e+000	-0.000000e+000
4.572356593684249e-003	3.821437e+000	-0.000000e+000
4.579192531184249e-003	3.866598e+000	-0.000000e+000
4.586028468684248e-003	3.911759e+000	-0.000000e+000
4.592864406184248e-003	3.956919e+000	-0.000000e+000
4.599700343684248e-003	4.002079e+000	-0.000000e+000
4.606536281184247e-003	4.047239e+000	-0.000000e+000
4.613372218684247e-003	4.092398e+000	-0.000000e+000
4.620208156184247e-003	4.137557e+000	-0.000000e+000
4.627044093684246e-003	4.182716e+000	-0.000000e+000
4.633880031184246e-003	4.227875e+000	-0.000000e+000
4.640715968684246e-003	4.273033e+000	-0.000000e+000
4.647551906184246e-003	4.318191e+000	-0.000000e+000
4.654387843684245e-003	4.363348e+000	-0.000000e+000
4.661223781184245e-003	4.408505e+000	-0.000000e+000
4.668059718684245e-003	4.453662e+000	-0.000000e+000
4.674895656184244e-003	4.498818e+000	-0.000000e+000
4.681731593684244e-003	4.543975e+000	-0.000000e+000
4.695403468684243e-003	4.634286e+000	-0.000000e+000
4.702239406184243e-003	4.679442e+000	-0.000000e+000
4.709075343684243e-003	4.724597e+000	-0.000000e+000
4.715911281184242e-003	4.769752e+000	-0.000000e+000
4.722747218684242e-003	4.814906e+000	-0.000000e+000
4.729583156184242e-003	4.860061e+000	-0.000000e+000
4.736419093684241e-003	4.905214e+000	-0.000000e+000
4.743255031184241e-003	4.950368e+000	-0.000000e+000
4.750090968684241e-003	4.995521e+000	-0.000000e+000
4.756926906184240e-003	5.040674e+000	-0.000000e+000
4.763762843684240e-003	5.085827e+000	-0.000000e+000
4.770598781184240e-003	5.130980e+000	-0.000000e+000
4.784270656184239e-003	5.221283e+000	-0.000000e+000
4.791106593684239e-003	5.266435e+000	-0.000000e+000
4.797942531184238e-003	5.311586e+000	-0.000000e+000
4.804778468684238e-003	5.356737e+000	-0.000000e+000
4.811614406184238e-003	5.401887e+000	-0.000000e+000
4.818450343684238e-003	5.447038e+000	-0.000000e+000
4.825286281184237e-003	5.492188e+000	-0.000000e+000
4.832122218684237e-003	5.537337e+000	-0.000000e+000
4.838958156184237e-003	5.582487e+000	-0.000000e+000
4.845794093684236e-003	5.627636e+000	-0.000000e+000
4.852630031184236e-003	5.672785e+000	-0.000000e+000
4.859465968684236e-003	5.717934e+000	-0.000000e+000
4.873137843684235e-003	5.808230e+000	-0.000000e+000
4.886809718684234e-003	5.898525e+000	-0.000000e+000
4.893645656184234e-003	5.943672e+000	-0.000000e+000
4.900481593684234e-003	5.988819e+000	-0.000000e+000
4.907317531184233e-003	6.033966e+000	-0.000000e+000
4.914153468684233e-003	6.079112e+000	-0.000000e+000
4.920989406184233e-003	6.124258e+000	-0.000000e+000
4.927825343684232e-003	6.169403e+000	-0.000000e+000
4.934661281184232e-003	6.214549e+000	-0.000000e+000
4.948333156184231e-003	6.304838e+000	-0.000000e+000
4.962005031184231e-003	6.395127e+000	-0.000000e+000
4.975676906184230e-003	6.485414e+000	-0.000000e+000
4.989348781184230e-003	6.575700e+000	-0.000000e+000
5.000000000000000e-003	6.646038e+000	-0.000000e+000
5.006835937500000e-003	6.691179e+000	-0.000000e+000
5.013671875000000e-003	6.736320e+000	-0.000000e+000
5.020507812499999e-003	6.781460e+000	-0.000000e+000
5.027343749999999e-003	6.826600e+000	-0.000000e+000
5.034179687499999e-003	6.871738e+000	-0.000000e+000
5.041015624999998e-003	6.916877e+000	-0.000000e+000
5.047851562499998e-003	6.962014e+000	-0.000000e+000
5.054687499999998e-003	7.007151e+000	-0.000000e+000
5.061523437499997e-003	7.052287e+000	-0.000000e+000
5.068359374999997e-003	7.097421e+000	-0.000000e+000
5.075195312499997e-003	7.142554e+000	-0.000000e+000
5.082031249999996e-003	7.187685e+000	-0.000000e+000
5.088867187499996e-003	7.232815e+000	-0.000000e+000
5.095703124999996e-003	7.277942e+000	-0.000000e+000
5.102539062499995e-003	7.323067e+000	-0.000000e+000
5.109374999999995e-003	7.368189e+000	-0.000000e+000
5.116210937499995e-003	7.413308e+000	-0.000000e+000
5.123046874999994e-003	7.458422e+000	-0.000000e+000
5.129882812499994e-003	7.503532e+000	-0.000000e+000
5.136718749999994e-003	7.548636e+000	-0.000000e+000
5.143554687499993e-003	7.593734e+000	-0.000000e+000
5.150390624999993e-003	7.638824e+000	-0.000000e+000
5.157226562499993e-003	7.683905e+000	-0.000000e+000
5.164062499999992e-003	7.728974e+000	-0.000000e+000
5.170898437499992e-003	7.774032e+000	-0.000000e+000
5.177734374999992e-003	7.819073e+000	-0.000000e+000
5.184570312499992e-003	7.864097e+000	-0.000000e+000
5.191406249999991e-003	7.909099e+000	-0.000000e+000
5.198242187499991e-003	7.954075e+000	-0.000000e+000
5.205078124999991e-003	7.999022e+000	-0.000000e+000
5.211914062499990e-003	8.043932e+000	-0.000000e+000
5.218749999999990e-003	8.088800e+000	-0.000000e+000
5.225585937499990e-003	8.133619e+000	-0.000000e+000
5.232421874999989e-003	8.178377e+000	-0.000000e+000
5.239257812499989e-003	8.223064e+000	-0.000000e+000
5.246093749999989e-003	8.267669e+000	-0.000000e+000
5.252929687499988e-003	8.312174e+000	-0.000000e+000
5.259765624999988e-003	8.356563e+000	-0.000000e+000
5.266601562499988e-003	8.400814e+000	-0.000000e+000
5.273437499999987e-003	8.444902e+000	-0.000000e+000
5.280273437499987e-003	8.488801e+000	-0.000000e+000
5.287109374999987e-003	8.532475e+000	-0.000000e+000
5.293945312499986e-003	8.575888e+000	-0.000000e+000
5.300781249999986e-003	8.618995e+000	-0.000000e+000
5.307617187499986e-003	8.661747e+000	-0.000000e+000
5.314453124999985e-003	8.704088e+000	-0.000000e+000
5.321289062499985e-003	8.745956e+000	-0.000000e+000
5.328124999999985e-003	8.787284e+000	-0.000000e+000
5.334960937499985e-003	8.827998e+000	-0.000000e+000
5.341796874999984e-003	8.868022e+000	-0.000000e+000
5.348632812499984e-003	8.907275e+000	-0.000000e+000
5.355468749999984e-003	8.945683e+000	-0.000000e+000
5.362304687499983e-003	8.983168e+000	-0.000000e+000
5.369140624999983e-003	9.019667e+000	-0.000000e+000
5.375976562499983e-003	9.055123e+000	-0.000000e+000
5.382812499999982e-003	9.089496e+000	-0.000000e+000
5.389648437499982e-003	9.122757e+000	-0.000000e+000
5.396484374999982e-003	9.154895e+000	-0.000000e+000
5.403320312499981e-003	9.185911e+000	-0.000000e+000
5.410156249999981e-003	9.215820e+000	-0.000000e+000
5.416992187499981e-003	9.244644e+000	-0.000000e+000
5.423828124999980e-003	9.272411e+000	-0.000000e+000
5.430664062499980e-003	9.299154e+000	-0.000000e+000
5.437499999999980e-003	9.324909e+000	-0.000000e+000
5.444335937499979e-003	9.349710e+000	-0.000000e+000
5.451171874999979e-003	9.373592e+000	-0.000000e+000
5.458007812499979e-003	9.396590e+000	-0.000000e+000
5.464843749999978e-003	9.418736e+000	-0.000000e+000
5.471679687499978e-003	9.440063e+000	-0.000000e+000
5.478515624999978e-003	9.460602e+000	-0.000000e+000
5.485351562499977e-003	9.480380e+000	-0.000000e+000
5.492187499999977e-003	9.499428e+000	-0.000000e+000
5.499023437499977e-003	9.517771e+000	-0.000000e+000
5.505859374999977e-003	9.535436e+000	-0.000000e+000
5.512695312499976e-003	9.552447e+000	-0.000000e+000
5.519531249999976e-003	9.568830e+000	-0.000000e+000
5.533203124999975e-003	9.599804e+000	-0.000000e+000
5.553710937499974e-003	9.642101e+000	-0.000000e+000
5.574218749999973e-003	9.679882e+000	-0.000000e+000
5.594726562499972e-003	9.713627e+000	-0.000000e+000
5.615234374999971e-003	9.743768e+000	-0.000000e+000
5.635742187499970e-003	9.770690e+000	-0.000000e+000
5.656249999999970e-003	9.794737e+000	-0.000000e+000
5.676757812499969e-003	9.816216e+000	-0.000000e+000
5.697265624999968e-003	9.835402e+000	-0.000000e+000
5.717773437499967e-003	9.852540e+000	-0.000000e+000
5.738281249999966e-003	9.867847e+000	-0.000000e+000
5.758789062499965e-003	9.881521e+000	-0.000000e+000
5.772460937499964e-003	9.889816e+000	-0.000000e+000
5.786132812499963e-003	9.897511e+000	-0.000000e+000
5.799804687499963e-003	9.904646e+000	-0.000000e+000
5.813476562499962e-003	9.911265e+000	-0.000000e+000
5.827148437499962e-003	9.917404e+000	-0.000000e+000
5.840820312499961e-003	9.923099e+000	-0.000000e+000
5.854492187499960e-003	9.928381e+000	-0.000000e+000
5.861328124999960e-003	9.930877e+000	-0.000000e+000
5.868164062499960e-003	9.933280e+000	-0.000000e+000
5.874999999999959e-003	9.935596e+000	-0.000000e+000
5.881835937499959e-003	9.937825e+000	-0.000000e+000
5.888671874999959e-003	9.939973e+000	-0.000000e+000
5.895507812499958e-003	9.942041e+000	-0.000000e+000
5.902343749999958e-003	9.944033e+000	-0.000000e+000
5.909179687499958e-003	9.945951e+000	-0.000000e+000
5.922851562499957e-003	9.949579e+000	-0.000000e+000
5.929687499999957e-003	9.951294e+000	-0.000000e+000
5.936523437499956e-003	9.952945e+000	-0.000000e+000
5.943359374999956e-003	9.954535e+000	-0.000000e+000
5.950195312499956e-003	9.956067e+000	-0.000000e+000
5.957031249999955e-003	9.957542e+000	-0.000000e+000
5.963867187499955e-003	9.958964e+000	-0.000000e+000
5.970703124999955e-003	9.960333e+000	-0.000000e+000
5.977539062499955e-003	9.961653e+000	-0.000000e+000
5.984374999999954e-003	9.962923e+000	-0.000000e+000
5.991210937499954e-003	9.964146e+000	-0.000000e+000
5.998046874999954e-003	9.965324e+000	-0.000000e+000
6.004882812499953e-003	9.966460e+000	-0.000000e+000
6.011718749999953e-003	9.967554e+000	-0.000000e+000
6.018554687499953e-003	9.968608e+000	-0.000000e+000
6.025390624999952e-003	9.969624e+000	-0.000000e+000
6.032226562499952e-003	9.970601e+000	-0.000000e+000
6.039062499999952e-003	9.971543e+000	-0.000000e+000
6.045898437499951e-003	9.972450e+000	-0.000000e+000
6.052734374999951e-003	9.973325e+000	-0.000000e+000
6.059570312499951e-003	9.974167e+000	-0.000000e+000
6.066406249999950e-003	9.974978e+000	-0.000000e+000
6.073242187499950e-003	9.975760e+000	-0.000000e+000
6.080078124999950e-003	9.976511e+000	-0.000000e+000
6.086914062499949e-003	9.977236e+000	-0.000000e+000
6.093749999999949e-003	9.977934e+000	-0.000000e+000
6.100585937499949e-003	9.978606e+000	-0.000000e+000
6.107421874999948e-003	9.979254e+000	-0.000000e+000
6.114257812499948e-003	9.979877e+000	-0.000000e+000
6.121093749999948e-003	9.980478e+000	-0.000000e+000
6.127929687499947e-003	9.981056e+000	-0.000000e+000
6.134765624999947e-003	9.981613e+000	-0.000000e+000
6.141601562499947e-003	9.982150e+000	-0.000000e+000
6.148437499999947e-003	9.982667e+000	-0.000000e+000
6.155273437499946e-003	9.983164e+000	-0.000000e+000
6.162109374999946e-003	9.983644e+000	-0.000000e+000
6.168945312499946e-003	9.984105e+000	-0.000000e+000
6.175781249999945e-003	9.984549e+000	-0.000000e+000
6.182617187499945e-003	9.984977e+000	-0.000000e+000
6.189453124999945e-003	9.985389e+000	-0.000000e+000
6.196289062499944e-003	9.985785e+000	-0.000000e+000
6.203124999999944e-003	9.986168e+000	-0.000000e+000
6.209960937499944e-003	9.986536e+000	-0.000000e+000
6.216796874999943e-003	9.986890e+000	-0.000000e+000
6.223632812499943e-003	9.987230e+000	-0.000000e+000
6.230468749999943e-003	9.987558e+000	-0.000000e+000
6.237304687499942e-003	9.987875e+000	-0.000000e+000
6.244140624999942e-003	9.988180e+000	-0.000000e+000
6.250976562499942e-003	9.988474e+000	-0.000000e+000
6.257812499999941e-003	9.988756e+000	-0.000000e+000
6.264648437499941e-003	9.989028e+000	-0.000000e+000
6.271484374999941e-003	9.989289e+000	-0.000000e+000
6.278320312499940e-003	9.989541e+000	-0.000000e+000
6.285156249999940e-003	9.989784e+000	-0.000000e+000
6.291992187499940e-003	9.990018e+000	-0.000000e+000
6.305664062499939e-003	9.990459e+000	-0.000000e+000
6.319335937499939e-003	9.990869e+000	-0.000000e+000
6.333007812499938e-003	9.991248e+000	-0.000000e+000
6.346679687499937e-003	9.991600e+000	-0.000000e+000
6.367187499999936e-003	9.992081e+000	-0.000000e+000
6.387695312499935e-003	9.992509e+000	-0.000000e+000
6.408203124999934e-003	9.992891e+000	-0.000000e+000
6.428710937499933e-003	9.993233e+000	-0.000000e+000
6.449218749999932e-003	9.993537e+000	-0.000000e+000
6.469726562499932e-003	9.993809e+000	-0.000000e+000
6.490234374999931e-003	9.994051e+000	-0.000000e+000
6.510742187499930e-003	9.994267e+000	-0.000000e+000
6.531249999999929e-003	9.994461e+000	-0.000000e+000
6.551757812499928e-003	9.994633e+000	-0.000000e+000
6.572265624999927e-003	9.994786e+000	-0.000000e+000
6.592773437499926e-003	9.994924e+000	-0.000000e+000
6.613281249999925e-003	9.995046e+000	-0.000000e+000
6.633789062499924e-003	9.995155e+000	-0.000000e+000
6.654296874999923e-003	9.995253e+000	-0.000000e+000
6.674804687499922e-003	9.995338e+000	-0.000000e+000
6.695312499999921e-003	9.995417e+000	-0.000000e+000
6.715820312499920e-003	9.995485e+000	-0.000000e+000
6.736328124999919e-003	9.995546e+000	-0.000000e+000
6.756835937499918e-003	9.995602e+000	-0.000000e+000
6.777343749999917e-003	9.995651e+000	-0.000000e+000
6.797851562499916e-003	9.995694e+000	-0.000000e+000
6.818359374999915e-003	9.995733e+000	-0.000000e+000
6.838867187499914e-003	9.995769e+000	-0.000000e+000
6.859374999999913e-003	9.995800e+000	-0.000000e+000
6.879882812499912e-003	9.995827e+000	-0.000000e+000
6.900390624999911e-003	9.995852e+000	-0.000000e+000
6.920898437499910e-003	9.995874e+000	-0.000000e+000
6.941406249999910e-003	9.995893e+000	-0.000000e+000
6.961914062499909e-003	9.995911e+000	-0.000000e+000
6.982421874999908e-003	9.995926e+000	-0.000000e+000
6.989257812499907e-003	9.995932e+000	-0.000000e+000
6.996093749999907e-003	9.995937e+000	-0.000000e+000
7.000000000000000e-003	9.995945e+000	-0.000000e+000
