time	V(vout)	-I(Rl)
0.000000000000000e+000	1.027415e+000	1.037689e-010
1.000000013351432e-010	1.027415e+000	1.037689e-010
2.000000026702864e-010	1.027415e+000	1.037689e-010
4.000000053405728e-010	1.027415e+000	1.037689e-010
8.000000106811456e-010	1.027415e+000	1.037689e-010
1.600000021362291e-009	1.027415e+000	1.037689e-010
3.200000042724582e-009	1.027415e+000	1.037689e-010
6.400000085449165e-009	1.027415e+000	1.037689e-010
1.280000017089833e-008	1.027415e+000	1.037689e-010
2.560000034179666e-008	1.027415e+000	1.037689e-010
5.120000068359332e-008	1.027415e+000	1.037689e-010
1.024000013671866e-007	1.027415e+000	1.037689e-010
2.048000027343733e-007	1.027415e+000	1.037689e-010
4.096000054687465e-007	1.027415e+000	1.037689e-010
8.192000109374931e-007	1.027415e+000	1.037689e-010
1.638400021874986e-006	1.027415e+000	1.037689e-010
2.638400021874986e-006	1.027415e+000	1.037689e-010
3.638400021874986e-006	1.027415e+000	1.037689e-010
5.638400021874986e-006	1.027415e+000	1.037689e-010
7.638400021874986e-006	1.027415e+000	1.037689e-010
8.638400021874987e-006	1.027415e+000	1.037689e-010
9.638400021874986e-006	1.027415e+000	1.037689e-010
1.063840002187499e-005	1.027415e+000	1.037689e-010
1.163840002187499e-005	1.027415e+000	1.037689e-010
1.263840002187499e-005	1.027415e+000	1.037689e-010
1.363840002187499e-005	1.027415e+000	1.037689e-010
1.463840002187499e-005	1.027415e+000	1.037689e-010
1.663840002187499e-005	1.027415e+000	1.037689e-010
1.963840002187499e-005	1.027415e+000	1.037689e-010
2.063840002187499e-005	1.027415e+000	1.037689e-010
2.163840002187499e-005	1.027415e+000	1.037689e-010
2.263840002187499e-005	1.027415e+000	1.037689e-010
2.363840002187499e-005	1.027415e+000	1.037689e-010
2.463840002187499e-005	1.027415e+000	1.037689e-010
2.563840002187499e-005	1.027415e+000	1.037689e-010
2.663840002187499e-005	1.027415e+000	1.037689e-010
2.863840002187499e-005	1.027415e+000	1.037689e-010
2.935268573616070e-005	1.027415e+000	1.037689e-010
3.006697145044642e-005	1.027415e+000	1.037689e-010
3.078125716473213e-005	1.027415e+000	1.037689e-010
3.149554287901785e-005	1.027415e+000	1.037689e-010
3.220982859330356e-005	1.027415e+000	1.037689e-010
3.292411430758927e-005	1.027415e+000	1.037689e-010
3.363840002187499e-005	1.027415e+000	1.037689e-010
3.463840002187499e-005	1.027415e+000	1.037689e-010
3.563840002187499e-005	1.027415e+000	1.037689e-010
3.663840002187498e-005	1.027415e+000	1.037689e-010
3.763840002187499e-005	1.027415e+000	1.037689e-010
3.963840002187499e-005	1.027415e+000	1.037689e-010
4.049554287901785e-005	1.027415e+000	1.037689e-010
4.135268573616071e-005	1.027415e+000	1.037689e-010
4.220982859330356e-005	1.027415e+000	1.037689e-010
4.306697145044642e-005	1.027415e+000	1.037689e-010
4.392411430758928e-005	1.027415e+000	1.037689e-010
4.478125716473213e-005	1.027415e+000	1.037689e-010
4.563840002187499e-005	1.027415e+000	1.037689e-010
4.763840002187499e-005	1.027415e+000	1.037689e-010
4.863840002187498e-005	1.027415e+000	1.037689e-010
5.063840002187499e-005	1.027415e+000	1.037689e-010
5.263840002187499e-005	1.027415e+000	1.037689e-010
5.349554287901784e-005	1.027415e+000	1.037689e-010
5.435268573616070e-005	1.027415e+000	1.037689e-010
5.520982859330356e-005	1.027415e+000	1.037689e-010
5.606697145044642e-005	1.027415e+000	1.037689e-010
5.692411430758927e-005	1.027415e+000	1.037689e-010
5.778125716473213e-005	1.027415e+000	1.037689e-010
5.863840002187499e-005	1.027415e+000	1.037689e-010
6.063840002187498e-005	1.027415e+000	1.037689e-010
6.263840002187499e-005	1.027415e+000	1.037689e-010
6.463840002187499e-005	1.027415e+000	1.037689e-010
6.563840002187498e-005	1.027415e+000	1.037689e-010
6.663840002187498e-005	1.027415e+000	1.037689e-010
6.763840002187499e-005	1.027415e+000	1.037689e-010
6.863840002187499e-005	1.027415e+000	1.037689e-010
6.963840002187499e-005	1.027415e+000	1.037689e-010
7.063840002187498e-005	1.027415e+000	1.037689e-010
7.163840002187498e-005	1.027415e+000	1.037689e-010
7.363840002187499e-005	1.027415e+000	1.037689e-010
7.563840002187498e-005	1.027415e+000	1.037689e-010
7.663840002187498e-005	1.027415e+000	1.037689e-010
7.763840002187499e-005	1.027415e+000	1.037689e-010
7.863840002187499e-005	1.027415e+000	1.037689e-010
7.963840002187499e-005	1.027415e+000	1.037689e-010
8.063840002187500e-005	1.027415e+000	1.037689e-010
8.163840002187499e-005	1.027415e+000	1.037689e-010
8.263840002187499e-005	1.027415e+000	1.037689e-010
8.463840002187498e-005	1.027415e+000	1.037689e-010
8.663840002187499e-005	1.027415e+000	1.037689e-010
8.963840002187498e-005	1.027415e+000	1.037689e-010
9.078125716473213e-005	1.027415e+000	1.037689e-010
9.192411430758927e-005	1.027415e+000	1.037689e-010
9.306697145044642e-005	1.027415e+000	1.037689e-010
9.420982859330355e-005	1.027415e+000	1.037689e-010
9.535268573616070e-005	1.027415e+000	1.037689e-010
9.649554287901785e-005	1.027415e+000	1.037689e-010
9.763840002187499e-005	1.027415e+000	1.037689e-010
1.006384000218750e-004	1.027415e+000	1.037689e-010
1.017812571647321e-004	1.027415e+000	1.037689e-010
1.029241143075893e-004	1.027415e+000	1.037689e-010
1.040669714504464e-004	1.027415e+000	1.037689e-010
1.052098285933036e-004	1.027415e+000	1.037689e-010
1.063526857361607e-004	1.027415e+000	1.037689e-010
1.074955428790179e-004	1.027415e+000	1.037689e-010
1.086384000218750e-004	1.027415e+000	1.037689e-010
1.116384000218750e-004	1.027415e+000	1.037689e-010
1.127812571647321e-004	1.027415e+000	1.037689e-010
1.139241143075893e-004	1.027415e+000	1.037689e-010
1.150669714504464e-004	1.027415e+000	1.037689e-010
1.162098285933036e-004	1.027415e+000	1.037689e-010
1.173526857361607e-004	1.027415e+000	1.037689e-010
1.184955428790179e-004	1.027415e+000	1.037689e-010
1.196384000218750e-004	1.027415e+000	1.037689e-010
1.226384000218750e-004	1.027415e+000	1.037689e-010
1.239241143075893e-004	1.027415e+000	1.037689e-010
1.252098285933036e-004	1.027415e+000	1.037689e-010
1.264955428790178e-004	1.027415e+000	1.037689e-010
1.277812571647321e-004	1.027415e+000	1.037689e-010
1.290669714504464e-004	1.027415e+000	1.037689e-010
1.303526857361607e-004	1.027415e+000	1.037689e-010
1.316384000218750e-004	1.027415e+000	1.037689e-010
1.346384000218750e-004	1.027415e+000	1.037689e-010
1.359241143075893e-004	1.027415e+000	1.037689e-010
1.372098285933036e-004	1.027415e+000	1.037689e-010
1.384955428790178e-004	1.027415e+000	1.037689e-010
1.397812571647322e-004	1.027415e+000	1.037689e-010
1.410669714504464e-004	1.027415e+000	1.037689e-010
1.423526857361607e-004	1.027415e+000	1.037689e-010
1.436384000218750e-004	1.027415e+000	1.037689e-010
1.450669714504464e-004	1.027415e+000	1.037689e-010
1.464955428790179e-004	1.027415e+000	1.037689e-010
1.479241143075893e-004	1.027415e+000	1.037689e-010
1.493526857361607e-004	1.027415e+000	1.037689e-010
1.507812571647321e-004	1.027415e+000	1.037689e-010
1.522098285933036e-004	1.027415e+000	1.037689e-010
1.536384000218750e-004	1.027415e+000	1.037689e-010
1.553526857361607e-004	1.027415e+000	1.037689e-010
1.570669714504464e-004	1.027415e+000	1.037689e-010
1.587812571647322e-004	1.027415e+000	1.037689e-010
1.604955428790179e-004	1.027415e+000	1.037689e-010
1.622098285933036e-004	1.027415e+000	1.037689e-010
1.639241143075893e-004	1.027415e+000	1.037689e-010
1.656384000218750e-004	1.027415e+000	1.037689e-010
1.674955428790178e-004	1.027415e+000	1.037689e-010
1.693526857361607e-004	1.027415e+000	1.037689e-010
1.712098285933036e-004	1.027415e+000	1.037689e-010
1.730669714504464e-004	1.027415e+000	1.037689e-010
1.749241143075893e-004	1.027415e+000	1.037689e-010
1.767812571647321e-004	1.027415e+000	1.037689e-010
1.786384000218750e-004	1.027415e+000	1.037689e-010
1.804955428790178e-004	1.027415e+000	1.037689e-010
1.823526857361607e-004	1.027415e+000	1.037689e-010
1.842098285933036e-004	1.027415e+000	1.037689e-010
1.860669714504464e-004	1.027415e+000	1.037689e-010
1.879241143075893e-004	1.027415e+000	1.037689e-010
1.897812571647321e-004	1.027415e+000	1.037689e-010
1.916384000218750e-004	1.027415e+000	1.037689e-010
1.936384000218750e-004	1.027415e+000	1.037689e-010
1.956384000218750e-004	1.027415e+000	1.037689e-010
1.976384000218750e-004	1.027415e+000	1.037689e-010
1.996384000218750e-004	1.027415e+000	1.037689e-010
2.016384000218750e-004	1.027415e+000	1.037689e-010
2.036384000218750e-004	1.027415e+000	1.037689e-010
2.056384000218750e-004	1.027415e+000	1.037689e-010
2.077812571647321e-004	1.027415e+000	1.037689e-010
2.099241143075893e-004	1.027415e+000	1.037689e-010
2.120669714504464e-004	1.027415e+000	1.037689e-010
2.142098285933036e-004	1.027415e+000	1.037689e-010
2.163526857361607e-004	1.027415e+000	1.037689e-010
2.184955428790179e-004	1.027415e+000	1.037689e-010
2.206384000218750e-004	1.027415e+000	1.037689e-010
2.237812571647321e-004	1.027415e+000	1.037689e-010
2.269241143075893e-004	1.027415e+000	1.037689e-010
2.300669714504464e-004	1.027415e+000	1.037689e-010
2.332098285933036e-004	1.027415e+000	1.037689e-010
2.363526857361607e-004	1.027415e+000	1.037689e-010
2.394955428790179e-004	1.027415e+000	1.037689e-010
2.426384000218750e-004	1.027415e+000	1.037689e-010
2.463526857361607e-004	1.027415e+000	1.037689e-010
2.500669714504464e-004	1.027415e+000	1.037689e-010
2.537812571647321e-004	1.027415e+000	1.037689e-010
2.574955428790178e-004	1.027415e+000	1.037689e-010
2.612098285933036e-004	1.027415e+000	1.037689e-010
2.649241143075893e-004	1.027415e+000	1.037689e-010
2.686384000218750e-004	1.027415e+000	1.037689e-010
2.724955428790178e-004	1.027415e+000	1.037689e-010
2.763526857361607e-004	1.027415e+000	1.037689e-010
2.802098285933036e-004	1.027415e+000	1.037689e-010
2.840669714504464e-004	1.027415e+000	1.037689e-010
2.879241143075893e-004	1.027415e+000	1.037689e-010
2.917812571647321e-004	1.027415e+000	1.037689e-010
2.956384000218750e-004	1.027415e+000	1.037689e-010
3.974955428790179e-004	1.027415e+000	1.037689e-010
4.993526857361608e-004	1.027415e+000	1.037689e-010
6.012098285933037e-004	1.027415e+000	1.037689e-010
7.030669714504466e-004	1.027415e+000	1.037689e-010
8.049241143075895e-004	1.027415e+000	1.037689e-010
9.067812571647324e-004	1.027415e+000	1.037689e-010
1.008638400021875e-003	1.027415e+000	1.037689e-010
1.009638400021875e-003	1.027415e+000	1.037689e-010
1.998638400021875e-003	1.027415e+000	1.037689e-010
2.000000000000000e-003	1.027415e+000	1.037689e-010
2.000000746246024e-003	7.041947e-001	3.617229e-001
2.000002238738072e-003	5.180149e-001	5.180149e-001
2.000002516478400e-003	5.210021e-001	5.210021e-001
2.000002782598437e-003	5.223597e-001	5.223597e-001
2.000002855437198e-003	5.222425e-001	5.222425e-001
2.000002897468448e-003	5.228283e-001	5.228283e-001
2.000002948364395e-003	5.230426e-001	5.230426e-001
2.000002997620503e-003	5.231338e-001	5.231338e-001
2.000003096132721e-003	5.231932e-001	5.231932e-001
2.000003204913863e-003	5.232248e-001	5.232248e-001
2.000003422476146e-003	5.232808e-001	5.232808e-001
2.000003705065452e-003	5.234004e-001	5.234004e-001
2.000004270244065e-003	5.237630e-001	5.237630e-001
2.000005168821836e-003	5.245242e-001	5.245242e-001
2.000006045167164e-003	5.254004e-001	5.254004e-001
2.000007146759147e-003	5.265849e-001	5.265849e-001
2.000008265714616e-003	5.277858e-001	5.277858e-001
2.000009836462827e-003	5.293975e-001	5.293975e-001
2.000011457844416e-003	5.309417e-001	5.309417e-001
2.000013553930846e-003	5.327866e-001	5.327866e-001
2.000015903741482e-003	5.347931e-001	5.347931e-001
2.000019093652250e-003	5.377945e-001	5.377945e-001
2.000023088924735e-003	5.427369e-001	5.427369e-001
2.000028729625702e-003	5.524439e-001	5.524439e-001
2.000035941188246e-003	5.681770e-001	5.681770e-001
2.000042264303573e-003	5.836753e-001	5.836753e-001
2.000049147536446e-003	6.010118e-001	6.010118e-001
2.000055589567208e-003	6.167890e-001	6.167890e-001
2.000063573284535e-003	6.352668e-001	6.352668e-001
2.000071676114000e-003	6.525599e-001	6.525599e-001
2.000081795617189e-003	6.720329e-001	6.720329e-001
2.000092703174144e-003	6.906893e-001	6.906893e-001
2.000103043379032e-003	7.061788e-001	7.061788e-001
2.000114532135719e-003	7.210516e-001	7.210516e-001
2.000128505938943e-003	7.365921e-001	7.365921e-001
2.000141214065426e-003	7.487267e-001	7.487267e-001
2.000151736843173e-003	7.574017e-001	7.574017e-001
2.000162311165146e-003	7.650741e-001	7.650741e-001
2.000172886481810e-003	7.719651e-001	7.719651e-001
2.000186201912284e-003	7.801443e-001	7.801443e-001
2.000203351972795e-003	7.918085e-001	7.918085e-001
2.000219950886708e-003	8.078446e-001	8.078446e-001
2.000233638603399e-003	8.299462e-001	8.299462e-001
2.000247078632165e-003	8.653837e-001	8.653837e-001
2.000261481589056e-003	9.204912e-001	9.204912e-001
2.000276046900881e-003	9.909775e-001	9.909775e-001
2.000284674573427e-003	1.038464e+000	1.038464e+000
2.000290050846951e-003	1.069931e+000	1.069931e+000
2.000294446255495e-003	1.096283e+000	1.096283e+000
2.000298433764761e-003	1.120476e+000	1.120476e+000
2.000302220394246e-003	1.143611e+000	1.143611e+000
2.000306548805475e-003	1.170144e+000	1.170144e+000
2.000310488200476e-003	1.194260e+000	1.194260e+000
2.000315311979629e-003	1.223575e+000	1.223575e+000
2.000320392865708e-003	1.253962e+000	1.253962e+000
2.000326712998201e-003	1.290644e+000	1.290644e+000
2.000335659448687e-003	1.340578e+000	1.340578e+000
2.000341496448328e-003	1.371714e+000	1.371714e+000
2.000346442280589e-003	1.396861e+000	1.396861e+000
2.000351445880763e-003	1.421155e+000	1.421155e+000
2.000356674555255e-003	1.445139e+000	1.445139e+000
2.000364126013512e-003	1.476864e+000	1.476864e+000
2.000372388909823e-003	1.509094e+000	1.509094e+000
2.000378196445265e-003	1.529520e+000	1.529520e+000
2.000384396285918e-003	1.548907e+000	1.548907e+000
2.000391728987249e-003	1.568705e+000	1.568705e+000
2.000402323074643e-003	1.591822e+000	1.591822e+000
2.000414778011408e-003	1.610854e+000	1.610854e+000
2.000432335096631e-003	1.624566e+000	1.624566e+000
2.000451659469770e-003	1.626179e+000	1.626179e+000
2.000472318346810e-003	1.618016e+000	1.618016e+000
2.000487429145736e-003	1.609390e+000	1.609390e+000
2.000501586226099e-003	1.601288e+000	1.601288e+000
2.000515408136880e-003	1.593851e+000	1.593851e+000
2.000530575170053e-003	1.585971e+000	1.585971e+000
2.000545780695532e-003	1.578219e+000	1.578219e+000
2.000563856737497e-003	1.569135e+000	1.569135e+000
2.000580143270010e-003	1.561062e+000	1.561062e+000
2.000599478826596e-003	1.551615e+000	1.551615e+000
2.000618890196962e-003	1.542267e+000	1.542267e+000
2.000637920631239e-003	1.533242e+000	1.533242e+000
2.000659068121146e-003	1.523368e+000	1.523368e+000
2.000679400473813e-003	1.514039e+000	1.514039e+000
2.000702318627519e-003	1.504157e+000	1.504157e+000
2.000727124726383e-003	1.495145e+000	1.495145e+000
2.000748284266348e-003	1.488695e+000	1.488695e+000
2.000763423012811e-003	1.483660e+000	1.483660e+000
2.000781384700632e-003	1.476529e+000	1.476529e+000
2.000798464572807e-003	1.469213e+000	1.469213e+000
2.000814558292625e-003	1.462189e+000	1.462189e+000
2.000836289599304e-003	1.452798e+000	1.452798e+000
2.000861135325341e-003	1.442289e+000	1.442289e+000
2.000893851377581e-003	1.428786e+000	1.428786e+000
2.000930162510199e-003	1.414148e+000	1.414148e+000
2.000968979932405e-003	1.398889e+000	1.398889e+000
2.001020050581641e-003	1.379363e+000	1.379363e+000
2.001075181746078e-003	1.358919e+000	1.358919e+000
2.001133198856569e-003	1.338140e+000	1.338140e+000
2.001204445000309e-003	1.313649e+000	1.313649e+000
2.001306050806176e-003	1.280349e+000	1.280349e+000
2.001418156036477e-003	1.245854e+000	1.245854e+000
2.001609321273313e-003	1.191178e+000	1.191178e+000
2.001772194391329e-003	1.148141e+000	1.148141e+000
2.001945173952097e-003	1.105949e+000	1.105949e+000
2.002070750903082e-003	1.077374e+000	1.077374e+000
2.002199266970341e-003	1.049915e+000	1.049915e+000
2.002334307957796e-003	1.022467e+000	1.022467e+000
2.002431968284949e-003	1.003438e+000	1.003438e+000
2.002536870423243e-003	9.837099e-001	9.837099e-001
2.002629759710883e-003	9.667733e-001	9.667733e-001
2.002723286558621e-003	9.502900e-001	9.502900e-001
2.002830427621469e-003	9.320240e-001	9.320240e-001
2.002892891233618e-003	9.217150e-001	9.217150e-001
2.002960167136450e-003	9.109440e-001	9.109440e-001
2.003034170713120e-003	8.994078e-001	8.994078e-001
2.003114403576424e-003	8.872474e-001	8.872474e-001
2.003193698650633e-003	8.756132e-001	8.756132e-001
2.003291927790746e-003	8.617911e-001	8.617911e-001
2.003389177632971e-003	8.490289e-001	8.490289e-001
2.003484838978518e-003	8.379679e-001	8.379679e-001
2.003551820354449e-003	8.319815e-001	8.319815e-001
2.003614894394639e-003	8.289761e-001	8.289761e-001
2.003689855035551e-003	8.294811e-001	8.294811e-001
2.003762196728243e-003	8.341878e-001	8.341878e-001
2.003819328781603e-003	8.408896e-001	8.408896e-001
2.003880857724526e-003	8.502840e-001	8.502840e-001
2.003938522764022e-003	8.600751e-001	8.600751e-001
2.004009329357444e-003	8.723911e-001	8.723911e-001
2.004079956025212e-003	8.843182e-001	8.843182e-001
2.004156073626629e-003	8.964878e-001	8.964878e-001
2.004238950471648e-003	9.089670e-001	9.089670e-001
2.004323765092394e-003	9.209065e-001	9.209065e-001
2.004450238400089e-003	9.370463e-001	9.370463e-001
2.004601238500037e-003	9.534850e-001	9.534850e-001
2.004739166287182e-003	9.654687e-001	9.654687e-001
2.004832993857420e-003	9.717647e-001	9.717647e-001
2.004931523689019e-003	9.770676e-001	9.770676e-001
2.005045078950256e-003	9.823439e-001	9.823439e-001
2.005154241169900e-003	9.868041e-001	9.868041e-001
2.005275813034084e-003	9.911001e-001	9.911001e-001
2.005403231796010e-003	9.949070e-001	9.949070e-001
2.005571867857306e-003	9.991660e-001	9.991660e-001
2.005761875266412e-003	1.003256e+000	1.003256e+000
2.005966177652370e-003	1.006912e+000	1.006912e+000
2.006200805437439e-003	1.010288e+000	1.010288e+000
2.006558097622640e-003	1.014354e+000	1.014354e+000
2.006916234618122e-003	1.017457e+000	1.017457e+000
2.007343035918430e-003	1.020085e+000	1.020085e+000
2.007987025356762e-003	1.022750e+000	1.022750e+000
2.008748235975384e-003	1.024684e+000	1.024684e+000
2.009598308863407e-003	1.025869e+000	1.025869e+000
2.010598308863407e-003	1.026573e+000	1.026573e+000
2.011598308863407e-003	1.026909e+000	1.026909e+000
2.012598308863407e-003	1.027059e+000	1.027059e+000
2.013598308863407e-003	1.027127e+000	1.027127e+000
2.014598308863407e-003	1.027158e+000	1.027158e+000
2.015598308863407e-003	1.027171e+000	1.027171e+000
2.016598308863407e-003	1.027178e+000	1.027178e+000
2.017598308863407e-003	1.027180e+000	1.027180e+000
2.018598308863407e-003	1.027182e+000	1.027182e+000
2.019598308863407e-003	1.027182e+000	1.027182e+000
2.020598308863407e-003	1.027183e+000	1.027183e+000
2.021598308863407e-003	1.027183e+000	1.027183e+000
2.022598308863407e-003	1.027183e+000	1.027183e+000
2.023598308863407e-003	1.027183e+000	1.027183e+000
2.024598308863407e-003	1.027184e+000	1.027184e+000
2.025598308863407e-003	1.027184e+000	1.027184e+000
2.026598308863407e-003	1.027184e+000	1.027184e+000
2.027598308863407e-003	1.027185e+000	1.027185e+000
2.028598308863407e-003	1.027185e+000	1.027185e+000
2.029598308863407e-003	1.027185e+000	1.027185e+000
2.030598308863407e-003	1.027185e+000	1.027185e+000
2.031598308863407e-003	1.027186e+000	1.027186e+000
2.032598308863407e-003	1.027186e+000	1.027186e+000
2.033598308863407e-003	1.027187e+000	1.027187e+000
2.034598308863407e-003	1.027187e+000	1.027187e+000
2.035598308863407e-003	1.027187e+000	1.027187e+000
2.036598308863407e-003	1.027187e+000	1.027187e+000
2.037598308863407e-003	1.027188e+000	1.027188e+000
2.038598308863407e-003	1.027188e+000	1.027188e+000
2.039598308863407e-003	1.027188e+000	1.027188e+000
2.040598308863407e-003	1.027189e+000	1.027189e+000
2.041598308863407e-003	1.027189e+000	1.027189e+000
2.042598308863407e-003	1.027190e+000	1.027190e+000
2.043598308863407e-003	1.027190e+000	1.027190e+000
2.044598308863407e-003	1.027190e+000	1.027190e+000
2.045598308863407e-003	1.027190e+000	1.027190e+000
2.046598308863407e-003	1.027191e+000	1.027191e+000
2.047598308863407e-003	1.027191e+000	1.027191e+000
2.048598308863407e-003	1.027191e+000	1.027191e+000
2.049598308863407e-003	1.027192e+000	1.027192e+000
2.050598308863407e-003	1.027192e+000	1.027192e+000
2.051598308863407e-003	1.027192e+000	1.027192e+000
2.052598308863407e-003	1.027193e+000	1.027193e+000
2.053598308863407e-003	1.027193e+000	1.027193e+000
2.054598308863407e-003	1.027193e+000	1.027193e+000
2.055598308863407e-003	1.027194e+000	1.027194e+000
2.056598308863407e-003	1.027194e+000	1.027194e+000
2.057598308863407e-003	1.027194e+000	1.027194e+000
2.058598308863407e-003	1.027194e+000	1.027194e+000
2.059598308863407e-003	1.027195e+000	1.027195e+000
2.060598308863407e-003	1.027195e+000	1.027195e+000
2.061598308863407e-003	1.027195e+000	1.027195e+000
2.062598308863407e-003	1.027195e+000	1.027195e+000
2.063598308863407e-003	1.027196e+000	1.027196e+000
2.064598308863407e-003	1.027196e+000	1.027196e+000
2.065598308863407e-003	1.027196e+000	1.027196e+000
2.066598308863407e-003	1.027197e+000	1.027197e+000
2.067598308863407e-003	1.027197e+000	1.027197e+000
2.068598308863407e-003	1.027197e+000	1.027197e+000
2.069598308863407e-003	1.027197e+000	1.027197e+000
2.070598308863407e-003	1.027198e+000	1.027198e+000
2.071598308863407e-003	1.027198e+000	1.027198e+000
2.072598308863407e-003	1.027198e+000	1.027198e+000
2.073598308863407e-003	1.027198e+000	1.027198e+000
2.074598308863407e-003	1.027199e+000	1.027199e+000
2.075598308863407e-003	1.027199e+000	1.027199e+000
2.076598308863407e-003	1.027199e+000	1.027199e+000
2.077598308863407e-003	1.027199e+000	1.027199e+000
2.078598308863407e-003	1.027200e+000	1.027200e+000
2.079598308863407e-003	1.027200e+000	1.027200e+000
2.080598308863407e-003	1.027200e+000	1.027200e+000
2.081598308863407e-003	1.027200e+000	1.027200e+000
2.082598308863407e-003	1.027200e+000	1.027200e+000
2.083598308863407e-003	1.027201e+000	1.027201e+000
2.084598308863407e-003	1.027201e+000	1.027201e+000
2.085598308863407e-003	1.027201e+000	1.027201e+000
2.086598308863407e-003	1.027201e+000	1.027201e+000
2.087598308863407e-003	1.027201e+000	1.027201e+000
2.088598308863407e-003	1.027202e+000	1.027202e+000
2.089598308863407e-003	1.027202e+000	1.027202e+000
2.090598308863407e-003	1.027202e+000	1.027202e+000
2.091598308863407e-003	1.027202e+000	1.027202e+000
2.092598308863407e-003	1.027202e+000	1.027202e+000
2.093598308863407e-003	1.027203e+000	1.027203e+000
2.094598308863407e-003	1.027203e+000	1.027203e+000
2.095598308863407e-003	1.027203e+000	1.027203e+000
2.096598308863407e-003	1.027203e+000	1.027203e+000
2.097598308863407e-003	1.027203e+000	1.027203e+000
2.098598308863407e-003	1.027203e+000	1.027203e+000
2.099598308863407e-003	1.027204e+000	1.027204e+000
2.100598308863407e-003	1.027204e+000	1.027204e+000
2.101598308863407e-003	1.027204e+000	1.027204e+000
2.102598308863407e-003	1.027204e+000	1.027204e+000
2.103598308863407e-003	1.027204e+000	1.027204e+000
2.104598308863407e-003	1.027205e+000	1.027205e+000
2.105598308863407e-003	1.027205e+000	1.027205e+000
2.106598308863407e-003	1.027205e+000	1.027205e+000
2.107598308863407e-003	1.027205e+000	1.027205e+000
2.108598308863407e-003	1.027205e+000	1.027205e+000
2.109598308863407e-003	1.027205e+000	1.027205e+000
2.110598308863407e-003	1.027205e+000	1.027205e+000
2.111598308863407e-003	1.027206e+000	1.027206e+000
2.112598308863407e-003	1.027206e+000	1.027206e+000
2.113598308863407e-003	1.027206e+000	1.027206e+000
2.114598308863407e-003	1.027206e+000	1.027206e+000
2.116598308863407e-003	1.027206e+000	1.027206e+000
2.117598308863407e-003	1.027207e+000	1.027207e+000
2.118598308863407e-003	1.027207e+000	1.027207e+000
2.119598308863407e-003	1.027207e+000	1.027207e+000
2.120598308863407e-003	1.027207e+000	1.027207e+000
2.121598308863407e-003	1.027207e+000	1.027207e+000
2.122598308863407e-003	1.027207e+000	1.027207e+000
2.123598308863407e-003	1.027207e+000	1.027207e+000
2.124598308863407e-003	1.027207e+000	1.027207e+000
2.125598308863407e-003	1.027208e+000	1.027208e+000
2.126598308863407e-003	1.027208e+000	1.027208e+000
2.127598308863407e-003	1.027208e+000	1.027208e+000
2.128598308863407e-003	1.027208e+000	1.027208e+000
2.129598308863407e-003	1.027208e+000	1.027208e+000
2.130598308863407e-003	1.027208e+000	1.027208e+000
2.131598308863407e-003	1.027208e+000	1.027208e+000
2.132598308863407e-003	1.027209e+000	1.027209e+000
2.133598308863407e-003	1.027209e+000	1.027209e+000
2.134598308863407e-003	1.027209e+000	1.027209e+000
2.135598308863407e-003	1.027209e+000	1.027209e+000
2.136598308863407e-003	1.027209e+000	1.027209e+000
2.137598308863407e-003	1.027209e+000	1.027209e+000
2.138598308863407e-003	1.027209e+000	1.027209e+000
2.139598308863407e-003	1.027209e+000	1.027209e+000
2.140598308863407e-003	1.027209e+000	1.027209e+000
2.141598308863407e-003	1.027210e+000	1.027210e+000
2.142598308863407e-003	1.027210e+000	1.027210e+000
2.143598308863407e-003	1.027210e+000	1.027210e+000
2.144598308863407e-003	1.027210e+000	1.027210e+000
2.145598308863407e-003	1.027210e+000	1.027210e+000
2.146598308863407e-003	1.027210e+000	1.027210e+000
2.147598308863407e-003	1.027210e+000	1.027210e+000
2.148598308863407e-003	1.027210e+000	1.027210e+000
2.149598308863407e-003	1.027210e+000	1.027210e+000
2.150598308863407e-003	1.027210e+000	1.027210e+000
2.151598308863407e-003	1.027211e+000	1.027211e+000
2.152598308863407e-003	1.027211e+000	1.027211e+000
2.153598308863407e-003	1.027211e+000	1.027211e+000
2.154598308863407e-003	1.027211e+000	1.027211e+000
2.155598308863407e-003	1.027211e+000	1.027211e+000
2.156598308863407e-003	1.027211e+000	1.027211e+000
2.157598308863407e-003	1.027211e+000	1.027211e+000
2.158598308863407e-003	1.027211e+000	1.027211e+000
2.159598308863407e-003	1.027211e+000	1.027211e+000
2.160598308863407e-003	1.027212e+000	1.027212e+000
2.161598308863407e-003	1.027212e+000	1.027212e+000
2.162598308863407e-003	1.027212e+000	1.027212e+000
2.163598308863407e-003	1.027212e+000	1.027212e+000
2.164598308863407e-003	1.027212e+000	1.027212e+000
2.165598308863407e-003	1.027212e+000	1.027212e+000
2.166598308863407e-003	1.027212e+000	1.027212e+000
2.167598308863407e-003	1.027212e+000	1.027212e+000
2.168598308863407e-003	1.027212e+000	1.027212e+000
2.169598308863407e-003	1.027212e+000	1.027212e+000
2.170598308863407e-003	1.027212e+000	1.027212e+000
2.171598308863407e-003	1.027212e+000	1.027212e+000
2.172598308863407e-003	1.027213e+000	1.027213e+000
2.173598308863407e-003	1.027213e+000	1.027213e+000
2.174598308863407e-003	1.027213e+000	1.027213e+000
2.175598308863407e-003	1.027213e+000	1.027213e+000
2.177598308863407e-003	1.027213e+000	1.027213e+000
2.178598308863407e-003	1.027213e+000	1.027213e+000
2.179598308863407e-003	1.027213e+000	1.027213e+000
2.180598308863407e-003	1.027213e+000	1.027213e+000
2.181598308863407e-003	1.027213e+000	1.027213e+000
2.182598308863407e-003	1.027213e+000	1.027213e+000
2.183598308863407e-003	1.027213e+000	1.027213e+000
2.184598308863407e-003	1.027213e+000	1.027213e+000
2.185598308863407e-003	1.027214e+000	1.027214e+000
2.186598308863407e-003	1.027214e+000	1.027214e+000
2.187598308863407e-003	1.027214e+000	1.027214e+000
2.189598308863407e-003	1.027214e+000	1.027214e+000
2.190598308863407e-003	1.027214e+000	1.027214e+000
2.191598308863407e-003	1.027214e+000	1.027214e+000
2.192598308863407e-003	1.027214e+000	1.027214e+000
2.193598308863407e-003	1.027214e+000	1.027214e+000
2.194598308863407e-003	1.027214e+000	1.027214e+000
2.195598308863407e-003	1.027214e+000	1.027214e+000
2.196598308863407e-003	1.027214e+000	1.027214e+000
2.197598308863407e-003	1.027214e+000	1.027214e+000
2.198598308863407e-003	1.027214e+000	1.027214e+000
2.199598308863407e-003	1.027214e+000	1.027214e+000
2.201598308863407e-003	1.027215e+000	1.027215e+000
2.202598308863407e-003	1.027215e+000	1.027215e+000
2.203598308863407e-003	1.027215e+000	1.027215e+000
2.204598308863407e-003	1.027215e+000	1.027215e+000
2.205598308863407e-003	1.027215e+000	1.027215e+000
2.206598308863407e-003	1.027215e+000	1.027215e+000
2.207598308863407e-003	1.027215e+000	1.027215e+000
2.208598308863407e-003	1.027215e+000	1.027215e+000
2.209598308863407e-003	1.027215e+000	1.027215e+000
2.210598308863407e-003	1.027215e+000	1.027215e+000
2.211598308863407e-003	1.027215e+000	1.027215e+000
2.213598308863407e-003	1.027215e+000	1.027215e+000
2.214598308863407e-003	1.027215e+000	1.027215e+000
2.215598308863407e-003	1.027215e+000	1.027215e+000
2.216598308863407e-003	1.027215e+000	1.027215e+000
2.217598308863407e-003	1.027215e+000	1.027215e+000
2.218598308863407e-003	1.027215e+000	1.027215e+000
2.219598308863407e-003	1.027216e+000	1.027216e+000
2.220598308863407e-003	1.027216e+000	1.027216e+000
2.221598308863407e-003	1.027216e+000	1.027216e+000
2.222598308863407e-003	1.027216e+000	1.027216e+000
2.223598308863407e-003	1.027216e+000	1.027216e+000
2.225598308863407e-003	1.027216e+000	1.027216e+000
2.226598308863407e-003	1.027216e+000	1.027216e+000
2.227598308863407e-003	1.027216e+000	1.027216e+000
2.228598308863407e-003	1.027216e+000	1.027216e+000
2.229598308863407e-003	1.027216e+000	1.027216e+000
2.230598308863407e-003	1.027216e+000	1.027216e+000
2.231598308863407e-003	1.027216e+000	1.027216e+000
2.232598308863407e-003	1.027216e+000	1.027216e+000
2.233598308863407e-003	1.027216e+000	1.027216e+000
2.234598308863407e-003	1.027216e+000	1.027216e+000
2.235598308863407e-003	1.027216e+000	1.027216e+000
2.238598308863407e-003	1.027216e+000	1.027216e+000
2.239598308863407e-003	1.027216e+000	1.027216e+000
2.240598308863407e-003	1.027217e+000	1.027217e+000
2.241598308863407e-003	1.027217e+000	1.027217e+000
2.242598308863407e-003	1.027217e+000	1.027217e+000
2.243598308863407e-003	1.027217e+000	1.027217e+000
2.244598308863407e-003	1.027217e+000	1.027217e+000
2.245598308863407e-003	1.027217e+000	1.027217e+000
2.246598308863407e-003	1.027217e+000	1.027217e+000
2.247598308863407e-003	1.027217e+000	1.027217e+000
2.249598308863407e-003	1.027217e+000	1.027217e+000
2.250598308863407e-003	1.027217e+000	1.027217e+000
2.251598308863407e-003	1.027217e+000	1.027217e+000
2.252598308863407e-003	1.027217e+000	1.027217e+000
2.253598308863407e-003	1.027217e+000	1.027217e+000
2.254598308863407e-003	1.027217e+000	1.027217e+000
2.255598308863407e-003	1.027217e+000	1.027217e+000
2.256598308863407e-003	1.027217e+000	1.027217e+000
2.257598308863407e-003	1.027217e+000	1.027217e+000
2.258598308863407e-003	1.027217e+000	1.027217e+000
2.259598308863407e-003	1.027217e+000	1.027217e+000
2.260598308863407e-003	1.027217e+000	1.027217e+000
2.262598308863407e-003	1.027217e+000	1.027217e+000
2.263598308863407e-003	1.027217e+000	1.027217e+000
2.264598308863407e-003	1.027217e+000	1.027217e+000
2.265598308863407e-003	1.027217e+000	1.027217e+000
2.266598308863407e-003	1.027218e+000	1.027218e+000
2.267598308863407e-003	1.027218e+000	1.027218e+000
2.268598308863407e-003	1.027218e+000	1.027218e+000
2.269598308863407e-003	1.027218e+000	1.027218e+000
2.270598308863407e-003	1.027218e+000	1.027218e+000
2.271598308863407e-003	1.027218e+000	1.027218e+000
2.273598308863407e-003	1.027218e+000	1.027218e+000
2.275598308863407e-003	1.027218e+000	1.027218e+000
2.276598308863407e-003	1.027218e+000	1.027218e+000
2.277598308863407e-003	1.027218e+000	1.027218e+000
2.278598308863407e-003	1.027218e+000	1.027218e+000
2.279598308863407e-003	1.027218e+000	1.027218e+000
2.280598308863407e-003	1.027218e+000	1.027218e+000
2.281598308863407e-003	1.027218e+000	1.027218e+000
2.282598308863407e-003	1.027218e+000	1.027218e+000
2.283598308863407e-003	1.027218e+000	1.027218e+000
2.285598308863407e-003	1.027218e+000	1.027218e+000
2.287598308863407e-003	1.027218e+000	1.027218e+000
2.288598308863407e-003	1.027218e+000	1.027218e+000
2.289598308863407e-003	1.027218e+000	1.027218e+000
2.290598308863407e-003	1.027218e+000	1.027218e+000
2.291598308863407e-003	1.027218e+000	1.027218e+000
2.292598308863407e-003	1.027218e+000	1.027218e+000
2.293598308863407e-003	1.027218e+000	1.027218e+000
2.294598308863407e-003	1.027218e+000	1.027218e+000
2.295598308863407e-003	1.027218e+000	1.027218e+000
2.297598308863407e-003	1.027218e+000	1.027218e+000
2.299598308863407e-003	1.027218e+000	1.027218e+000
2.300598308863407e-003	1.027218e+000	1.027218e+000
2.301598308863407e-003	1.027218e+000	1.027218e+000
2.302598308863407e-003	1.027218e+000	1.027218e+000
2.303598308863407e-003	1.027218e+000	1.027218e+000
2.304598308863407e-003	1.027218e+000	1.027218e+000
2.305598308863407e-003	1.027218e+000	1.027218e+000
2.306598308863407e-003	1.027218e+000	1.027218e+000
2.307598308863407e-003	1.027218e+000	1.027218e+000
2.309598308863407e-003	1.027219e+000	1.027219e+000
2.311598308863407e-003	1.027219e+000	1.027219e+000
2.312598308863407e-003	1.027219e+000	1.027219e+000
2.313598308863407e-003	1.027219e+000	1.027219e+000
2.314598308863407e-003	1.027219e+000	1.027219e+000
2.315598308863407e-003	1.027219e+000	1.027219e+000
2.316598308863407e-003	1.027219e+000	1.027219e+000
2.317598308863407e-003	1.027219e+000	1.027219e+000
2.318598308863407e-003	1.027219e+000	1.027219e+000
2.319598308863407e-003	1.027219e+000	1.027219e+000
2.321598308863407e-003	1.027219e+000	1.027219e+000
2.324598308863407e-003	1.027219e+000	1.027219e+000
2.325598308863407e-003	1.027219e+000	1.027219e+000
2.326598308863407e-003	1.027219e+000	1.027219e+000
2.327598308863407e-003	1.027219e+000	1.027219e+000
2.328598308863407e-003	1.027219e+000	1.027219e+000
2.329598308863407e-003	1.027219e+000	1.027219e+000
2.330598308863407e-003	1.027219e+000	1.027219e+000
2.331598308863407e-003	1.027219e+000	1.027219e+000
2.333598308863407e-003	1.027219e+000	1.027219e+000
2.336598308863407e-003	1.027219e+000	1.027219e+000
2.337598308863407e-003	1.027219e+000	1.027219e+000
2.338598308863407e-003	1.027219e+000	1.027219e+000
2.339598308863407e-003	1.027219e+000	1.027219e+000
2.340598308863407e-003	1.027219e+000	1.027219e+000
2.341598308863407e-003	1.027219e+000	1.027219e+000
2.342598308863407e-003	1.027219e+000	1.027219e+000
2.344598308863407e-003	1.027219e+000	1.027219e+000
2.345312594577693e-003	1.027219e+000	1.027219e+000
2.346026880291978e-003	1.027219e+000	1.027219e+000
2.346741166006264e-003	1.027219e+000	1.027219e+000
2.347455451720550e-003	1.027219e+000	1.027219e+000
2.348169737434836e-003	1.027219e+000	1.027219e+000
2.348884023149121e-003	1.027219e+000	1.027219e+000
2.349598308863407e-003	1.027219e+000	1.027219e+000
2.350598308863407e-003	1.027219e+000	1.027219e+000
2.351598308863407e-003	1.027219e+000	1.027219e+000
2.352598308863407e-003	1.027219e+000	1.027219e+000
2.353598308863407e-003	1.027219e+000	1.027219e+000
2.355598308863407e-003	1.027219e+000	1.027219e+000
2.358598308863407e-003	1.027219e+000	1.027219e+000
2.361598308863407e-003	1.027219e+000	1.027219e+000
2.363598308863407e-003	1.027219e+000	1.027219e+000
2.365598308863407e-003	1.027219e+000	1.027219e+000
2.367598308863407e-003	1.027220e+000	1.027220e+000
2.370598308863407e-003	1.027220e+000	1.027220e+000
2.373598308863407e-003	1.027220e+000	1.027220e+000
2.375598308863407e-003	1.027220e+000	1.027220e+000
2.377598308863407e-003	1.027220e+000	1.027220e+000
2.379598308863407e-003	1.027220e+000	1.027220e+000
2.382598308863407e-003	1.027220e+000	1.027220e+000
2.385598308863407e-003	1.027220e+000	1.027220e+000
2.387598308863407e-003	1.027220e+000	1.027220e+000
2.389598308863407e-003	1.027220e+000	1.027220e+000
2.391598308863407e-003	1.027220e+000	1.027220e+000
2.392598308863407e-003	1.027220e+000	1.027220e+000
2.393598308863407e-003	1.027220e+000	1.027220e+000
2.394598308863407e-003	1.027220e+000	1.027220e+000
2.395598308863407e-003	1.027220e+000	1.027220e+000
2.396598308863407e-003	1.027220e+000	1.027220e+000
2.397598308863407e-003	1.027220e+000	1.027220e+000
2.398598308863407e-003	1.027220e+000	1.027220e+000
2.400598308863407e-003	1.027220e+000	1.027220e+000
2.402598308863407e-003	1.027220e+000	1.027220e+000
2.405598308863407e-003	1.027220e+000	1.027220e+000
2.406741166006264e-003	1.027220e+000	1.027220e+000
2.407884023149121e-003	1.027220e+000	1.027220e+000
2.409026880291979e-003	1.027220e+000	1.027220e+000
2.410169737434836e-003	1.027220e+000	1.027220e+000
2.411312594577693e-003	1.027220e+000	1.027220e+000
2.412455451720550e-003	1.027220e+000	1.027220e+000
2.413598308863407e-003	1.027220e+000	1.027220e+000
2.416598308863407e-003	1.027220e+000	1.027220e+000
2.417741166006264e-003	1.027220e+000	1.027220e+000
2.418884023149121e-003	1.027220e+000	1.027220e+000
2.420026880291978e-003	1.027220e+000	1.027220e+000
2.421169737434836e-003	1.027220e+000	1.027220e+000
2.422312594577693e-003	1.027220e+000	1.027220e+000
2.423455451720550e-003	1.027220e+000	1.027220e+000
2.424598308863407e-003	1.027220e+000	1.027220e+000
2.427598308863407e-003	1.027220e+000	1.027220e+000
2.428884023149121e-003	1.027220e+000	1.027220e+000
2.430169737434836e-003	1.027220e+000	1.027220e+000
2.431455451720550e-003	1.027220e+000	1.027220e+000
2.432741166006264e-003	1.027220e+000	1.027220e+000
2.434026880291978e-003	1.027220e+000	1.027220e+000
2.435312594577693e-003	1.027220e+000	1.027220e+000
2.436598308863407e-003	1.027220e+000	1.027220e+000
2.439598308863407e-003	1.027220e+000	1.027220e+000
2.440884023149121e-003	1.027220e+000	1.027220e+000
2.442169737434836e-003	1.027220e+000	1.027220e+000
2.443455451720550e-003	1.027220e+000	1.027220e+000
2.444741166006264e-003	1.027220e+000	1.027220e+000
2.446026880291978e-003	1.027220e+000	1.027220e+000
2.447312594577693e-003	1.027220e+000	1.027220e+000
2.448598308863407e-003	1.027220e+000	1.027220e+000
2.451598308863407e-003	1.027220e+000	1.027220e+000
2.453026880291979e-003	1.027220e+000	1.027220e+000
2.454455451720550e-003	1.027220e+000	1.027220e+000
2.455884023149122e-003	1.027220e+000	1.027220e+000
2.457312594577693e-003	1.027220e+000	1.027220e+000
2.458741166006264e-003	1.027220e+000	1.027220e+000
2.460169737434836e-003	1.027220e+000	1.027220e+000
2.461598308863407e-003	1.027220e+000	1.027220e+000
2.463169737434836e-003	1.027220e+000	1.027220e+000
2.464741166006264e-003	1.027220e+000	1.027220e+000
2.466312594577693e-003	1.027220e+000	1.027220e+000
2.467884023149122e-003	1.027220e+000	1.027220e+000
2.469455451720550e-003	1.027220e+000	1.027220e+000
2.471026880291979e-003	1.027220e+000	1.027220e+000
2.472598308863407e-003	1.027220e+000	1.027220e+000
2.474169737434835e-003	1.027220e+000	1.027220e+000
2.475741166006264e-003	1.027220e+000	1.027220e+000
2.477312594577693e-003	1.027220e+000	1.027220e+000
2.478884023149121e-003	1.027220e+000	1.027220e+000
2.480455451720550e-003	1.027220e+000	1.027220e+000
2.482026880291979e-003	1.027220e+000	1.027220e+000
2.483598308863407e-003	1.027220e+000	1.027220e+000
2.485312594577693e-003	1.027220e+000	1.027220e+000
2.487026880291979e-003	1.027220e+000	1.027220e+000
2.488741166006264e-003	1.027220e+000	1.027220e+000
2.490455451720550e-003	1.027220e+000	1.027220e+000
2.492169737434836e-003	1.027220e+000	1.027220e+000
2.493884023149121e-003	1.027220e+000	1.027220e+000
2.495598308863407e-003	1.027220e+000	1.027220e+000
2.497455451720550e-003	1.027220e+000	1.027220e+000
2.499312594577693e-003	1.027220e+000	1.027220e+000
2.501169737434836e-003	1.027220e+000	1.027220e+000
2.503026880291978e-003	1.027220e+000	1.027220e+000
2.504884023149121e-003	1.027220e+000	1.027220e+000
2.506741166006264e-003	1.027220e+000	1.027220e+000
2.508598308863407e-003	1.027220e+000	1.027220e+000
2.510598308863407e-003	1.027220e+000	1.027220e+000
2.512598308863407e-003	1.027220e+000	1.027220e+000
2.514598308863407e-003	1.027220e+000	1.027220e+000
2.516598308863407e-003	1.027220e+000	1.027220e+000
2.518598308863407e-003	1.027220e+000	1.027220e+000
2.520598308863407e-003	1.027220e+000	1.027220e+000
2.522598308863407e-003	1.027220e+000	1.027220e+000
2.524884023149121e-003	1.027220e+000	1.027220e+000
2.527169737434836e-003	1.027220e+000	1.027220e+000
2.529455451720550e-003	1.027220e+000	1.027220e+000
2.531741166006264e-003	1.027220e+000	1.027220e+000
2.534026880291979e-003	1.027220e+000	1.027220e+000
2.536312594577693e-003	1.027220e+000	1.027220e+000
2.538598308863407e-003	1.027220e+000	1.027220e+000
2.541455451720550e-003	1.027220e+000	1.027220e+000
2.544312594577693e-003	1.027220e+000	1.027220e+000
2.547169737434836e-003	1.027220e+000	1.027220e+000
2.550026880291979e-003	1.027220e+000	1.027220e+000
2.552884023149122e-003	1.027220e+000	1.027220e+000
2.555741166006264e-003	1.027220e+000	1.027220e+000
2.558598308863407e-003	1.027220e+000	1.027220e+000
2.562598308863407e-003	1.027220e+000	1.027220e+000
2.566598308863407e-003	1.027220e+000	1.027220e+000
2.570598308863407e-003	1.027220e+000	1.027220e+000
2.574598308863407e-003	1.027220e+000	1.027220e+000
2.578598308863407e-003	1.027221e+000	1.027221e+000
2.582598308863407e-003	1.027220e+000	1.027220e+000
2.586598308863407e-003	1.027220e+000	1.027220e+000
2.590598308863407e-003	1.027220e+000	1.027220e+000
2.594598308863407e-003	1.027220e+000	1.027220e+000
2.598598308863407e-003	1.027220e+000	1.027220e+000
2.602598308863407e-003	1.027220e+000	1.027220e+000
2.606598308863407e-003	1.027220e+000	1.027220e+000
2.610598308863407e-003	1.027220e+000	1.027220e+000
2.614598308863407e-003	1.027220e+000	1.027220e+000
2.657026880291979e-003	1.027220e+000	1.027220e+000
2.699455451720550e-003	1.027220e+000	1.027220e+000
2.741884023149122e-003	1.027220e+000	1.027220e+000
2.784312594577693e-003	1.027220e+000	1.027220e+000
2.826741166006265e-003	1.027220e+000	1.027220e+000
2.869169737434836e-003	1.027220e+000	1.027220e+000
2.911598308863407e-003	1.027220e+000	1.027220e+000
2.912598308863407e-003	1.027220e+000	1.027220e+000
3.936598308863407e-003	1.027221e+000	1.027221e+000
3.998598308863407e-003	1.027221e+000	1.027221e+000
3.999196617726814e-003	1.027221e+000	1.027221e+000
3.999589853180442e-003	1.027221e+000	1.027221e+000
4.000000000000000e-003	1.456659e+000	5.146163e-001
4.000000822344836e-003	1.629784e+000	3.423924e-001
4.000002467034507e-003	2.008940e+000	2.029029e-010
4.000002905110462e-003	1.999390e+000	2.019383e-010
4.000003166234295e-003	1.995782e+000	2.015740e-010
4.000003299939933e-003	1.999220e+000	2.019212e-010
4.000003467714554e-003	1.998754e+000	2.018742e-010
4.000003684576623e-003	1.999052e+000	2.019042e-010
4.000003917181970e-003	1.999409e+000	2.019403e-010
4.000004245305262e-003	1.999828e+000	2.019826e-010
4.000004683470049e-003	2.000234e+000	2.020236e-010
4.000005407365510e-003	2.000638e+000	2.020645e-010
4.000006182696857e-003	2.000775e+000	2.020783e-010
4.000007386798755e-003	2.000595e+000	2.020601e-010
4.000008859415945e-003	2.000154e+000	2.020156e-010
4.000010437762587e-003	1.999714e+000	2.019712e-010
4.000012365964187e-003	1.999365e+000	2.019358e-010
4.000014284347262e-003	1.999151e+000	2.019142e-010
4.000016298493196e-003	1.998974e+000	2.018964e-010
4.000017721979926e-003	1.998842e+000	2.018830e-010
4.000019394340722e-003	1.998660e+000	2.018647e-010
4.000021180654751e-003	1.998437e+000	2.018421e-010
4.000023057550038e-003	1.998172e+000	2.018154e-010
4.000024802001126e-003	1.997900e+000	2.017879e-010
4.000027350877232e-003	1.997461e+000	2.017436e-010
4.000030681711194e-003	1.996835e+000	2.016804e-010
4.000034872292776e-003	1.995975e+000	2.015935e-010
4.000040292613066e-003	1.994771e+000	2.014718e-010
4.000046399432721e-003	1.993316e+000	2.013249e-010
4.000053765325509e-003	1.991462e+000	2.011377e-010
4.000061626255614e-003	1.989403e+000	2.009297e-010
4.000071204738722e-003	1.986827e+000	2.006695e-010
4.000081438182097e-003	1.984034e+000	2.003874e-010
4.000093541191559e-003	1.980711e+000	2.000518e-010
4.000105328491175e-003	1.977476e+000	1.997250e-010
4.000121393602632e-003	1.973088e+000	1.992819e-010
4.000139096187238e-003	1.968291e+000	1.987974e-010
4.000154588443542e-003	1.964132e+000	1.983773e-010
4.000166272963542e-003	1.961025e+000	1.980635e-010
4.000178828768470e-003	1.957719e+000	1.977296e-010
4.000192149100139e-003	1.954272e+000	1.973814e-010
4.000206225210747e-003	1.951010e+000	1.970520e-010
4.000221307243833e-003	1.949071e+000	1.968562e-010
4.000238526271632e-003	1.949008e+000	1.968498e-010
4.000257517484607e-003	1.949120e+000	1.968611e-010
4.000269324330271e-003	1.947963e+000	1.967442e-010
4.000281928453364e-003	1.945497e+000	1.964952e-010
4.000294993238751e-003	1.942348e+000	1.961772e-010
4.000306107077665e-003	1.939426e+000	1.958820e-010
4.000318091271571e-003	1.936182e+000	1.955543e-010
4.000331451845442e-003	1.932556e+000	1.951882e-010
4.000346250441907e-003	1.928579e+000	1.947865e-010
4.000363948752353e-003	1.923893e+000	1.943132e-010
4.000386100690644e-003	1.918116e+000	1.937297e-010
4.000402872587294e-003	1.913797e+000	1.932935e-010
4.000420241718901e-003	1.909373e+000	1.928467e-010
4.000438639819649e-003	1.904729e+000	1.923776e-010
4.000460259254031e-003	1.899324e+000	1.918317e-010
4.000486674789108e-003	1.892795e+000	1.911723e-010
4.000525214070634e-003	1.883399e+000	1.902232e-010
4.000562320481863e-003	1.874491e+000	1.893236e-010
4.000604115448453e-003	1.864633e+000	1.883279e-010
4.000648849192302e-003	1.854292e+000	1.872835e-010
4.000714380187893e-003	1.839520e+000	1.857915e-010
4.000799259429234e-003	1.820963e+000	1.839172e-010
4.000897565832589e-003	1.800382e+000	1.818386e-010
4.001073206067325e-003	1.765721e+000	1.783378e-010
4.001305996698864e-003	1.723835e+000	1.741073e-010
4.001771577961944e-003	1.650391e+000	1.666895e-010
4.002320407045589e-003	1.577015e+000	1.592785e-010
4.002919461859236e-003	1.512210e+000	1.527333e-010
4.003708443680888e-003	1.443331e+000	1.457764e-010
4.004136159320230e-003	1.412764e+000	1.426892e-010
4.004472667683340e-003	1.392786e+000	1.406714e-010
4.004833443926867e-003	1.374259e+000	1.388001e-010
4.005236976658524e-003	1.356372e+000	1.369935e-010
4.005655757957779e-003	1.340824e+000	1.354233e-010
4.006241106054383e-003	1.323393e+000	1.336626e-010
4.006952254485999e-003	1.307433e+000	1.320507e-010
4.007889090180812e-003	1.292802e+000	1.305730e-010
4.008889090180812e-003	1.282613e+000	1.295440e-010
4.009889090180813e-003	1.276336e+000	1.289099e-010
4.010889090180813e-003	1.272548e+000	1.285273e-010
4.011889090180812e-003	1.270274e+000	1.282976e-010
4.012889090180812e-003	1.268909e+000	1.281598e-010
4.013889090180812e-003	1.268088e+000	1.280769e-010
4.014889090180812e-003	1.267590e+000	1.280266e-010
4.015889090180812e-003	1.267285e+000	1.279958e-010
4.016889090180813e-003	1.267093e+000	1.279764e-010
4.017889090180812e-003	1.266969e+000	1.279639e-010
4.018889090180812e-003	1.266886e+000	1.279555e-010
4.019889090180812e-003	1.266826e+000	1.279494e-010
4.020889090180812e-003	1.266779e+000	1.279447e-010
4.021889090180812e-003	1.266741e+000	1.279409e-010
4.022889090180812e-003	1.266708e+000	1.279375e-010
4.023889090180813e-003	1.266677e+000	1.279344e-010
4.024889090180812e-003	1.266648e+000	1.279314e-010
4.025889090180812e-003	1.266619e+000	1.279286e-010
4.026889090180812e-003	1.266591e+000	1.279257e-010
4.027889090180812e-003	1.266564e+000	1.279230e-010
4.028889090180812e-003	1.266536e+000	1.279202e-010
4.029889090180813e-003	1.266509e+000	1.279174e-010
4.030889090180812e-003	1.266482e+000	1.279147e-010
4.031889090180812e-003	1.266455e+000	1.279119e-010
4.032889090180812e-003	1.266428e+000	1.279092e-010
4.033889090180812e-003	1.266400e+000	1.279064e-010
4.034889090180812e-003	1.266373e+000	1.279037e-010
4.035889090180812e-003	1.266346e+000	1.279010e-010
4.036889090180813e-003	1.266319e+000	1.278982e-010
4.037889090180812e-003	1.266292e+000	1.278955e-010
4.038889090180812e-003	1.266265e+000	1.278927e-010
4.039889090180812e-003	1.266237e+000	1.278900e-010
4.040889090180812e-003	1.266210e+000	1.278872e-010
4.041889090180812e-003	1.266183e+000	1.278845e-010
4.042889090180813e-003	1.266156e+000	1.278818e-010
4.043889090180812e-003	1.266129e+000	1.278790e-010
4.044889090180812e-003	1.266102e+000	1.278763e-010
4.045889090180812e-003	1.266074e+000	1.278735e-010
4.046889090180812e-003	1.266047e+000	1.278708e-010
4.047889090180812e-003	1.266020e+000	1.278680e-010
4.048889090180812e-003	1.265993e+000	1.278653e-010
4.049889090180813e-003	1.265966e+000	1.278626e-010
4.050889090180812e-003	1.265939e+000	1.278598e-010
4.051889090180812e-003	1.265912e+000	1.278571e-010
4.052889090180812e-003	1.265884e+000	1.278543e-010
4.053889090180812e-003	1.265857e+000	1.278516e-010
4.054889090180812e-003	1.265830e+000	1.278488e-010
4.055889090180813e-003	1.265803e+000	1.278461e-010
4.056889090180812e-003	1.265776e+000	1.278433e-010
4.057889090180812e-003	1.265749e+000	1.278406e-010
4.058889090180812e-003	1.265721e+000	1.278379e-010
4.059889090180812e-003	1.265694e+000	1.278351e-010
4.060889090180812e-003	1.265667e+000	1.278324e-010
4.061889090180812e-003	1.265640e+000	1.278296e-010
4.062889090180813e-003	1.265613e+000	1.278269e-010
4.063889090180812e-003	1.265586e+000	1.278242e-010
4.064889090180812e-003	1.265558e+000	1.278214e-010
4.065889090180812e-003	1.265531e+000	1.278187e-010
4.066889090180812e-003	1.265504e+000	1.278159e-010
4.067889090180812e-003	1.265477e+000	1.278132e-010
4.068889090180813e-003	1.265450e+000	1.278104e-010
4.069889090180812e-003	1.265423e+000	1.278077e-010
4.070889090180812e-003	1.265396e+000	1.278050e-010
4.071889090180812e-003	1.265368e+000	1.278022e-010
4.072889090180812e-003	1.265341e+000	1.277995e-010
4.073889090180812e-003	1.265314e+000	1.277967e-010
4.074889090180812e-003	1.265287e+000	1.277940e-010
4.075889090180813e-003	1.265260e+000	1.277912e-010
4.076889090180812e-003	1.265233e+000	1.277885e-010
4.077889090180812e-003	1.265206e+000	1.277858e-010
4.078889090180812e-003	1.265178e+000	1.277830e-010
4.079889090180812e-003	1.265151e+000	1.277803e-010
4.080889090180812e-003	1.265124e+000	1.277775e-010
4.081889090180813e-003	1.265097e+000	1.277748e-010
4.082889090180812e-003	1.265070e+000	1.277721e-010
4.083889090180812e-003	1.265043e+000	1.277693e-010
4.084889090180812e-003	1.265016e+000	1.277666e-010
4.085889090180812e-003	1.264988e+000	1.277638e-010
4.086889090180812e-003	1.264961e+000	1.277611e-010
4.087889090180812e-003	1.264934e+000	1.277583e-010
4.088889090180813e-003	1.264907e+000	1.277556e-010
4.089889090180812e-003	1.264880e+000	1.277529e-010
4.090889090180812e-003	1.264853e+000	1.277501e-010
4.091889090180812e-003	1.264826e+000	1.277474e-010
4.092889090180812e-003	1.264798e+000	1.277446e-010
4.093889090180812e-003	1.264771e+000	1.277419e-010
4.094889090180813e-003	1.264744e+000	1.277392e-010
4.095889090180813e-003	1.264717e+000	1.277364e-010
4.096889090180812e-003	1.264690e+000	1.277337e-010
4.097889090180812e-003	1.264663e+000	1.277309e-010
4.098889090180812e-003	1.264636e+000	1.277282e-010
4.099889090180812e-003	1.264609e+000	1.277255e-010
4.100889090180812e-003	1.264581e+000	1.277227e-010
4.101889090180813e-003	1.264554e+000	1.277200e-010
4.102889090180812e-003	1.264527e+000	1.277172e-010
4.103889090180812e-003	1.264500e+000	1.277145e-010
4.104889090180812e-003	1.264473e+000	1.277118e-010
4.105889090180812e-003	1.264446e+000	1.277090e-010
4.106889090180812e-003	1.264418e+000	1.277063e-010
4.107889090180813e-003	1.264391e+000	1.277035e-010
4.108889090180813e-003	1.264364e+000	1.277008e-010
4.109889090180812e-003	1.264337e+000	1.276981e-010
4.110889090180812e-003	1.264310e+000	1.276953e-010
4.111889090180812e-003	1.264283e+000	1.276926e-010
4.112889090180812e-003	1.264256e+000	1.276898e-010
4.113889090180812e-003	1.264229e+000	1.276871e-010
4.114889090180813e-003	1.264202e+000	1.276843e-010
4.115889090180812e-003	1.264174e+000	1.276816e-010
4.116889090180812e-003	1.264147e+000	1.276789e-010
4.117889090180812e-003	1.264120e+000	1.276761e-010
4.118889090180812e-003	1.264093e+000	1.276734e-010
4.119889090180812e-003	1.264066e+000	1.276707e-010
4.120889090180812e-003	1.264039e+000	1.276679e-010
4.121889090180813e-003	1.264012e+000	1.276652e-010
4.122889090180812e-003	1.263984e+000	1.276624e-010
4.123889090180812e-003	1.263957e+000	1.276597e-010
4.124889090180812e-003	1.263930e+000	1.276570e-010
4.125889090180812e-003	1.263903e+000	1.276542e-010
4.126889090180812e-003	1.263876e+000	1.276515e-010
4.127889090180813e-003	1.263849e+000	1.276487e-010
4.128889090180812e-003	1.263822e+000	1.276460e-010
4.129889090180812e-003	1.263795e+000	1.276433e-010
4.130889090180812e-003	1.263768e+000	1.276405e-010
4.131889090180812e-003	1.263741e+000	1.276378e-010
4.132889090180812e-003	1.263713e+000	1.276350e-010
4.133889090180812e-003	1.263686e+000	1.276323e-010
4.134889090180813e-003	1.263659e+000	1.276296e-010
4.135889090180812e-003	1.263632e+000	1.276268e-010
4.136889090180812e-003	1.263605e+000	1.276241e-010
4.137889090180812e-003	1.263578e+000	1.276214e-010
4.138889090180812e-003	1.263551e+000	1.276186e-010
4.139889090180812e-003	1.263524e+000	1.276159e-010
4.140889090180813e-003	1.263496e+000	1.276131e-010
4.141889090180812e-003	1.263469e+000	1.276104e-010
4.142889090180812e-003	1.263442e+000	1.276077e-010
4.143889090180812e-003	1.263415e+000	1.276049e-010
4.144889090180812e-003	1.263388e+000	1.276022e-010
4.145889090180812e-003	1.263361e+000	1.275994e-010
4.146889090180812e-003	1.263334e+000	1.275967e-010
4.147889090180813e-003	1.263307e+000	1.275940e-010
4.148889090180812e-003	1.263280e+000	1.275912e-010
4.149889090180812e-003	1.263252e+000	1.275885e-010
4.150889090180812e-003	1.263225e+000	1.275858e-010
4.151889090180812e-003	1.263198e+000	1.275830e-010
4.152889090180812e-003	1.263171e+000	1.275803e-010
4.153889090180813e-003	1.263144e+000	1.275775e-010
4.154889090180812e-003	1.263117e+000	1.275748e-010
4.155889090180812e-003	1.263090e+000	1.275721e-010
4.156889090180812e-003	1.263063e+000	1.275693e-010
4.157889090180812e-003	1.263036e+000	1.275666e-010
4.158889090180812e-003	1.263009e+000	1.275639e-010
4.159889090180812e-003	1.262981e+000	1.275611e-010
4.160889090180813e-003	1.262954e+000	1.275584e-010
4.161889090180812e-003	1.262927e+000	1.275556e-010
4.162889090180812e-003	1.262900e+000	1.275529e-010
4.163889090180812e-003	1.262873e+000	1.275502e-010
4.164889090180812e-003	1.262846e+000	1.275474e-010
4.165889090180812e-003	1.262819e+000	1.275447e-010
4.166889090180813e-003	1.262792e+000	1.275420e-010
4.167889090180813e-003	1.262765e+000	1.275392e-010
4.168889090180812e-003	1.262738e+000	1.275365e-010
4.169889090180812e-003	1.262710e+000	1.275338e-010
4.170889090180812e-003	1.262683e+000	1.275310e-010
4.171889090180812e-003	1.262656e+000	1.275283e-010
4.172889090180812e-003	1.262629e+000	1.275255e-010
4.173889090180813e-003	1.262602e+000	1.275228e-010
4.174889090180812e-003	1.262575e+000	1.275201e-010
4.175889090180812e-003	1.262548e+000	1.275173e-010
4.176889090180812e-003	1.262521e+000	1.275146e-010
4.177889090180812e-003	1.262494e+000	1.275119e-010
4.178889090180812e-003	1.262467e+000	1.275091e-010
4.179889090180813e-003	1.262439e+000	1.275064e-010
4.180889090180813e-003	1.262412e+000	1.275037e-010
4.181889090180812e-003	1.262385e+000	1.275009e-010
4.182889090180812e-003	1.262358e+000	1.274982e-010
4.183889090180812e-003	1.262331e+000	1.274955e-010
4.184889090180812e-003	1.262304e+000	1.274927e-010
4.185889090180812e-003	1.262277e+000	1.274900e-010
4.186889090180813e-003	1.262250e+000	1.274872e-010
4.187889090180812e-003	1.262223e+000	1.274845e-010
4.188889090180812e-003	1.262196e+000	1.274818e-010
4.189889090180812e-003	1.262169e+000	1.274790e-010
4.190889090180812e-003	1.262142e+000	1.274763e-010
4.191889090180812e-003	1.262115e+000	1.274736e-010
4.192889090180813e-003	1.262087e+000	1.274708e-010
4.193889090180813e-003	1.262060e+000	1.274681e-010
4.194889090180812e-003	1.262033e+000	1.274654e-010
4.195889090180812e-003	1.262006e+000	1.274626e-010
4.196889090180812e-003	1.261979e+000	1.274599e-010
4.197889090180812e-003	1.261952e+000	1.274572e-010
4.198889090180812e-003	1.261925e+000	1.274544e-010
4.199889090180813e-003	1.261898e+000	1.274517e-010
4.200889090180812e-003	1.261871e+000	1.274490e-010
4.201889090180812e-003	1.261844e+000	1.274462e-010
4.202889090180812e-003	1.261817e+000	1.274435e-010
4.203889090180812e-003	1.261790e+000	1.274408e-010
4.204889090180812e-003	1.261763e+000	1.274380e-010
4.205889090180813e-003	1.261735e+000	1.274353e-010
4.206889090180813e-003	1.261708e+000	1.274325e-010
4.207889090180812e-003	1.261681e+000	1.274298e-010
4.208889090180812e-003	1.261654e+000	1.274271e-010
4.209889090180812e-003	1.261627e+000	1.274243e-010
4.210889090180812e-003	1.261600e+000	1.274216e-010
4.211889090180812e-003	1.261573e+000	1.274189e-010
4.212889090180813e-003	1.261546e+000	1.274161e-010
4.213889090180812e-003	1.261519e+000	1.274134e-010
4.214889090180812e-003	1.261492e+000	1.274107e-010
4.215889090180812e-003	1.261465e+000	1.274079e-010
4.216889090180812e-003	1.261438e+000	1.274052e-010
4.217889090180812e-003	1.261411e+000	1.274025e-010
4.218889090180812e-003	1.261384e+000	1.273997e-010
4.219889090180813e-003	1.261356e+000	1.273970e-010
4.220889090180812e-003	1.261329e+000	1.273943e-010
4.221889090180812e-003	1.261302e+000	1.273915e-010
4.222889090180812e-003	1.261275e+000	1.273888e-010
4.223889090180812e-003	1.261248e+000	1.273861e-010
4.224889090180812e-003	1.261221e+000	1.273833e-010
4.226889090180812e-003	1.261167e+000	1.273779e-010
4.227889090180812e-003	1.261140e+000	1.273751e-010
4.228889090180812e-003	1.261113e+000	1.273724e-010
4.229889090180812e-003	1.261086e+000	1.273697e-010
4.230889090180812e-003	1.261059e+000	1.273669e-010
4.231889090180812e-003	1.261032e+000	1.273642e-010
4.232889090180813e-003	1.261005e+000	1.273615e-010
4.233889090180812e-003	1.260978e+000	1.273587e-010
4.234889090180812e-003	1.260951e+000	1.273560e-010
4.235889090180812e-003	1.260924e+000	1.273533e-010
4.236889090180812e-003	1.260897e+000	1.273505e-010
4.237889090180812e-003	1.260870e+000	1.273478e-010
4.238889090180813e-003	1.260842e+000	1.273451e-010
4.239889090180813e-003	1.260815e+000	1.273424e-010
4.240889090180812e-003	1.260788e+000	1.273396e-010
4.241889090180812e-003	1.260761e+000	1.273369e-010
4.242889090180812e-003	1.260734e+000	1.273342e-010
4.243889090180812e-003	1.260707e+000	1.273314e-010
4.244889090180812e-003	1.260680e+000	1.273287e-010
4.245889090180813e-003	1.260653e+000	1.273260e-010
4.246889090180812e-003	1.260626e+000	1.273232e-010
4.247889090180812e-003	1.260599e+000	1.273205e-010
4.248889090180812e-003	1.260572e+000	1.273178e-010
4.249889090180812e-003	1.260545e+000	1.273150e-010
4.250889090180812e-003	1.260518e+000	1.273123e-010
4.251889090180813e-003	1.260491e+000	1.273096e-010
4.252889090180813e-003	1.260464e+000	1.273068e-010
4.253889090180812e-003	1.260437e+000	1.273041e-010
4.254889090180812e-003	1.260410e+000	1.273014e-010
4.255889090180812e-003	1.260383e+000	1.272986e-010
4.256889090180812e-003	1.260355e+000	1.272959e-010
4.257889090180812e-003	1.260329e+000	1.272932e-010
4.258889090180813e-003	1.260301e+000	1.272904e-010
4.259889090180812e-003	1.260274e+000	1.272877e-010
4.260889090180812e-003	1.260247e+000	1.272850e-010
4.261889090180812e-003	1.260220e+000	1.272823e-010
4.262889090180812e-003	1.260193e+000	1.272795e-010
4.263889090180812e-003	1.260166e+000	1.272768e-010
4.264889090180813e-003	1.260139e+000	1.272741e-010
4.265889090180813e-003	1.260112e+000	1.272713e-010
4.266889090180812e-003	1.260085e+000	1.272686e-010
4.267889090180812e-003	1.260058e+000	1.272659e-010
4.268889090180812e-003	1.260031e+000	1.272631e-010
4.269889090180812e-003	1.260004e+000	1.272604e-010
4.270889090180812e-003	1.259977e+000	1.272577e-010
4.271889090180813e-003	1.259950e+000	1.272549e-010
4.272889090180812e-003	1.259923e+000	1.272522e-010
4.273889090180812e-003	1.259896e+000	1.272495e-010
4.274889090180812e-003	1.259869e+000	1.272468e-010
4.275889090180812e-003	1.259842e+000	1.272440e-010
4.276889090180812e-003	1.259815e+000	1.272413e-010
4.277889090180813e-003	1.259788e+000	1.272386e-010
4.278889090180813e-003	1.259761e+000	1.272358e-010
4.279889090180812e-003	1.259734e+000	1.272331e-010
4.280889090180812e-003	1.259707e+000	1.272304e-010
4.281889090180812e-003	1.259680e+000	1.272276e-010
4.282889090180812e-003	1.259653e+000	1.272249e-010
4.283889090180812e-003	1.259626e+000	1.272222e-010
4.284889090180813e-003	1.259598e+000	1.272195e-010
4.285889090180812e-003	1.259572e+000	1.272167e-010
4.286889090180812e-003	1.259544e+000	1.272140e-010
4.287889090180812e-003	1.259517e+000	1.272113e-010
4.288889090180812e-003	1.259490e+000	1.272085e-010
4.289889090180812e-003	1.259463e+000	1.272058e-010
4.290889090180813e-003	1.259436e+000	1.272031e-010
4.291889090180813e-003	1.259409e+000	1.272003e-010
4.292889090180812e-003	1.259382e+000	1.271976e-010
4.293889090180812e-003	1.259355e+000	1.271949e-010
4.294889090180812e-003	1.259328e+000	1.271922e-010
4.295889090180812e-003	1.259301e+000	1.271894e-010
4.296889090180812e-003	1.259274e+000	1.271867e-010
4.297889090180813e-003	1.259247e+000	1.271840e-010
4.298889090180812e-003	1.259220e+000	1.271812e-010
4.299889090180812e-003	1.259193e+000	1.271785e-010
4.300889090180812e-003	1.259166e+000	1.271758e-010
4.301889090180812e-003	1.259139e+000	1.271731e-010
4.302889090180812e-003	1.259112e+000	1.271703e-010
4.303889090180812e-003	1.259085e+000	1.271676e-010
4.304889090180813e-003	1.259058e+000	1.271649e-010
4.305889090180812e-003	1.259031e+000	1.271621e-010
4.306889090180812e-003	1.259004e+000	1.271594e-010
4.307889090180812e-003	1.258977e+000	1.271567e-010
4.308889090180812e-003	1.258950e+000	1.271540e-010
4.309889090180812e-003	1.258923e+000	1.271512e-010
4.310889090180813e-003	1.258896e+000	1.271485e-010
4.311889090180812e-003	1.258869e+000	1.271458e-010
4.312889090180812e-003	1.258842e+000	1.271430e-010
4.313889090180812e-003	1.258815e+000	1.271403e-010
4.314889090180812e-003	1.258788e+000	1.271376e-010
4.315889090180812e-003	1.258761e+000	1.271349e-010
4.316889090180812e-003	1.258734e+000	1.271321e-010
4.317889090180813e-003	1.258707e+000	1.271294e-010
4.318889090180812e-003	1.258680e+000	1.271267e-010
4.319889090180812e-003	1.258653e+000	1.271240e-010
4.320889090180812e-003	1.258626e+000	1.271212e-010
4.321889090180812e-003	1.258599e+000	1.271185e-010
4.322889090180812e-003	1.258572e+000	1.271158e-010
4.323889090180813e-003	1.258545e+000	1.271130e-010
4.324889090180813e-003	1.258518e+000	1.271103e-010
4.325889090180812e-003	1.258491e+000	1.271076e-010
4.326889090180812e-003	1.258464e+000	1.271049e-010
4.327889090180812e-003	1.258437e+000	1.271021e-010
4.328889090180812e-003	1.258410e+000	1.270994e-010
4.329889090180812e-003	1.258383e+000	1.270967e-010
4.330889090180813e-003	1.258356e+000	1.270939e-010
4.331889090180812e-003	1.258329e+000	1.270912e-010
4.332889090180812e-003	1.258302e+000	1.270885e-010
4.333889090180812e-003	1.258275e+000	1.270858e-010
4.334889090180812e-003	1.258248e+000	1.270830e-010
4.335889090180812e-003	1.258221e+000	1.270803e-010
4.336889090180813e-003	1.258194e+000	1.270776e-010
4.337889090180813e-003	1.258167e+000	1.270749e-010
4.338889090180812e-003	1.258140e+000	1.270721e-010
4.339889090180812e-003	1.258113e+000	1.270694e-010
4.340889090180812e-003	1.258086e+000	1.270667e-010
4.341889090180812e-003	1.258059e+000	1.270640e-010
4.342889090180812e-003	1.258032e+000	1.270612e-010
4.343889090180813e-003	1.258005e+000	1.270585e-010
4.344889090180812e-003	1.257978e+000	1.270558e-010
4.345889090180812e-003	1.257951e+000	1.270531e-010
4.347889090180812e-003	1.257897e+000	1.270476e-010
4.348889090180812e-003	1.257870e+000	1.270449e-010
4.349889090180813e-003	1.257843e+000	1.270422e-010
4.350889090180813e-003	1.257816e+000	1.270394e-010
4.351889090180812e-003	1.257789e+000	1.270367e-010
4.352889090180812e-003	1.257762e+000	1.270340e-010
4.353889090180812e-003	1.257735e+000	1.270312e-010
4.354889090180812e-003	1.257708e+000	1.270285e-010
4.355889090180812e-003	1.257681e+000	1.270258e-010
4.356889090180813e-003	1.257654e+000	1.270231e-010
4.357889090180812e-003	1.257627e+000	1.270204e-010
4.359889090180812e-003	1.257573e+000	1.270149e-010
4.360889090180812e-003	1.257546e+000	1.270122e-010
4.361889090180812e-003	1.257519e+000	1.270094e-010
4.362889090180813e-003	1.257492e+000	1.270067e-010
4.363889090180813e-003	1.257465e+000	1.270040e-010
4.364889090180812e-003	1.257438e+000	1.270013e-010
4.365889090180812e-003	1.257411e+000	1.269986e-010
4.366889090180812e-003	1.257384e+000	1.269958e-010
4.367889090180812e-003	1.257357e+000	1.269931e-010
4.368889090180812e-003	1.257330e+000	1.269904e-010
4.369889090180813e-003	1.257303e+000	1.269876e-010
4.371889090180812e-003	1.257249e+000	1.269822e-010
4.372889090180812e-003	1.257223e+000	1.269795e-010
4.373889090180812e-003	1.257195e+000	1.269767e-010
4.374889090180812e-003	1.257169e+000	1.269740e-010
4.375889090180813e-003	1.257142e+000	1.269713e-010
4.376889090180813e-003	1.257115e+000	1.269686e-010
4.377889090180812e-003	1.257088e+000	1.269659e-010
4.378889090180812e-003	1.257061e+000	1.269631e-010
4.379889090180812e-003	1.257034e+000	1.269604e-010
4.380889090180812e-003	1.257007e+000	1.269577e-010
4.381889090180812e-003	1.256980e+000	1.269550e-010
4.382889090180813e-003	1.256953e+000	1.269522e-010
4.383889090180812e-003	1.256926e+000	1.269495e-010
4.384889090180812e-003	1.256899e+000	1.269468e-010
4.385889090180812e-003	1.256872e+000	1.269441e-010
4.386889090180812e-003	1.256845e+000	1.269413e-010
4.387889090180812e-003	1.256818e+000	1.269386e-010
4.388889090180813e-003	1.256791e+000	1.269359e-010
4.389889090180813e-003	1.256764e+000	1.269332e-010
4.390889090180812e-003	1.256737e+000	1.269305e-010
4.391889090180812e-003	1.256710e+000	1.269277e-010
4.392889090180812e-003	1.256683e+000	1.269250e-010
4.393889090180812e-003	1.256656e+000	1.269223e-010
4.394889090180812e-003	1.256629e+000	1.269196e-010
4.395889090180813e-003	1.256602e+000	1.269168e-010
4.396889090180813e-003	1.256575e+000	1.269141e-010
4.397889090180812e-003	1.256548e+000	1.269114e-010
4.398889090180812e-003	1.256521e+000	1.269087e-010
4.399889090180812e-003	1.256494e+000	1.269059e-010
4.400889090180812e-003	1.256467e+000	1.269032e-010
4.401889090180812e-003	1.256441e+000	1.269005e-010
4.402889090180813e-003	1.256414e+000	1.268978e-010
4.403889090180812e-003	1.256387e+000	1.268951e-010
4.404889090180812e-003	1.256360e+000	1.268923e-010
4.405889090180812e-003	1.256333e+000	1.268896e-010
4.406889090180812e-003	1.256306e+000	1.268869e-010
4.407889090180812e-003	1.256279e+000	1.268842e-010
4.408889090180813e-003	1.256252e+000	1.268814e-010
4.409889090180813e-003	1.256225e+000	1.268787e-010
4.410889090180812e-003	1.256198e+000	1.268760e-010
4.411889090180812e-003	1.256171e+000	1.268733e-010
4.412889090180812e-003	1.256144e+000	1.268705e-010
4.413889090180812e-003	1.256117e+000	1.268678e-010
4.414889090180812e-003	1.256090e+000	1.268651e-010
4.415889090180813e-003	1.256063e+000	1.268624e-010
4.416889090180812e-003	1.256036e+000	1.268597e-010
4.417889090180812e-003	1.256009e+000	1.268569e-010
4.418889090180812e-003	1.255982e+000	1.268542e-010
4.419889090180812e-003	1.255955e+000	1.268515e-010
4.420889090180812e-003	1.255929e+000	1.268488e-010
4.421889090180813e-003	1.255901e+000	1.268461e-010
4.422889090180813e-003	1.255875e+000	1.268433e-010
4.423889090180812e-003	1.255848e+000	1.268406e-010
4.424889090180812e-003	1.255821e+000	1.268379e-010
4.425889090180812e-003	1.255794e+000	1.268352e-010
4.426889090180812e-003	1.255767e+000	1.268324e-010
4.427889090180812e-003	1.255740e+000	1.268297e-010
4.428889090180813e-003	1.255713e+000	1.268270e-010
4.429889090180812e-003	1.255686e+000	1.268243e-010
4.430889090180812e-003	1.255659e+000	1.268216e-010
4.432889090180812e-003	1.255605e+000	1.268161e-010
4.433889090180812e-003	1.255578e+000	1.268134e-010
4.434889090180813e-003	1.255551e+000	1.268107e-010
4.435889090180813e-003	1.255524e+000	1.268080e-010
4.436889090180812e-003	1.255497e+000	1.268052e-010
4.437889090180812e-003	1.255470e+000	1.268025e-010
4.438889090180812e-003	1.255443e+000	1.267998e-010
4.439889090180812e-003	1.255417e+000	1.267971e-010
4.440889090180812e-003	1.255390e+000	1.267944e-010
4.441889090180813e-003	1.255363e+000	1.267916e-010
4.442889090180812e-003	1.255336e+000	1.267889e-010
4.444889090180812e-003	1.255282e+000	1.267835e-010
4.445889090180812e-003	1.255255e+000	1.267808e-010
4.446889090180812e-003	1.255228e+000	1.267780e-010
4.447889090180813e-003	1.255201e+000	1.267753e-010
4.448889090180813e-003	1.255174e+000	1.267726e-010
4.449889090180812e-003	1.255147e+000	1.267699e-010
4.450889090180812e-003	1.255120e+000	1.267672e-010
4.451889090180812e-003	1.255093e+000	1.267644e-010
4.452889090180812e-003	1.255066e+000	1.267617e-010
4.453889090180812e-003	1.255039e+000	1.267590e-010
4.454889090180813e-003	1.255013e+000	1.267563e-010
4.456889090180812e-003	1.254959e+000	1.267508e-010
4.457889090180812e-003	1.254932e+000	1.267481e-010
4.458889090180812e-003	1.254905e+000	1.267454e-010
4.459889090180812e-003	1.254878e+000	1.267427e-010
4.460889090180813e-003	1.254851e+000	1.267400e-010
4.461889090180813e-003	1.254824e+000	1.267372e-010
4.462889090180812e-003	1.254797e+000	1.267345e-010
4.463889090180812e-003	1.254770e+000	1.267318e-010
4.464889090180812e-003	1.254743e+000	1.267291e-010
4.465889090180812e-003	1.254716e+000	1.267264e-010
4.466889090180812e-003	1.254689e+000	1.267236e-010
4.468889090180813e-003	1.254636e+000	1.267182e-010
4.469889090180812e-003	1.254609e+000	1.267155e-010
4.470889090180812e-003	1.254582e+000	1.267128e-010
4.471889090180812e-003	1.254555e+000	1.267100e-010
4.472889090180812e-003	1.254528e+000	1.267073e-010
4.473889090180813e-003	1.254501e+000	1.267046e-010
4.474889090180813e-003	1.254474e+000	1.267019e-010
4.475889090180812e-003	1.254447e+000	1.266992e-010
4.476889090180812e-003	1.254420e+000	1.266965e-010
4.477889090180812e-003	1.254393e+000	1.266937e-010
4.478889090180812e-003	1.254367e+000	1.266910e-010
4.480889090180813e-003	1.254313e+000	1.266856e-010
4.481889090180813e-003	1.254286e+000	1.266829e-010
4.482889090180812e-003	1.254259e+000	1.266801e-010
4.483889090180812e-003	1.254232e+000	1.266774e-010
4.484889090180812e-003	1.254205e+000	1.266747e-010
4.485889090180812e-003	1.254178e+000	1.266720e-010
4.486889090180813e-003	1.254151e+000	1.266693e-010
4.487889090180813e-003	1.254124e+000	1.266666e-010
4.488889090180812e-003	1.254097e+000	1.266638e-010
4.489889090180812e-003	1.254071e+000	1.266611e-010
4.490889090180812e-003	1.254044e+000	1.266584e-010
4.492889090180812e-003	1.253990e+000	1.266530e-010
4.493889090180813e-003	1.253963e+000	1.266502e-010
4.494889090180813e-003	1.253936e+000	1.266475e-010
4.495889090180812e-003	1.253909e+000	1.266448e-010
4.496889090180812e-003	1.253882e+000	1.266421e-010
4.497889090180812e-003	1.253855e+000	1.266394e-010
4.498889090180812e-003	1.253828e+000	1.266367e-010
4.499889090180812e-003	1.253801e+000	1.266340e-010
4.500889090180813e-003	1.253775e+000	1.266312e-010
4.501889090180812e-003	1.253748e+000	1.266285e-010
4.503889090180812e-003	1.253694e+000	1.266231e-010
4.505889090180812e-003	1.253640e+000	1.266176e-010
4.506889090180813e-003	1.253613e+000	1.266149e-010
4.507889090180813e-003	1.253586e+000	1.266122e-010
4.508889090180812e-003	1.253559e+000	1.266095e-010
4.509889090180812e-003	1.253533e+000	1.266068e-010
4.510889090180812e-003	1.253506e+000	1.266041e-010
4.511889090180812e-003	1.253479e+000	1.266013e-010
4.512889090180812e-003	1.253452e+000	1.265986e-010
4.513889090180813e-003	1.253425e+000	1.265959e-010
4.515889090180812e-003	1.253371e+000	1.265905e-010
4.517889090180812e-003	1.253317e+000	1.265850e-010
4.518889090180812e-003	1.253291e+000	1.265823e-010
4.519889090180813e-003	1.253264e+000	1.265796e-010
4.520889090180813e-003	1.253237e+000	1.265769e-010
4.521889090180812e-003	1.253210e+000	1.265742e-010
4.522889090180812e-003	1.253183e+000	1.265715e-010
4.523889090180812e-003	1.253156e+000	1.265688e-010
4.524889090180812e-003	1.253129e+000	1.265660e-010
4.525889090180812e-003	1.253102e+000	1.265633e-010
4.527889090180812e-003	1.253049e+000	1.265579e-010
4.529889090180812e-003	1.252995e+000	1.265525e-010
4.530889090180812e-003	1.252968e+000	1.265498e-010
4.531889090180812e-003	1.252941e+000	1.265470e-010
4.532889090180813e-003	1.252914e+000	1.265443e-010
4.533889090180813e-003	1.252887e+000	1.265416e-010
4.534889090180812e-003	1.252860e+000	1.265389e-010
4.535889090180812e-003	1.252833e+000	1.265362e-010
4.536889090180812e-003	1.252807e+000	1.265335e-010
4.537889090180812e-003	1.252780e+000	1.265307e-010
4.539889090180813e-003	1.252726e+000	1.265253e-010
4.541889090180812e-003	1.252672e+000	1.265199e-010
4.542889090180812e-003	1.252645e+000	1.265172e-010
4.543889090180812e-003	1.252618e+000	1.265145e-010
4.544889090180812e-003	1.252591e+000	1.265117e-010
4.545889090180813e-003	1.252565e+000	1.265090e-010
4.546889090180813e-003	1.252538e+000	1.265063e-010
4.547889090180812e-003	1.252511e+000	1.265036e-010
4.548889090180812e-003	1.252484e+000	1.265009e-010
4.550889090180812e-003	1.252430e+000	1.264955e-010
4.551603375895098e-003	1.252411e+000	1.264935e-010
4.552317661609384e-003	1.252392e+000	1.264916e-010
4.553031947323669e-003	1.252373e+000	1.264897e-010
4.553746233037955e-003	1.252353e+000	1.264877e-010
4.554460518752241e-003	1.252334e+000	1.264858e-010
4.555174804466527e-003	1.252315e+000	1.264838e-010
4.555889090180812e-003	1.252296e+000	1.264819e-010
4.556889090180812e-003	1.252269e+000	1.264792e-010
4.557889090180812e-003	1.252242e+000	1.264765e-010
4.558889090180813e-003	1.252215e+000	1.264737e-010
4.559889090180813e-003	1.252188e+000	1.264710e-010
4.560889090180812e-003	1.252162e+000	1.264683e-010
4.562889090180812e-003	1.252108e+000	1.264629e-010
4.563746233037955e-003	1.252085e+000	1.264606e-010
4.564603375895098e-003	1.252062e+000	1.264583e-010
4.565460518752240e-003	1.252039e+000	1.264559e-010
4.566317661609384e-003	1.252016e+000	1.264536e-010
4.567174804466527e-003	1.251993e+000	1.264513e-010
4.568031947323669e-003	1.251970e+000	1.264489e-010
4.568889090180812e-003	1.251947e+000	1.264466e-010
4.569889090180812e-003	1.251920e+000	1.264439e-010
4.570889090180812e-003	1.251893e+000	1.264412e-010
4.572889090180813e-003	1.251839e+000	1.264358e-010
4.574889090180812e-003	1.251786e+000	1.264303e-010
4.575746233037955e-003	1.251763e+000	1.264280e-010
4.576603375895097e-003	1.251740e+000	1.264257e-010
4.577460518752240e-003	1.251717e+000	1.264234e-010
4.578317661609384e-003	1.251694e+000	1.264210e-010
4.579174804466527e-003	1.251671e+000	1.264187e-010
4.580031947323669e-003	1.251648e+000	1.264164e-010
4.580889090180812e-003	1.251624e+000	1.264141e-010
4.582889090180812e-003	1.251571e+000	1.264086e-010
4.584889090180812e-003	1.251517e+000	1.264032e-010
4.586889090180812e-003	1.251463e+000	1.263978e-010
4.587889090180812e-003	1.251437e+000	1.263951e-010
4.588889090180812e-003	1.251410e+000	1.263924e-010
4.589889090180812e-003	1.251383e+000	1.263897e-010
4.590889090180812e-003	1.251356e+000	1.263869e-010
4.591889090180812e-003	1.251329e+000	1.263842e-010
4.592889090180812e-003	1.251302e+000	1.263815e-010
4.593889090180812e-003	1.251275e+000	1.263788e-010
4.595889090180812e-003	1.251222e+000	1.263734e-010
4.597889090180812e-003	1.251168e+000	1.263680e-010
4.598889090180813e-003	1.251141e+000	1.263653e-010
4.599889090180813e-003	1.251114e+000	1.263625e-010
4.600889090180813e-003	1.251087e+000	1.263598e-010
4.601889090180812e-003	1.251061e+000	1.263571e-010
4.602889090180812e-003	1.251034e+000	1.263544e-010
4.603889090180812e-003	1.251007e+000	1.263517e-010
4.604889090180813e-003	1.250980e+000	1.263490e-010
4.606889090180812e-003	1.250926e+000	1.263436e-010
4.608889090180812e-003	1.250873e+000	1.263381e-010
4.611889090180813e-003	1.250792e+000	1.263300e-010
4.613031947323669e-003	1.250762e+000	1.263269e-010
4.614174804466527e-003	1.250731e+000	1.263238e-010
4.615317661609384e-003	1.250700e+000	1.263207e-010
4.616460518752241e-003	1.250670e+000	1.263176e-010
4.617603375895098e-003	1.250639e+000	1.263145e-010
4.618746233037955e-003	1.250608e+000	1.263114e-010
4.619889090180812e-003	1.250578e+000	1.263083e-010
4.622889090180812e-003	1.250497e+000	1.263002e-010
4.624031947323670e-003	1.250466e+000	1.262971e-010
4.625174804466527e-003	1.250436e+000	1.262940e-010
4.626317661609384e-003	1.250405e+000	1.262909e-010
4.627460518752241e-003	1.250374e+000	1.262878e-010
4.628603375895098e-003	1.250344e+000	1.262847e-010
4.629746233037955e-003	1.250313e+000	1.262816e-010
4.630889090180813e-003	1.250283e+000	1.262785e-010
4.633889090180812e-003	1.250202e+000	1.262704e-010
4.635031947323670e-003	1.250171e+000	1.262673e-010
4.636174804466526e-003	1.250141e+000	1.262642e-010
4.637317661609384e-003	1.250110e+000	1.262611e-010
4.638460518752240e-003	1.250079e+000	1.262580e-010
4.639603375895098e-003	1.250049e+000	1.262549e-010
4.640746233037955e-003	1.250018e+000	1.262518e-010
4.641889090180812e-003	1.249987e+000	1.262487e-010
4.644889090180813e-003	1.249907e+000	1.262406e-010
4.646174804466527e-003	1.249873e+000	1.262371e-010
4.647460518752241e-003	1.249838e+000	1.262336e-010
4.648746233037955e-003	1.249804e+000	1.262302e-010
4.650031947323670e-003	1.249769e+000	1.262267e-010
4.651317661609384e-003	1.249735e+000	1.262232e-010
4.652603375895098e-003	1.249700e+000	1.262197e-010
4.653889090180812e-003	1.249666e+000	1.262162e-010
4.656889090180813e-003	1.249585e+000	1.262081e-010
4.658174804466527e-003	1.249551e+000	1.262046e-010
4.659460518752241e-003	1.249516e+000	1.262011e-010
4.660746233037955e-003	1.249482e+000	1.261977e-010
4.662031947323670e-003	1.249447e+000	1.261942e-010
4.663317661609384e-003	1.249413e+000	1.261907e-010
4.664603375895098e-003	1.249378e+000	1.261872e-010
4.665889090180812e-003	1.249344e+000	1.261838e-010
4.667317661609383e-003	1.249306e+000	1.261799e-010
4.668746233037955e-003	1.249267e+000	1.261760e-010
4.670174804466526e-003	1.249229e+000	1.261721e-010
4.671603375895098e-003	1.249191e+000	1.261683e-010
4.673031947323669e-003	1.249153e+000	1.261644e-010
4.674460518752241e-003	1.249114e+000	1.261605e-010
4.675889090180812e-003	1.249076e+000	1.261567e-010
4.677603375895098e-003	1.249030e+000	1.261520e-010
4.679317661609384e-003	1.248984e+000	1.261474e-010
4.681031947323670e-003	1.248938e+000	1.261428e-010
4.682746233037955e-003	1.248892e+000	1.261381e-010
4.684460518752241e-003	1.248846e+000	1.261335e-010
4.686174804466527e-003	1.248800e+000	1.261288e-010
4.687889090180812e-003	1.248755e+000	1.261242e-010
4.689603375895098e-003	1.248709e+000	1.261196e-010
4.691317661609384e-003	1.248663e+000	1.261149e-010
4.693031947323669e-003	1.248617e+000	1.261103e-010
4.694746233037955e-003	1.248571e+000	1.261057e-010
4.696460518752240e-003	1.248525e+000	1.261010e-010
4.698174804466527e-003	1.248479e+000	1.260964e-010
4.699889090180812e-003	1.248433e+000	1.260917e-010
4.701746233037955e-003	1.248383e+000	1.260867e-010
4.703603375895098e-003	1.248334e+000	1.260817e-010
4.705460518752241e-003	1.248284e+000	1.260767e-010
4.707317661609384e-003	1.248234e+000	1.260716e-010
4.709174804466526e-003	1.248184e+000	1.260666e-010
4.711031947323669e-003	1.248135e+000	1.260616e-010
4.712889090180812e-003	1.248085e+000	1.260566e-010
4.714746233037955e-003	1.248035e+000	1.260516e-010
4.716603375895098e-003	1.247985e+000	1.260465e-010
4.718460518752241e-003	1.247936e+000	1.260415e-010
4.720317661609384e-003	1.247886e+000	1.260365e-010
4.722174804466526e-003	1.247836e+000	1.260315e-010
4.724031947323669e-003	1.247787e+000	1.260264e-010
4.725889090180812e-003	1.247737e+000	1.260214e-010
4.727889090180812e-003	1.247683e+000	1.260160e-010
4.729889090180812e-003	1.247630e+000	1.260106e-010
4.731889090180812e-003	1.247576e+000	1.260052e-010
4.733889090180812e-003	1.247523e+000	1.259998e-010
4.735889090180813e-003	1.247469e+000	1.259944e-010
4.737889090180812e-003	1.247416e+000	1.259890e-010
4.739889090180812e-003	1.247362e+000	1.259836e-010
4.742174804466526e-003	1.247301e+000	1.259774e-010
4.744460518752241e-003	1.247240e+000	1.259712e-010
4.746746233037955e-003	1.247179e+000	1.259650e-010
4.749031947323670e-003	1.247117e+000	1.259589e-010
4.751317661609384e-003	1.247056e+000	1.259527e-010
4.753603375895098e-003	1.246995e+000	1.259465e-010
4.755889090180813e-003	1.246934e+000	1.259403e-010
4.758889090180812e-003	1.246854e+000	1.259322e-010
4.761889090180813e-003	1.246774e+000	1.259241e-010
4.764889090180812e-003	1.246693e+000	1.259160e-010
4.767889090180813e-003	1.246613e+000	1.259079e-010
4.770889090180812e-003	1.246533e+000	1.258998e-010
4.773889090180812e-003	1.246453e+000	1.258917e-010
4.776889090180812e-003	1.246372e+000	1.258836e-010
4.780603375895098e-003	1.246273e+000	1.258736e-010
4.784317661609383e-003	1.246174e+000	1.258636e-010
4.788031947323669e-003	1.246074e+000	1.258535e-010
4.791746233037955e-003	1.245975e+000	1.258435e-010
4.795460518752241e-003	1.245876e+000	1.258335e-010
4.799174804466526e-003	1.245777e+000	1.258234e-010
4.802889090180812e-003	1.245677e+000	1.258134e-010
4.807317661609384e-003	1.245559e+000	1.258015e-010
4.811746233037955e-003	1.245441e+000	1.257895e-010
4.816174804466527e-003	1.245322e+000	1.257776e-010
4.820603375895098e-003	1.245204e+000	1.257656e-010
4.825031947323670e-003	1.245086e+000	1.257537e-010
4.829460518752241e-003	1.244967e+000	1.257417e-010
4.833889090180813e-003	1.244849e+000	1.257298e-010
4.886889090180813e-003	1.243435e+000	1.255869e-010
4.997889090180813e-003	1.240477e+000	1.252882e-010
4.998889090180813e-003	1.240451e+000	1.252855e-010
4.999000000000000e-003	1.240448e+000	1.252852e-010
4.999221819638375e-003	1.240442e+000	1.252846e-010
4.999556360723250e-003	1.240433e+000	1.252837e-010
5.000000000000000e-003	1.240421e+000	1.252825e-010
5.000887278553501e-003	1.240397e+000	1.252801e-010
5.907887278553502e-003	1.216499e+000	1.228664e-010
6.931887278553502e-003	1.190076e+000	1.201977e-010
6.998887278553502e-003	1.188368e+000	1.200252e-010
6.999887278553502e-003	1.188342e+000	1.200226e-010
7.000000000000000e-003	1.188341e+000	1.200224e-010
