time	V(vout)	-I(Rl)
0.000000000000000e+000	1.027415e+000	1.037689e-010
9.999999960041972e-012	1.027415e+000	1.037689e-010
1.124999995504722e-011	1.027415e+000	1.037689e-010
1.374999994505771e-011	1.027415e+000	1.037689e-010
1.437744134880058e-011	1.027415e+000	1.037689e-010
1.014377441348801e-009	1.027415e+000	1.045395e-010
2.014377441348801e-009	1.027415e+000	1.046251e-010
4.014377441348801e-009	1.027415e+000	1.041114e-010
8.014377441348801e-009	1.027415e+000	1.037689e-010
1.601437744134880e-008	1.027415e+000	1.037689e-010
6.401437744134881e-008	1.027415e+000	1.037689e-010
1.280143774413488e-007	1.027415e+000	1.037689e-010
2.560143774413488e-007	1.027415e+000	1.037689e-010
5.120143774413488e-007	1.027415e+000	1.037689e-010
1.024014377441349e-006	1.027415e+000	1.037689e-010
2.024014377441349e-006	1.027415e+000	1.037689e-010
3.024014377441349e-006	1.027415e+000	1.037689e-010
4.024014377441349e-006	1.027415e+000	1.037689e-010
8.024014377441349e-006	1.027415e+000	1.037689e-010
9.024014377441349e-006	1.027415e+000	1.037689e-010
1.002401437744135e-005	1.027415e+000	1.037689e-010
1.102401437744135e-005	1.027415e+000	1.037689e-010
1.202401437744135e-005	1.027415e+000	1.037689e-010
1.302401437744135e-005	1.027415e+000	1.037689e-010
1.402401437744135e-005	1.027415e+000	1.037689e-010
1.502401437744135e-005	1.027415e+000	1.037689e-010
1.702401437744135e-005	1.027415e+000	1.037689e-010
2.002401437744135e-005	1.027415e+000	1.037689e-010
2.102401437744135e-005	1.027415e+000	1.037689e-010
2.202401437744135e-005	1.027415e+000	1.037689e-010
2.302401437744135e-005	1.027415e+000	1.037689e-010
2.402401437744135e-005	1.027415e+000	1.037689e-010
2.502401437744135e-005	1.027415e+000	1.037689e-010
2.602401437744135e-005	1.027415e+000	1.037689e-010
2.702401437744135e-005	1.027415e+000	1.037689e-010
2.902401437744135e-005	1.027415e+000	1.037689e-010
3.202401437744135e-005	1.027415e+000	1.037689e-010
3.402401437744135e-005	1.027415e+000	1.037689e-010
3.502401437744135e-005	1.027415e+000	1.037689e-010
3.602401437744135e-005	1.027415e+000	1.037689e-010
3.702401437744135e-005	1.027415e+000	1.037689e-010
3.802401437744135e-005	1.027415e+000	1.037689e-010
4.002401437744135e-005	1.027415e+000	1.037689e-010
4.088115723458421e-005	1.027415e+000	1.037689e-010
4.173830009172706e-005	1.027415e+000	1.037689e-010
4.259544294886992e-005	1.027415e+000	1.037689e-010
4.345258580601278e-005	1.027415e+000	1.037689e-010
4.430972866315564e-005	1.027415e+000	1.037689e-010
4.516687152029850e-005	1.027415e+000	1.037689e-010
4.602401437744135e-005	1.027415e+000	1.037689e-010
4.802401437744135e-005	1.027415e+000	1.037689e-010
5.002401437744135e-005	1.027415e+000	1.037689e-010
5.202401437744135e-005	1.027415e+000	1.037689e-010
5.288115723458421e-005	1.027415e+000	1.037689e-010
5.373830009172707e-005	1.027415e+000	1.037689e-010
5.459544294886992e-005	1.027415e+000	1.037689e-010
5.545258580601278e-005	1.027415e+000	1.037689e-010
5.630972866315564e-005	1.027415e+000	1.037689e-010
5.716687152029849e-005	1.027415e+000	1.037689e-010
5.802401437744135e-005	1.027415e+000	1.037689e-010
6.002401437744135e-005	1.027415e+000	1.037689e-010
6.202401437744135e-005	1.027415e+000	1.037689e-010
6.402401437744135e-005	1.027415e+000	1.037689e-010
6.502401437744134e-005	1.027415e+000	1.037689e-010
6.602401437744135e-005	1.027415e+000	1.037689e-010
6.702401437744135e-005	1.027415e+000	1.037689e-010
6.802401437744135e-005	1.027415e+000	1.037689e-010
6.902401437744136e-005	1.027415e+000	1.037689e-010
7.002401437744136e-005	1.027415e+000	1.037689e-010
7.102401437744135e-005	1.027415e+000	1.037689e-010
7.302401437744135e-005	1.027415e+000	1.037689e-010
7.502401437744135e-005	1.027415e+000	1.037689e-010
7.802401437744135e-005	1.027415e+000	1.037689e-010
7.916687152029850e-005	1.027415e+000	1.037689e-010
8.030972866315563e-005	1.027415e+000	1.037689e-010
8.145258580601278e-005	1.027415e+000	1.037689e-010
8.259544294886992e-005	1.027415e+000	1.037689e-010
8.373830009172707e-005	1.027415e+000	1.037689e-010
8.488115723458422e-005	1.027415e+000	1.037689e-010
8.602401437744135e-005	1.027415e+000	1.037689e-010
8.902401437744134e-005	1.027415e+000	1.037689e-010
9.016687152029849e-005	1.027415e+000	1.037689e-010
9.130972866315563e-005	1.027415e+000	1.037689e-010
9.245258580601278e-005	1.027415e+000	1.037689e-010
9.359544294886991e-005	1.027415e+000	1.037689e-010
9.473830009172706e-005	1.027415e+000	1.037689e-010
9.588115723458421e-005	1.027415e+000	1.037689e-010
9.702401437744135e-005	1.027415e+000	1.037689e-010
1.000240143774414e-004	1.027415e+000	1.037689e-010
1.011668715202985e-004	1.027415e+000	1.037689e-010
1.023097286631556e-004	1.027415e+000	1.037689e-010
1.034525858060128e-004	1.027415e+000	1.037689e-010
1.045954429488699e-004	1.027415e+000	1.037689e-010
1.057383000917271e-004	1.027415e+000	1.037689e-010
1.068811572345842e-004	1.027415e+000	1.037689e-010
1.080240143774413e-004	1.027415e+000	1.037689e-010
1.110240143774414e-004	1.027415e+000	1.037689e-010
1.121668715202985e-004	1.027415e+000	1.037689e-010
1.133097286631556e-004	1.027415e+000	1.037689e-010
1.144525858060128e-004	1.027415e+000	1.037689e-010
1.155954429488699e-004	1.027415e+000	1.037689e-010
1.167383000917271e-004	1.027415e+000	1.037689e-010
1.178811572345842e-004	1.027415e+000	1.037689e-010
1.190240143774414e-004	1.027415e+000	1.037689e-010
1.220240143774413e-004	1.027415e+000	1.037689e-010
1.233097286631556e-004	1.027415e+000	1.037689e-010
1.245954429488699e-004	1.027415e+000	1.037689e-010
1.258811572345842e-004	1.027415e+000	1.037689e-010
1.271668715202985e-004	1.027415e+000	1.037689e-010
1.284525858060128e-004	1.027415e+000	1.037689e-010
1.297383000917271e-004	1.027415e+000	1.037689e-010
1.310240143774414e-004	1.027415e+000	1.037689e-010
1.340240143774414e-004	1.027415e+000	1.037689e-010
1.353097286631556e-004	1.027415e+000	1.037689e-010
1.365954429488699e-004	1.027415e+000	1.037689e-010
1.378811572345842e-004	1.027415e+000	1.037689e-010
1.391668715202985e-004	1.027415e+000	1.037689e-010
1.404525858060128e-004	1.027415e+000	1.037689e-010
1.417383000917271e-004	1.027415e+000	1.037689e-010
1.430240143774414e-004	1.027415e+000	1.037689e-010
1.445954429488699e-004	1.027415e+000	1.037689e-010
1.461668715202985e-004	1.027415e+000	1.037689e-010
1.477383000917271e-004	1.027415e+000	1.037689e-010
1.493097286631556e-004	1.027415e+000	1.037689e-010
1.508811572345842e-004	1.027415e+000	1.037689e-010
1.524525858060128e-004	1.027415e+000	1.037689e-010
1.540240143774414e-004	1.027415e+000	1.037689e-010
1.557383000917271e-004	1.027415e+000	1.037689e-010
1.574525858060128e-004	1.027415e+000	1.037689e-010
1.591668715202985e-004	1.027415e+000	1.037689e-010
1.608811572345842e-004	1.027415e+000	1.037689e-010
1.625954429488699e-004	1.027415e+000	1.037689e-010
1.643097286631556e-004	1.027415e+000	1.037689e-010
1.660240143774413e-004	1.027415e+000	1.037689e-010
1.678811572345842e-004	1.027415e+000	1.037689e-010
1.697383000917271e-004	1.027415e+000	1.037689e-010
1.715954429488699e-004	1.027415e+000	1.037689e-010
1.734525858060128e-004	1.027415e+000	1.037689e-010
1.753097286631557e-004	1.027415e+000	1.037689e-010
1.771668715202985e-004	1.027415e+000	1.037689e-010
1.790240143774414e-004	1.027415e+000	1.037689e-010
1.808811572345842e-004	1.027415e+000	1.037689e-010
1.827383000917271e-004	1.027415e+000	1.037689e-010
1.845954429488699e-004	1.027415e+000	1.037689e-010
1.864525858060128e-004	1.027415e+000	1.037689e-010
1.883097286631556e-004	1.027415e+000	1.037689e-010
1.901668715202985e-004	1.027415e+000	1.037689e-010
1.920240143774414e-004	1.027415e+000	1.037689e-010
1.940240143774414e-004	1.027415e+000	1.037689e-010
1.960240143774413e-004	1.027415e+000	1.037689e-010
1.980240143774413e-004	1.027415e+000	1.037689e-010
2.000240143774414e-004	1.027415e+000	1.037689e-010
2.020240143774414e-004	1.027415e+000	1.037689e-010
2.040240143774414e-004	1.027415e+000	1.037689e-010
2.060240143774413e-004	1.027415e+000	1.037689e-010
2.081668715202985e-004	1.027415e+000	1.037689e-010
2.103097286631556e-004	1.027415e+000	1.037689e-010
2.124525858060128e-004	1.027415e+000	1.037689e-010
2.145954429488699e-004	1.027415e+000	1.037689e-010
2.167383000917271e-004	1.027415e+000	1.037689e-010
2.188811572345842e-004	1.027415e+000	1.037689e-010
2.210240143774414e-004	1.027415e+000	1.037689e-010
2.240240143774413e-004	1.027415e+000	1.037689e-010
2.270240143774414e-004	1.027415e+000	1.037689e-010
2.300240143774414e-004	1.027415e+000	1.037689e-010
2.330240143774414e-004	1.027415e+000	1.037689e-010
2.360240143774414e-004	1.027415e+000	1.037689e-010
2.390240143774414e-004	1.027415e+000	1.037689e-010
2.420240143774414e-004	1.027415e+000	1.037689e-010
2.458811572345842e-004	1.027415e+000	1.037689e-010
2.497383000917271e-004	1.027415e+000	1.037689e-010
2.535954429488699e-004	1.027415e+000	1.037689e-010
2.574525858060128e-004	1.027415e+000	1.037689e-010
2.613097286631556e-004	1.027415e+000	1.037689e-010
2.651668715202985e-004	1.027415e+000	1.037689e-010
2.690240143774413e-004	1.027415e+000	1.037689e-010
2.728811572345842e-004	1.027415e+000	1.037689e-010
2.767383000917270e-004	1.027415e+000	1.037689e-010
2.805954429488699e-004	1.027415e+000	1.037689e-010
2.844525858060128e-004	1.027415e+000	1.037689e-010
2.883097286631556e-004	1.027415e+000	1.037689e-010
2.921668715202985e-004	1.027415e+000	1.037689e-010
2.960240143774413e-004	1.027415e+000	1.037689e-010
3.975954429488700e-004	1.027415e+000	1.037689e-010
4.991668715202985e-004	1.027415e+000	1.037689e-010
6.007383000917272e-004	1.027415e+000	1.037689e-010
7.023097286631558e-004	1.027415e+000	1.037689e-010
8.038811572345843e-004	1.027415e+000	1.037689e-010
9.054525858060130e-004	1.027415e+000	1.037689e-010
1.007024014377441e-003	1.027415e+000	1.037689e-010
1.008024014377442e-003	1.027415e+000	1.037689e-010
1.999024014377441e-003	1.027415e+000	1.037689e-010
2.000000000000000e-003	1.027415e+000	1.037689e-010
2.000001979069283e-003	7.028533e-001	3.603816e-001
2.000005937207847e-003	5.328660e-001	5.328660e-001
2.000006711466634e-003	5.342484e-001	5.342484e-001
2.000007235177559e-003	5.342956e-001	5.342956e-001
2.000007719711716e-003	5.344299e-001	5.344299e-001
2.000007935058413e-003	5.342148e-001	5.342148e-001
2.000008064397152e-003	5.339488e-001	5.339488e-001
2.000008166650070e-003	5.340853e-001	5.340853e-001
2.000008279276449e-003	5.340713e-001	5.340713e-001
2.000008432915496e-003	5.340671e-001	5.340671e-001
2.000008740193588e-003	5.340562e-001	5.340562e-001
2.000009354749773e-003	5.340424e-001	5.340424e-001
2.000010583862142e-003	5.340636e-001	5.340636e-001
2.000012616114680e-003	5.342717e-001	5.342717e-001
2.000014756180987e-003	5.348076e-001	5.348076e-001
2.000017561423879e-003	5.360991e-001	5.360991e-001
2.000020935746213e-003	5.385500e-001	5.385500e-001
2.000026079512350e-003	5.437031e-001	5.437031e-001
2.000031779480007e-003	5.506395e-001	5.506395e-001
2.000037461619899e-003	5.582865e-001	5.582865e-001
2.000042757693732e-003	5.656540e-001	5.656540e-001
2.000048612038559e-003	5.737591e-001	5.737591e-001
2.000054965639210e-003	5.823051e-001	5.823051e-001
2.000062294311436e-003	5.917035e-001	5.917035e-001
2.000070508449531e-003	6.015662e-001	6.015662e-001
2.000080233838903e-003	6.122924e-001	6.122924e-001
2.000091705937185e-003	6.236782e-001	6.236782e-001
2.000105281045053e-003	6.356270e-001	6.356270e-001
2.000117529084956e-003	6.450319e-001	6.450319e-001
2.000133177484460e-003	6.554217e-001	6.554217e-001
2.000147814207038e-003	6.638634e-001	6.638634e-001
2.000160638671192e-003	6.703140e-001	6.703140e-001
2.000171908735455e-003	6.753142e-001	6.753142e-001
2.000184681087531e-003	6.803650e-001	6.803650e-001
2.000197519597285e-003	6.848997e-001	6.848997e-001
2.000215169821890e-003	6.904957e-001	6.904957e-001
2.000234297050291e-003	6.961863e-001	6.961863e-001
2.000255879184230e-003	7.030180e-001	7.030180e-001
2.000275650197345e-003	7.113948e-001	7.113948e-001
2.000295169577790e-003	7.246406e-001	7.246406e-001
2.000313737277247e-003	7.454876e-001	7.454876e-001
2.000332784412859e-003	7.777945e-001	7.777945e-001
2.000351319311903e-003	8.193895e-001	8.193895e-001
2.000371988781374e-003	8.726870e-001	8.726870e-001
2.000391917434932e-003	9.249276e-001	9.249276e-001
2.000404676148509e-003	9.562435e-001	9.562435e-001
2.000413833434969e-003	9.764003e-001	9.764003e-001
2.000422406705386e-003	9.930282e-001	9.930282e-001
2.000431508086005e-003	1.008158e+000	1.008158e+000
2.000441432172766e-003	1.021834e+000	1.021834e+000
2.000449028794232e-003	1.030096e+000	1.030096e+000
2.000457043606988e-003	1.036525e+000	1.036525e+000
2.000465418075561e-003	1.040541e+000	1.040541e+000
2.000482167012706e-003	1.042765e+000	1.042765e+000
2.000499753072760e-003	1.040174e+000	1.040174e+000
2.000514035427007e-003	1.035961e+000	1.035961e+000
2.000526013206378e-003	1.032568e+000	1.032568e+000
2.000537524880075e-003	1.030156e+000	1.030156e+000
2.000550251214610e-003	1.028162e+000	1.028162e+000
2.000564147716060e-003	1.026245e+000	1.026245e+000
2.000576704486964e-003	1.024498e+000	1.024498e+000
2.000591068803477e-003	1.022378e+000	1.022378e+000
2.000604123457873e-003	1.020319e+000	1.020319e+000
2.000619454815242e-003	1.017756e+000	1.017756e+000
2.000634880313820e-003	1.015052e+000	1.015052e+000
2.000653583335858e-003	1.011648e+000	1.011648e+000
2.000672918764221e-003	1.008037e+000	1.008037e+000
2.000690531779396e-003	1.004693e+000	1.004693e+000
2.000709216395036e-003	1.001115e+000	1.001115e+000
2.000728116391187e-003	9.974836e-001	9.974836e-001
2.000749925300237e-003	9.932984e-001	9.932984e-001
2.000775670919237e-003	9.883838e-001	9.883838e-001
2.000805961281505e-003	9.826530e-001	9.826530e-001
2.000832975565395e-003	9.776095e-001	9.776095e-001
2.000866068881668e-003	9.715390e-001	9.715390e-001
2.000897868493202e-003	9.658633e-001	9.658633e-001
2.000945783921805e-003	9.577954e-001	9.577954e-001
2.001020946091691e-003	9.467200e-001	9.467200e-001
2.001100704213690e-003	9.379908e-001	9.379908e-001
2.001163744399095e-003	9.348946e-001	9.348946e-001
2.001230323521534e-003	9.361269e-001	9.361269e-001
2.001276005324763e-003	9.396983e-001	9.396983e-001
2.001320285996792e-003	9.451772e-001	9.451772e-001
2.001367673346958e-003	9.522739e-001	9.522739e-001
2.001415084675204e-003	9.598885e-001	9.598885e-001
2.001474328763596e-003	9.692541e-001	9.692541e-001
2.001535124564237e-003	9.780769e-001	9.780769e-001
2.001599442536156e-003	9.862017e-001	9.862017e-001
2.001668064225722e-003	9.935280e-001	9.935280e-001
2.001733262798313e-003	9.992917e-001	9.992917e-001
2.001812392618619e-003	1.004910e+000	1.004910e+000
2.001929910403648e-003	1.011386e+000	1.011386e+000
2.002054754058360e-003	1.016435e+000	1.016435e+000
2.002194200358566e-003	1.020244e+000	1.020244e+000
2.002363545900130e-003	1.023054e+000	1.023054e+000
2.002627800214590e-003	1.025381e+000	1.025381e+000
2.002910490118740e-003	1.026541e+000	1.026541e+000
2.003188260601706e-003	1.026982e+000	1.026982e+000
2.003525330824724e-003	1.027162e+000	1.027162e+000
2.004038934101570e-003	1.027233e+000	1.027233e+000
2.004873849547505e-003	1.027248e+000	1.027248e+000
2.005873849547505e-003	1.027242e+000	1.027242e+000
2.006873849547505e-003	1.027236e+000	1.027236e+000
2.007873849547505e-003	1.027231e+000	1.027231e+000
2.008873849547505e-003	1.027226e+000	1.027226e+000
2.009873849547505e-003	1.027222e+000	1.027222e+000
2.010873849547505e-003	1.027218e+000	1.027218e+000
2.011873849547505e-003	1.027215e+000	1.027215e+000
2.012873849547505e-003	1.027212e+000	1.027212e+000
2.013873849547505e-003	1.027210e+000	1.027210e+000
2.014873849547505e-003	1.027207e+000	1.027207e+000
2.015873849547505e-003	1.027205e+000	1.027205e+000
2.016873849547505e-003	1.027203e+000	1.027203e+000
2.017873849547505e-003	1.027202e+000	1.027202e+000
2.018873849547505e-003	1.027200e+000	1.027200e+000
2.019873849547505e-003	1.027199e+000	1.027199e+000
2.020873849547505e-003	1.027198e+000	1.027198e+000
2.021873849547505e-003	1.027197e+000	1.027197e+000
2.022873849547505e-003	1.027196e+000	1.027196e+000
2.023873849547505e-003	1.027195e+000	1.027195e+000
2.024873849547505e-003	1.027195e+000	1.027195e+000
2.025873849547505e-003	1.027194e+000	1.027194e+000
2.026873849547505e-003	1.027194e+000	1.027194e+000
2.027873849547505e-003	1.027193e+000	1.027193e+000
2.028873849547505e-003	1.027193e+000	1.027193e+000
2.029873849547505e-003	1.027193e+000	1.027193e+000
2.030873849547505e-003	1.027193e+000	1.027193e+000
2.031873849547505e-003	1.027193e+000	1.027193e+000
2.032873849547505e-003	1.027192e+000	1.027192e+000
2.033873849547505e-003	1.027192e+000	1.027192e+000
2.034873849547505e-003	1.027192e+000	1.027192e+000
2.035873849547505e-003	1.027192e+000	1.027192e+000
2.036873849547505e-003	1.027193e+000	1.027193e+000
2.037873849547505e-003	1.027193e+000	1.027193e+000
2.038873849547505e-003	1.027193e+000	1.027193e+000
2.039873849547505e-003	1.027193e+000	1.027193e+000
2.040873849547505e-003	1.027193e+000	1.027193e+000
2.041873849547505e-003	1.027193e+000	1.027193e+000
2.042873849547505e-003	1.027193e+000	1.027193e+000
2.043873849547505e-003	1.027193e+000	1.027193e+000
2.044873849547505e-003	1.027194e+000	1.027194e+000
2.045873849547505e-003	1.027194e+000	1.027194e+000
2.046873849547505e-003	1.027194e+000	1.027194e+000
2.047873849547505e-003	1.027194e+000	1.027194e+000
2.048873849547505e-003	1.027194e+000	1.027194e+000
2.049873849547505e-003	1.027195e+000	1.027195e+000
2.050873849547505e-003	1.027195e+000	1.027195e+000
2.051873849547505e-003	1.027195e+000	1.027195e+000
2.052873849547505e-003	1.027195e+000	1.027195e+000
2.053873849547505e-003	1.027196e+000	1.027196e+000
2.054873849547505e-003	1.027196e+000	1.027196e+000
2.055873849547505e-003	1.027196e+000	1.027196e+000
2.056873849547505e-003	1.027196e+000	1.027196e+000
2.057873849547505e-003	1.027197e+000	1.027197e+000
2.058873849547505e-003	1.027197e+000	1.027197e+000
2.059873849547505e-003	1.027197e+000	1.027197e+000
2.060873849547505e-003	1.027197e+000	1.027197e+000
2.061873849547505e-003	1.027197e+000	1.027197e+000
2.062873849547505e-003	1.027198e+000	1.027198e+000
2.063873849547505e-003	1.027198e+000	1.027198e+000
2.064873849547505e-003	1.027198e+000	1.027198e+000
2.065873849547505e-003	1.027198e+000	1.027198e+000
2.066873849547505e-003	1.027199e+000	1.027199e+000
2.067873849547505e-003	1.027199e+000	1.027199e+000
2.068873849547505e-003	1.027199e+000	1.027199e+000
2.069873849547505e-003	1.027199e+000	1.027199e+000
2.070873849547505e-003	1.027200e+000	1.027200e+000
2.071873849547505e-003	1.027200e+000	1.027200e+000
2.072873849547505e-003	1.027200e+000	1.027200e+000
2.073873849547505e-003	1.027200e+000	1.027200e+000
2.074873849547505e-003	1.027200e+000	1.027200e+000
2.075873849547505e-003	1.027201e+000	1.027201e+000
2.076873849547505e-003	1.027201e+000	1.027201e+000
2.077873849547505e-003	1.027201e+000	1.027201e+000
2.078873849547505e-003	1.027201e+000	1.027201e+000
2.079873849547505e-003	1.027201e+000	1.027201e+000
2.080873849547505e-003	1.027202e+000	1.027202e+000
2.081873849547505e-003	1.027202e+000	1.027202e+000
2.082873849547505e-003	1.027202e+000	1.027202e+000
2.083873849547505e-003	1.027202e+000	1.027202e+000
2.084873849547505e-003	1.027202e+000	1.027202e+000
2.085873849547505e-003	1.027203e+000	1.027203e+000
2.086873849547505e-003	1.027203e+000	1.027203e+000
2.087873849547505e-003	1.027203e+000	1.027203e+000
2.088873849547505e-003	1.027203e+000	1.027203e+000
2.089873849547505e-003	1.027203e+000	1.027203e+000
2.090873849547505e-003	1.027204e+000	1.027204e+000
2.091873849547505e-003	1.027204e+000	1.027204e+000
2.092873849547505e-003	1.027204e+000	1.027204e+000
2.093873849547505e-003	1.027204e+000	1.027204e+000
2.094873849547505e-003	1.027204e+000	1.027204e+000
2.095873849547505e-003	1.027204e+000	1.027204e+000
2.096873849547505e-003	1.027205e+000	1.027205e+000
2.097873849547505e-003	1.027205e+000	1.027205e+000
2.098873849547505e-003	1.027205e+000	1.027205e+000
2.099873849547505e-003	1.027205e+000	1.027205e+000
2.100873849547505e-003	1.027205e+000	1.027205e+000
2.101873849547505e-003	1.027205e+000	1.027205e+000
2.102873849547505e-003	1.027206e+000	1.027206e+000
2.103873849547505e-003	1.027206e+000	1.027206e+000
2.104873849547505e-003	1.027206e+000	1.027206e+000
2.105873849547505e-003	1.027206e+000	1.027206e+000
2.106873849547505e-003	1.027206e+000	1.027206e+000
2.107873849547505e-003	1.027206e+000	1.027206e+000
2.108873849547505e-003	1.027206e+000	1.027206e+000
2.109873849547505e-003	1.027207e+000	1.027207e+000
2.110873849547505e-003	1.027207e+000	1.027207e+000
2.111873849547505e-003	1.027207e+000	1.027207e+000
2.112873849547505e-003	1.027207e+000	1.027207e+000
2.113873849547505e-003	1.027207e+000	1.027207e+000
2.114873849547505e-003	1.027207e+000	1.027207e+000
2.115873849547505e-003	1.027207e+000	1.027207e+000
2.116873849547505e-003	1.027208e+000	1.027208e+000
2.117873849547505e-003	1.027208e+000	1.027208e+000
2.118873849547505e-003	1.027208e+000	1.027208e+000
2.119873849547505e-003	1.027208e+000	1.027208e+000
2.120873849547505e-003	1.027208e+000	1.027208e+000
2.121873849547505e-003	1.027208e+000	1.027208e+000
2.122873849547505e-003	1.027208e+000	1.027208e+000
2.123873849547505e-003	1.027208e+000	1.027208e+000
2.124873849547505e-003	1.027209e+000	1.027209e+000
2.125873849547505e-003	1.027209e+000	1.027209e+000
2.126873849547505e-003	1.027209e+000	1.027209e+000
2.127873849547505e-003	1.027209e+000	1.027209e+000
2.128873849547505e-003	1.027209e+000	1.027209e+000
2.130873849547505e-003	1.027209e+000	1.027209e+000
2.131873849547505e-003	1.027209e+000	1.027209e+000
2.132873849547505e-003	1.027210e+000	1.027210e+000
2.133873849547505e-003	1.027210e+000	1.027210e+000
2.134873849547505e-003	1.027210e+000	1.027210e+000
2.135873849547505e-003	1.027210e+000	1.027210e+000
2.136873849547505e-003	1.027210e+000	1.027210e+000
2.137873849547505e-003	1.027210e+000	1.027210e+000
2.138873849547505e-003	1.027210e+000	1.027210e+000
2.139873849547505e-003	1.027210e+000	1.027210e+000
2.140873849547505e-003	1.027210e+000	1.027210e+000
2.141873849547505e-003	1.027210e+000	1.027210e+000
2.142873849547505e-003	1.027211e+000	1.027211e+000
2.143873849547505e-003	1.027211e+000	1.027211e+000
2.144873849547505e-003	1.027211e+000	1.027211e+000
2.145873849547505e-003	1.027211e+000	1.027211e+000
2.146873849547505e-003	1.027211e+000	1.027211e+000
2.147873849547505e-003	1.027211e+000	1.027211e+000
2.148873849547505e-003	1.027211e+000	1.027211e+000
2.149873849547505e-003	1.027211e+000	1.027211e+000
2.150873849547505e-003	1.027211e+000	1.027211e+000
2.151873849547505e-003	1.027211e+000	1.027211e+000
2.152873849547505e-003	1.027212e+000	1.027212e+000
2.153873849547505e-003	1.027212e+000	1.027212e+000
2.154873849547505e-003	1.027212e+000	1.027212e+000
2.155873849547505e-003	1.027212e+000	1.027212e+000
2.156873849547505e-003	1.027212e+000	1.027212e+000
2.157873849547505e-003	1.027212e+000	1.027212e+000
2.158873849547505e-003	1.027212e+000	1.027212e+000
2.159873849547505e-003	1.027212e+000	1.027212e+000
2.160873849547505e-003	1.027212e+000	1.027212e+000
2.161873849547505e-003	1.027212e+000	1.027212e+000
2.162873849547505e-003	1.027212e+000	1.027212e+000
2.163873849547505e-003	1.027213e+000	1.027213e+000
2.164873849547505e-003	1.027213e+000	1.027213e+000
2.165873849547505e-003	1.027213e+000	1.027213e+000
2.166873849547505e-003	1.027213e+000	1.027213e+000
2.167873849547505e-003	1.027213e+000	1.027213e+000
2.168873849547505e-003	1.027213e+000	1.027213e+000
2.169873849547505e-003	1.027213e+000	1.027213e+000
2.170873849547505e-003	1.027213e+000	1.027213e+000
2.171873849547505e-003	1.027213e+000	1.027213e+000
2.172873849547505e-003	1.027213e+000	1.027213e+000
2.173873849547505e-003	1.027213e+000	1.027213e+000
2.174873849547505e-003	1.027213e+000	1.027213e+000
2.175873849547505e-003	1.027213e+000	1.027213e+000
2.176873849547505e-003	1.027213e+000	1.027213e+000
2.177873849547505e-003	1.027214e+000	1.027214e+000
2.178873849547505e-003	1.027214e+000	1.027214e+000
2.179873849547505e-003	1.027214e+000	1.027214e+000
2.180873849547505e-003	1.027214e+000	1.027214e+000
2.181873849547505e-003	1.027214e+000	1.027214e+000
2.182873849547505e-003	1.027214e+000	1.027214e+000
2.183873849547505e-003	1.027214e+000	1.027214e+000
2.184873849547505e-003	1.027214e+000	1.027214e+000
2.185873849547505e-003	1.027214e+000	1.027214e+000
2.186873849547505e-003	1.027214e+000	1.027214e+000
2.187873849547505e-003	1.027214e+000	1.027214e+000
2.188873849547505e-003	1.027214e+000	1.027214e+000
2.189873849547505e-003	1.027214e+000	1.027214e+000
2.191873849547505e-003	1.027215e+000	1.027215e+000
2.192873849547505e-003	1.027215e+000	1.027215e+000
2.193873849547505e-003	1.027215e+000	1.027215e+000
2.194873849547505e-003	1.027215e+000	1.027215e+000
2.195873849547505e-003	1.027215e+000	1.027215e+000
2.196873849547505e-003	1.027215e+000	1.027215e+000
2.197873849547505e-003	1.027215e+000	1.027215e+000
2.198873849547505e-003	1.027215e+000	1.027215e+000
2.199873849547505e-003	1.027215e+000	1.027215e+000
2.200873849547505e-003	1.027215e+000	1.027215e+000
2.201873849547505e-003	1.027215e+000	1.027215e+000
2.203873849547505e-003	1.027215e+000	1.027215e+000
2.204873849547505e-003	1.027215e+000	1.027215e+000
2.205873849547505e-003	1.027215e+000	1.027215e+000
2.206873849547505e-003	1.027215e+000	1.027215e+000
2.207873849547505e-003	1.027215e+000	1.027215e+000
2.208873849547505e-003	1.027215e+000	1.027215e+000
2.209873849547505e-003	1.027215e+000	1.027215e+000
2.210873849547505e-003	1.027215e+000	1.027215e+000
2.211873849547505e-003	1.027216e+000	1.027216e+000
2.212873849547505e-003	1.027216e+000	1.027216e+000
2.213873849547505e-003	1.027216e+000	1.027216e+000
2.215873849547505e-003	1.027216e+000	1.027216e+000
2.216873849547505e-003	1.027216e+000	1.027216e+000
2.217873849547505e-003	1.027216e+000	1.027216e+000
2.218873849547505e-003	1.027216e+000	1.027216e+000
2.219873849547505e-003	1.027216e+000	1.027216e+000
2.220873849547505e-003	1.027216e+000	1.027216e+000
2.221873849547505e-003	1.027216e+000	1.027216e+000
2.222873849547505e-003	1.027216e+000	1.027216e+000
2.223873849547505e-003	1.027216e+000	1.027216e+000
2.224873849547505e-003	1.027216e+000	1.027216e+000
2.225873849547505e-003	1.027216e+000	1.027216e+000
2.227873849547505e-003	1.027216e+000	1.027216e+000
2.228873849547505e-003	1.027216e+000	1.027216e+000
2.229873849547505e-003	1.027216e+000	1.027216e+000
2.230873849547505e-003	1.027216e+000	1.027216e+000
2.231873849547505e-003	1.027216e+000	1.027216e+000
2.232873849547505e-003	1.027217e+000	1.027217e+000
2.233873849547505e-003	1.027217e+000	1.027217e+000
2.234873849547505e-003	1.027217e+000	1.027217e+000
2.235873849547505e-003	1.027217e+000	1.027217e+000
2.236873849547505e-003	1.027217e+000	1.027217e+000
2.237873849547505e-003	1.027217e+000	1.027217e+000
2.239873849547505e-003	1.027217e+000	1.027217e+000
2.240873849547505e-003	1.027217e+000	1.027217e+000
2.241873849547505e-003	1.027217e+000	1.027217e+000
2.242873849547505e-003	1.027217e+000	1.027217e+000
2.243873849547505e-003	1.027217e+000	1.027217e+000
2.244873849547505e-003	1.027217e+000	1.027217e+000
2.245873849547505e-003	1.027217e+000	1.027217e+000
2.246873849547505e-003	1.027217e+000	1.027217e+000
2.247873849547505e-003	1.027217e+000	1.027217e+000
2.248873849547505e-003	1.027217e+000	1.027217e+000
2.249873849547505e-003	1.027217e+000	1.027217e+000
2.250873849547505e-003	1.027217e+000	1.027217e+000
2.252873849547505e-003	1.027217e+000	1.027217e+000
2.253873849547505e-003	1.027217e+000	1.027217e+000
2.254873849547505e-003	1.027217e+000	1.027217e+000
2.255873849547505e-003	1.027217e+000	1.027217e+000
2.256873849547505e-003	1.027217e+000	1.027217e+000
2.257873849547505e-003	1.027217e+000	1.027217e+000
2.258873849547505e-003	1.027217e+000	1.027217e+000
2.259873849547505e-003	1.027218e+000	1.027218e+000
2.260873849547505e-003	1.027218e+000	1.027218e+000
2.261873849547505e-003	1.027218e+000	1.027218e+000
2.262873849547505e-003	1.027218e+000	1.027218e+000
2.264873849547505e-003	1.027218e+000	1.027218e+000
2.265873849547505e-003	1.027218e+000	1.027218e+000
2.266873849547505e-003	1.027218e+000	1.027218e+000
2.267873849547505e-003	1.027218e+000	1.027218e+000
2.268873849547505e-003	1.027218e+000	1.027218e+000
2.269873849547505e-003	1.027218e+000	1.027218e+000
2.270873849547505e-003	1.027218e+000	1.027218e+000
2.271873849547505e-003	1.027218e+000	1.027218e+000
2.272873849547505e-003	1.027218e+000	1.027218e+000
2.273873849547505e-003	1.027218e+000	1.027218e+000
2.274873849547505e-003	1.027218e+000	1.027218e+000
2.276873849547505e-003	1.027218e+000	1.027218e+000
2.277873849547505e-003	1.027218e+000	1.027218e+000
2.278873849547505e-003	1.027218e+000	1.027218e+000
2.279873849547505e-003	1.027218e+000	1.027218e+000
2.280873849547505e-003	1.027218e+000	1.027218e+000
2.281873849547505e-003	1.027218e+000	1.027218e+000
2.282873849547505e-003	1.027218e+000	1.027218e+000
2.283873849547505e-003	1.027218e+000	1.027218e+000
2.284873849547505e-003	1.027218e+000	1.027218e+000
2.285873849547505e-003	1.027218e+000	1.027218e+000
2.286873849547505e-003	1.027218e+000	1.027218e+000
2.288873849547505e-003	1.027218e+000	1.027218e+000
2.289873849547505e-003	1.027218e+000	1.027218e+000
2.290873849547505e-003	1.027218e+000	1.027218e+000
2.291873849547505e-003	1.027218e+000	1.027218e+000
2.292873849547505e-003	1.027218e+000	1.027218e+000
2.293873849547505e-003	1.027218e+000	1.027218e+000
2.294873849547505e-003	1.027218e+000	1.027218e+000
2.295873849547505e-003	1.027218e+000	1.027218e+000
2.296873849547505e-003	1.027218e+000	1.027218e+000
2.297873849547505e-003	1.027218e+000	1.027218e+000
2.298873849547505e-003	1.027218e+000	1.027218e+000
2.301873849547505e-003	1.027219e+000	1.027219e+000
2.302873849547505e-003	1.027219e+000	1.027219e+000
2.303873849547505e-003	1.027219e+000	1.027219e+000
2.304873849547505e-003	1.027219e+000	1.027219e+000
2.305873849547505e-003	1.027219e+000	1.027219e+000
2.306873849547505e-003	1.027219e+000	1.027219e+000
2.307873849547505e-003	1.027219e+000	1.027219e+000
2.308873849547505e-003	1.027219e+000	1.027219e+000
2.309873849547505e-003	1.027219e+000	1.027219e+000
2.311873849547505e-003	1.027219e+000	1.027219e+000
2.313873849547505e-003	1.027219e+000	1.027219e+000
2.314873849547505e-003	1.027219e+000	1.027219e+000
2.315873849547505e-003	1.027219e+000	1.027219e+000
2.316873849547505e-003	1.027219e+000	1.027219e+000
2.317873849547505e-003	1.027219e+000	1.027219e+000
2.318873849547505e-003	1.027219e+000	1.027219e+000
2.319873849547505e-003	1.027219e+000	1.027219e+000
2.320873849547505e-003	1.027219e+000	1.027219e+000
2.321873849547505e-003	1.027219e+000	1.027219e+000
2.323873849547505e-003	1.027219e+000	1.027219e+000
2.325873849547505e-003	1.027219e+000	1.027219e+000
2.326873849547505e-003	1.027219e+000	1.027219e+000
2.327873849547505e-003	1.027219e+000	1.027219e+000
2.328873849547505e-003	1.027219e+000	1.027219e+000
2.329873849547505e-003	1.027219e+000	1.027219e+000
2.330873849547505e-003	1.027219e+000	1.027219e+000
2.331873849547505e-003	1.027219e+000	1.027219e+000
2.332873849547505e-003	1.027219e+000	1.027219e+000
2.333873849547505e-003	1.027219e+000	1.027219e+000
2.335873849547505e-003	1.027219e+000	1.027219e+000
2.337873849547505e-003	1.027219e+000	1.027219e+000
2.338873849547505e-003	1.027219e+000	1.027219e+000
2.339873849547505e-003	1.027219e+000	1.027219e+000
2.340873849547505e-003	1.027219e+000	1.027219e+000
2.341873849547505e-003	1.027219e+000	1.027219e+000
2.342873849547505e-003	1.027219e+000	1.027219e+000
2.343873849547505e-003	1.027219e+000	1.027219e+000
2.344873849547505e-003	1.027219e+000	1.027219e+000
2.345873849547505e-003	1.027219e+000	1.027219e+000
2.347873849547505e-003	1.027219e+000	1.027219e+000
2.350873849547505e-003	1.027219e+000	1.027219e+000
2.351873849547505e-003	1.027219e+000	1.027219e+000
2.352873849547505e-003	1.027219e+000	1.027219e+000
2.353873849547505e-003	1.027219e+000	1.027219e+000
2.354873849547505e-003	1.027219e+000	1.027219e+000
2.355873849547505e-003	1.027219e+000	1.027219e+000
2.356873849547505e-003	1.027219e+000	1.027219e+000
2.358873849547505e-003	1.027219e+000	1.027219e+000
2.359588135261791e-003	1.027219e+000	1.027219e+000
2.360302420976076e-003	1.027219e+000	1.027219e+000
2.361016706690362e-003	1.027220e+000	1.027220e+000
2.361730992404648e-003	1.027220e+000	1.027220e+000
2.362445278118934e-003	1.027220e+000	1.027220e+000
2.363159563833219e-003	1.027220e+000	1.027220e+000
2.363873849547505e-003	1.027220e+000	1.027220e+000
2.364873849547505e-003	1.027220e+000	1.027220e+000
2.365873849547505e-003	1.027220e+000	1.027220e+000
2.366873849547505e-003	1.027220e+000	1.027220e+000
2.367873849547505e-003	1.027220e+000	1.027220e+000
2.368873849547505e-003	1.027220e+000	1.027220e+000
2.370873849547505e-003	1.027220e+000	1.027220e+000
2.371730992404648e-003	1.027220e+000	1.027220e+000
2.372588135261791e-003	1.027220e+000	1.027220e+000
2.373445278118934e-003	1.027220e+000	1.027220e+000
2.374302420976077e-003	1.027220e+000	1.027220e+000
2.375159563833219e-003	1.027220e+000	1.027220e+000
2.376016706690362e-003	1.027220e+000	1.027220e+000
2.376873849547505e-003	1.027220e+000	1.027220e+000
2.378873849547505e-003	1.027220e+000	1.027220e+000
2.380873849547505e-003	1.027220e+000	1.027220e+000
2.382873849547505e-003	1.027220e+000	1.027220e+000
2.383730992404648e-003	1.027220e+000	1.027220e+000
2.384588135261791e-003	1.027220e+000	1.027220e+000
2.385445278118934e-003	1.027220e+000	1.027220e+000
2.386302420976076e-003	1.027220e+000	1.027220e+000
2.387159563833219e-003	1.027220e+000	1.027220e+000
2.388016706690362e-003	1.027220e+000	1.027220e+000
2.388873849547505e-003	1.027220e+000	1.027220e+000
2.390873849547505e-003	1.027220e+000	1.027220e+000
2.392873849547505e-003	1.027220e+000	1.027220e+000
2.394873849547505e-003	1.027220e+000	1.027220e+000
2.395873849547505e-003	1.027220e+000	1.027220e+000
2.396873849547505e-003	1.027220e+000	1.027220e+000
2.397873849547505e-003	1.027220e+000	1.027220e+000
2.398873849547505e-003	1.027220e+000	1.027220e+000
2.399873849547505e-003	1.027220e+000	1.027220e+000
2.400873849547505e-003	1.027220e+000	1.027220e+000
2.401873849547505e-003	1.027220e+000	1.027220e+000
2.403873849547505e-003	1.027220e+000	1.027220e+000
2.405873849547505e-003	1.027220e+000	1.027220e+000
2.408873849547505e-003	1.027220e+000	1.027220e+000
2.410159563833219e-003	1.027220e+000	1.027220e+000
2.411445278118934e-003	1.027220e+000	1.027220e+000
2.412730992404648e-003	1.027220e+000	1.027220e+000
2.414016706690362e-003	1.027220e+000	1.027220e+000
2.415302420976076e-003	1.027220e+000	1.027220e+000
2.416588135261791e-003	1.027220e+000	1.027220e+000
2.417873849547505e-003	1.027220e+000	1.027220e+000
2.418873849547505e-003	1.027220e+000	1.027220e+000
2.419873849547505e-003	1.027220e+000	1.027220e+000
2.420873849547505e-003	1.027220e+000	1.027220e+000
2.421873849547505e-003	1.027220e+000	1.027220e+000
2.422873849547505e-003	1.027220e+000	1.027220e+000
2.423873849547505e-003	1.027220e+000	1.027220e+000
2.424873849547505e-003	1.027220e+000	1.027220e+000
2.427873849547505e-003	1.027220e+000	1.027220e+000
2.430873849547505e-003	1.027220e+000	1.027220e+000
2.432016706690362e-003	1.027220e+000	1.027220e+000
2.433159563833219e-003	1.027220e+000	1.027220e+000
2.434302420976076e-003	1.027220e+000	1.027220e+000
2.435445278118934e-003	1.027220e+000	1.027220e+000
2.436588135261791e-003	1.027220e+000	1.027220e+000
2.437730992404648e-003	1.027220e+000	1.027220e+000
2.438873849547505e-003	1.027220e+000	1.027220e+000
2.441873849547505e-003	1.027220e+000	1.027220e+000
2.443016706690362e-003	1.027220e+000	1.027220e+000
2.444159563833219e-003	1.027220e+000	1.027220e+000
2.445302420976076e-003	1.027220e+000	1.027220e+000
2.446445278118934e-003	1.027220e+000	1.027220e+000
2.447588135261791e-003	1.027220e+000	1.027220e+000
2.448730992404648e-003	1.027220e+000	1.027220e+000
2.449873849547505e-003	1.027220e+000	1.027220e+000
2.452873849547505e-003	1.027220e+000	1.027220e+000
2.454159563833219e-003	1.027220e+000	1.027220e+000
2.455445278118934e-003	1.027220e+000	1.027220e+000
2.456730992404648e-003	1.027220e+000	1.027220e+000
2.458016706690362e-003	1.027220e+000	1.027220e+000
2.459302420976077e-003	1.027220e+000	1.027220e+000
2.460588135261791e-003	1.027220e+000	1.027220e+000
2.461873849547505e-003	1.027220e+000	1.027220e+000
2.464873849547505e-003	1.027220e+000	1.027220e+000
2.466302420976077e-003	1.027220e+000	1.027220e+000
2.467730992404648e-003	1.027220e+000	1.027220e+000
2.469159563833220e-003	1.027220e+000	1.027220e+000
2.470588135261791e-003	1.027220e+000	1.027220e+000
2.472016706690362e-003	1.027220e+000	1.027220e+000
2.473445278118934e-003	1.027220e+000	1.027220e+000
2.474873849547505e-003	1.027220e+000	1.027220e+000
2.476302420976077e-003	1.027220e+000	1.027220e+000
2.477730992404648e-003	1.027220e+000	1.027220e+000
2.479159563833220e-003	1.027220e+000	1.027220e+000
2.480588135261791e-003	1.027220e+000	1.027220e+000
2.482016706690362e-003	1.027220e+000	1.027220e+000
2.483445278118934e-003	1.027220e+000	1.027220e+000
2.484873849547505e-003	1.027220e+000	1.027220e+000
2.486588135261791e-003	1.027220e+000	1.027220e+000
2.488302420976076e-003	1.027220e+000	1.027220e+000
2.490016706690362e-003	1.027220e+000	1.027220e+000
2.491730992404648e-003	1.027220e+000	1.027220e+000
2.493445278118934e-003	1.027220e+000	1.027220e+000
2.495159563833219e-003	1.027220e+000	1.027220e+000
2.496873849547505e-003	1.027220e+000	1.027220e+000
2.498730992404648e-003	1.027220e+000	1.027220e+000
2.500588135261791e-003	1.027220e+000	1.027220e+000
2.502445278118934e-003	1.027220e+000	1.027220e+000
2.504302420976076e-003	1.027220e+000	1.027220e+000
2.506159563833219e-003	1.027220e+000	1.027220e+000
2.508016706690362e-003	1.027220e+000	1.027220e+000
2.509873849547505e-003	1.027220e+000	1.027220e+000
2.511730992404648e-003	1.027220e+000	1.027220e+000
2.513588135261791e-003	1.027220e+000	1.027220e+000
2.515445278118934e-003	1.027220e+000	1.027220e+000
2.517302420976076e-003	1.027220e+000	1.027220e+000
2.519159563833219e-003	1.027220e+000	1.027220e+000
2.521016706690362e-003	1.027220e+000	1.027220e+000
2.522873849547505e-003	1.027220e+000	1.027220e+000
2.524873849547505e-003	1.027220e+000	1.027220e+000
2.526873849547505e-003	1.027220e+000	1.027220e+000
2.528873849547505e-003	1.027220e+000	1.027220e+000
2.530873849547505e-003	1.027220e+000	1.027220e+000
2.532873849547505e-003	1.027220e+000	1.027220e+000
2.534873849547505e-003	1.027220e+000	1.027220e+000
2.536873849547505e-003	1.027220e+000	1.027220e+000
2.539016706690362e-003	1.027220e+000	1.027220e+000
2.541159563833219e-003	1.027220e+000	1.027220e+000
2.543302420976076e-003	1.027220e+000	1.027220e+000
2.545445278118934e-003	1.027220e+000	1.027220e+000
2.547588135261791e-003	1.027221e+000	1.027221e+000
2.549730992404648e-003	1.027220e+000	1.027220e+000
2.551873849547505e-003	1.027220e+000	1.027220e+000
2.554873849547505e-003	1.027220e+000	1.027220e+000
2.557873849547505e-003	1.027220e+000	1.027220e+000
2.560873849547505e-003	1.027220e+000	1.027220e+000
2.563873849547505e-003	1.027220e+000	1.027220e+000
2.566873849547505e-003	1.027220e+000	1.027220e+000
2.569873849547505e-003	1.027220e+000	1.027220e+000
2.572873849547505e-003	1.027220e+000	1.027220e+000
2.576730992404648e-003	1.027220e+000	1.027220e+000
2.580588135261791e-003	1.027220e+000	1.027220e+000
2.584445278118934e-003	1.027220e+000	1.027220e+000
2.588302420976077e-003	1.027220e+000	1.027220e+000
2.592159563833219e-003	1.027220e+000	1.027220e+000
2.596016706690363e-003	1.027220e+000	1.027220e+000
2.599873849547505e-003	1.027220e+000	1.027220e+000
2.603730992404648e-003	1.027220e+000	1.027220e+000
2.607588135261791e-003	1.027220e+000	1.027220e+000
2.611445278118934e-003	1.027220e+000	1.027220e+000
2.615302420976076e-003	1.027220e+000	1.027220e+000
2.619159563833219e-003	1.027220e+000	1.027220e+000
2.623016706690362e-003	1.027220e+000	1.027220e+000
2.626873849547505e-003	1.027220e+000	1.027220e+000
2.674302420976076e-003	1.027221e+000	1.027221e+000
2.721730992404648e-003	1.027221e+000	1.027221e+000
2.769159563833220e-003	1.027221e+000	1.027221e+000
2.816588135261791e-003	1.027221e+000	1.027221e+000
2.864016706690362e-003	1.027221e+000	1.027221e+000
2.911445278118934e-003	1.027221e+000	1.027221e+000
2.958873849547505e-003	1.027220e+000	1.027220e+000
2.959873849547505e-003	1.027220e+000	1.027220e+000
3.983873849547505e-003	1.027221e+000	1.027221e+000
3.997873849547505e-003	1.027221e+000	1.027221e+000
3.998873849547505e-003	1.027221e+000	1.027221e+000
3.999252300904990e-003	1.027221e+000	1.027221e+000
3.999495398190020e-003	1.027221e+000	1.027221e+000
3.999550619909782e-003	1.027221e+000	1.027221e+000
3.999624248869464e-003	1.027221e+000	1.027221e+000
3.999771506788827e-003	1.027221e+000	1.027221e+000
4.000000000000000e-003	1.414903e+000	6.122329e-001
4.000054295087380e-003	1.838921e+000	1.625339e-001
4.000079430602674e-003	1.991756e+000	2.011674e-010
4.000086892621032e-003	1.988256e+000	2.008138e-010
4.000089676221241e-003	1.987119e+000	2.006991e-010
4.000092043447538e-003	1.986674e+000	2.006540e-010
4.000093699314243e-003	1.986257e+000	2.006119e-010
4.000095528422294e-003	1.985825e+000	2.005683e-010
4.000097502961778e-003	1.985230e+000	2.005083e-010
4.000099880160022e-003	1.984608e+000	2.004454e-010
4.000102679337200e-003	1.983811e+000	2.003649e-010
4.000105401295504e-003	1.983065e+000	2.002895e-010
4.000108610299526e-003	1.982160e+000	2.001982e-010
4.000111985510809e-003	1.981231e+000	2.001043e-010
4.000115790141269e-003	1.980170e+000	1.999971e-010
4.000120120677635e-003	1.978979e+000	1.998769e-010
4.000125018901495e-003	1.977627e+000	1.997403e-010
4.000130784768333e-003	1.976050e+000	1.995810e-010
4.000137503408372e-003	1.974214e+000	1.993956e-010
4.000145533834616e-003	1.972039e+000	1.991760e-010
4.000155137875484e-003	1.969456e+000	1.989150e-010
4.000166773957043e-003	1.966405e+000	1.986069e-010
4.000180900861697e-003	1.963100e+000	1.982731e-010
4.000193489710808e-003	1.961158e+000	1.980769e-010
4.000207209120052e-003	1.960221e+000	1.979823e-010
4.000220991072674e-003	1.959483e+000	1.979078e-010
4.000233940826955e-003	1.958240e+000	1.977822e-010
4.000246673931774e-003	1.956380e+000	1.975944e-010
4.000260379665801e-003	1.953833e+000	1.973371e-010
4.000275607114859e-003	1.950563e+000	1.970069e-010
4.000291315348094e-003	1.946875e+000	1.966344e-010
4.000308323844474e-003	1.942667e+000	1.962094e-010
4.000323839627500e-003	1.938718e+000	1.958105e-010
4.000340914811777e-003	1.934311e+000	1.953654e-010
4.000357757599922e-003	1.929943e+000	1.949242e-010
4.000377150334935e-003	1.924917e+000	1.944166e-010
4.000398919716815e-003	1.919301e+000	1.938494e-010
4.000425540249224e-003	1.912484e+000	1.931609e-010
4.000445978694422e-003	1.907296e+000	1.926369e-010
4.000468464693863e-003	1.901644e+000	1.920661e-010
4.000493004742201e-003	1.895540e+000	1.914495e-010
4.000522978029620e-003	1.888178e+000	1.907060e-010
4.000562439834538e-003	1.878642e+000	1.897428e-010
4.000619279485792e-003	1.865183e+000	1.883834e-010
4.000680577227005e-003	1.851007e+000	1.869517e-010
4.000743833711932e-003	1.836813e+000	1.855181e-010
4.000848530370714e-003	1.814213e+000	1.832355e-010
4.000992721042844e-003	1.784658e+000	1.802505e-010
4.001191883568893e-003	1.747053e+000	1.764524e-010
4.001590208620991e-003	1.681231e+000	1.698043e-010
4.002302313022055e-003	1.583269e+000	1.599102e-010
4.003049057879101e-003	1.502042e+000	1.517062e-010
4.003866619774445e-003	1.433255e+000	1.447587e-010
4.004401729860044e-003	1.397511e+000	1.411486e-010
4.004767981996876e-003	1.377513e+000	1.391288e-010
4.005106793157609e-003	1.361617e+000	1.375233e-010
4.005353586896905e-003	1.351386e+000	1.364900e-010
4.005597284546079e-003	1.342350e+000	1.355773e-010
4.005856716616817e-003	1.333760e+000	1.347097e-010
4.006223536301858e-003	1.323126e+000	1.336357e-010
4.006625825738190e-003	1.313185e+000	1.326317e-010
4.007083203619186e-003	1.303853e+000	1.316891e-010
4.007572994662164e-003	1.296013e+000	1.308973e-010
4.008381617244111e-003	1.286585e+000	1.299450e-010
4.009381617244111e-003	1.278668e+000	1.291455e-010
4.010381617244111e-003	1.273710e+000	1.286447e-010
4.011381617244111e-003	1.270727e+000	1.283434e-010
4.012381617244112e-003	1.268937e+000	1.281627e-010
4.013381617244112e-003	1.267863e+000	1.280542e-010
4.014381617244111e-003	1.267215e+000	1.279887e-010
4.015381617244111e-003	1.266820e+000	1.279488e-010
4.016381617244111e-003	1.266575e+000	1.279241e-010
4.017381617244111e-003	1.266420e+000	1.279084e-010
4.018381617244111e-003	1.266317e+000	1.278981e-010
4.019381617244112e-003	1.266246e+000	1.278909e-010
4.020381617244112e-003	1.266194e+000	1.278856e-010
4.021381617244111e-003	1.266152e+000	1.278813e-010
4.022381617244111e-003	1.266116e+000	1.278777e-010
4.023381617244111e-003	1.266084e+000	1.278745e-010
4.024381617244111e-003	1.266054e+000	1.278715e-010
4.025381617244112e-003	1.266025e+000	1.278686e-010
4.026381617244112e-003	1.265997e+000	1.278657e-010
4.027381617244111e-003	1.265970e+000	1.278629e-010
4.028381617244111e-003	1.265942e+000	1.278602e-010
4.029381617244111e-003	1.265915e+000	1.278574e-010
4.030381617244111e-003	1.265888e+000	1.278547e-010
4.031381617244111e-003	1.265860e+000	1.278519e-010
4.032381617244112e-003	1.265833e+000	1.278492e-010
4.033381617244112e-003	1.265806e+000	1.278464e-010
4.034381617244111e-003	1.265779e+000	1.278437e-010
4.035381617244111e-003	1.265752e+000	1.278409e-010
4.036381617244111e-003	1.265725e+000	1.278382e-010
4.037381617244111e-003	1.265697e+000	1.278355e-010
4.038381617244112e-003	1.265670e+000	1.278327e-010
4.039381617244112e-003	1.265643e+000	1.278300e-010
4.040381617244112e-003	1.265616e+000	1.278272e-010
4.041381617244111e-003	1.265589e+000	1.278245e-010
4.042381617244111e-003	1.265562e+000	1.278218e-010
4.043381617244111e-003	1.265535e+000	1.278190e-010
4.044381617244111e-003	1.265507e+000	1.278163e-010
4.045381617244112e-003	1.265480e+000	1.278135e-010
4.046381617244112e-003	1.265453e+000	1.278108e-010
4.047381617244111e-003	1.265426e+000	1.278080e-010
4.048381617244111e-003	1.265399e+000	1.278053e-010
4.049381617244111e-003	1.265372e+000	1.278025e-010
4.050381617244111e-003	1.265345e+000	1.277998e-010
4.051381617244112e-003	1.265317e+000	1.277971e-010
4.052381617244112e-003	1.265290e+000	1.277943e-010
4.053381617244112e-003	1.265263e+000	1.277916e-010
4.054381617244111e-003	1.265236e+000	1.277888e-010
4.055381617244111e-003	1.265209e+000	1.277861e-010
4.056381617244111e-003	1.265182e+000	1.277834e-010
4.057381617244111e-003	1.265155e+000	1.277806e-010
4.058381617244112e-003	1.265128e+000	1.277779e-010
4.059381617244112e-003	1.265100e+000	1.277751e-010
4.060381617244111e-003	1.265073e+000	1.277724e-010
4.061381617244111e-003	1.265046e+000	1.277697e-010
4.062381617244111e-003	1.265019e+000	1.277669e-010
4.063381617244111e-003	1.264992e+000	1.277642e-010
4.064381617244111e-003	1.264965e+000	1.277614e-010
4.065381617244112e-003	1.264938e+000	1.277587e-010
4.066381617244112e-003	1.264910e+000	1.277559e-010
4.067381617244111e-003	1.264883e+000	1.277532e-010
4.068381617244111e-003	1.264856e+000	1.277505e-010
4.069381617244111e-003	1.264829e+000	1.277477e-010
4.070381617244111e-003	1.264802e+000	1.277450e-010
4.071381617244112e-003	1.264775e+000	1.277422e-010
4.072381617244112e-003	1.264748e+000	1.277395e-010
4.073381617244111e-003	1.264720e+000	1.277368e-010
4.074381617244111e-003	1.264693e+000	1.277340e-010
4.075381617244111e-003	1.264666e+000	1.277313e-010
4.076381617244111e-003	1.264639e+000	1.277285e-010
4.077381617244111e-003	1.264612e+000	1.277258e-010
4.078381617244112e-003	1.264585e+000	1.277231e-010
4.079381617244112e-003	1.264558e+000	1.277203e-010
4.080381617244111e-003	1.264530e+000	1.277176e-010
4.081381617244111e-003	1.264503e+000	1.277148e-010
4.082381617244111e-003	1.264476e+000	1.277121e-010
4.083381617244111e-003	1.264449e+000	1.277094e-010
4.084381617244112e-003	1.264422e+000	1.277066e-010
4.085381617244112e-003	1.264395e+000	1.277039e-010
4.086381617244111e-003	1.264368e+000	1.277011e-010
4.087381617244111e-003	1.264341e+000	1.276984e-010
4.088381617244111e-003	1.264313e+000	1.276957e-010
4.089381617244111e-003	1.264286e+000	1.276929e-010
4.090381617244111e-003	1.264259e+000	1.276902e-010
4.091381617244112e-003	1.264232e+000	1.276874e-010
4.092381617244112e-003	1.264205e+000	1.276847e-010
4.093381617244111e-003	1.264178e+000	1.276819e-010
4.094381617244111e-003	1.264151e+000	1.276792e-010
4.095381617244111e-003	1.264123e+000	1.276765e-010
4.096381617244111e-003	1.264096e+000	1.276737e-010
4.097381617244112e-003	1.264069e+000	1.276710e-010
4.098381617244112e-003	1.264042e+000	1.276683e-010
4.099381617244111e-003	1.264015e+000	1.276655e-010
4.100381617244111e-003	1.263988e+000	1.276628e-010
4.101381617244111e-003	1.263961e+000	1.276600e-010
4.102381617244111e-003	1.263934e+000	1.276573e-010
4.103381617244111e-003	1.263906e+000	1.276546e-010
4.104381617244112e-003	1.263879e+000	1.276518e-010
4.105381617244112e-003	1.263852e+000	1.276491e-010
4.106381617244111e-003	1.263825e+000	1.276464e-010
4.107381617244111e-003	1.263798e+000	1.276436e-010
4.108381617244111e-003	1.263771e+000	1.276409e-010
4.109381617244111e-003	1.263744e+000	1.276381e-010
4.110381617244112e-003	1.263717e+000	1.276354e-010
4.111381617244112e-003	1.263690e+000	1.276327e-010
4.112381617244112e-003	1.263663e+000	1.276299e-010
4.113381617244111e-003	1.263635e+000	1.276272e-010
4.114381617244111e-003	1.263608e+000	1.276244e-010
4.115381617244111e-003	1.263581e+000	1.276217e-010
4.116381617244111e-003	1.263554e+000	1.276190e-010
4.117381617244112e-003	1.263527e+000	1.276162e-010
4.118381617244112e-003	1.263500e+000	1.276135e-010
4.119381617244111e-003	1.263473e+000	1.276108e-010
4.120381617244111e-003	1.263446e+000	1.276080e-010
4.121381617244111e-003	1.263418e+000	1.276053e-010
4.122381617244111e-003	1.263391e+000	1.276025e-010
4.123381617244112e-003	1.263364e+000	1.275998e-010
4.124381617244112e-003	1.263337e+000	1.275971e-010
4.125381617244112e-003	1.263310e+000	1.275943e-010
4.126381617244111e-003	1.263283e+000	1.275916e-010
4.127381617244111e-003	1.263256e+000	1.275888e-010
4.128381617244111e-003	1.263229e+000	1.275861e-010
4.129381617244111e-003	1.263202e+000	1.275834e-010
4.130381617244112e-003	1.263175e+000	1.275806e-010
4.131381617244112e-003	1.263147e+000	1.275779e-010
4.132381617244111e-003	1.263120e+000	1.275752e-010
4.133381617244111e-003	1.263093e+000	1.275724e-010
4.134381617244111e-003	1.263066e+000	1.275697e-010
4.135381617244111e-003	1.263039e+000	1.275669e-010
4.136381617244112e-003	1.263012e+000	1.275642e-010
4.137381617244112e-003	1.262985e+000	1.275615e-010
4.138381617244112e-003	1.262958e+000	1.275587e-010
4.139381617244111e-003	1.262931e+000	1.275560e-010
4.140381617244111e-003	1.262903e+000	1.275533e-010
4.141381617244111e-003	1.262876e+000	1.275505e-010
4.142381617244111e-003	1.262849e+000	1.275478e-010
4.143381617244112e-003	1.262822e+000	1.275450e-010
4.144381617244112e-003	1.262795e+000	1.275423e-010
4.145381617244111e-003	1.262768e+000	1.275396e-010
4.146381617244111e-003	1.262741e+000	1.275368e-010
4.147381617244111e-003	1.262714e+000	1.275341e-010
4.148381617244111e-003	1.262687e+000	1.275314e-010
4.149381617244112e-003	1.262660e+000	1.275286e-010
4.150381617244112e-003	1.262633e+000	1.275259e-010
4.151381617244112e-003	1.262605e+000	1.275232e-010
4.152381617244111e-003	1.262578e+000	1.275204e-010
4.153381617244111e-003	1.262551e+000	1.275177e-010
4.154381617244111e-003	1.262524e+000	1.275149e-010
4.155381617244111e-003	1.262497e+000	1.275122e-010
4.156381617244112e-003	1.262470e+000	1.275095e-010
4.157381617244112e-003	1.262443e+000	1.275067e-010
4.158381617244111e-003	1.262416e+000	1.275040e-010
4.159381617244111e-003	1.262389e+000	1.275013e-010
4.160381617244111e-003	1.262362e+000	1.274985e-010
4.161381617244111e-003	1.262335e+000	1.274958e-010
4.162381617244111e-003	1.262308e+000	1.274931e-010
4.163381617244112e-003	1.262280e+000	1.274903e-010
4.164381617244112e-003	1.262253e+000	1.274876e-010
4.165381617244111e-003	1.262226e+000	1.274849e-010
4.166381617244111e-003	1.262199e+000	1.274821e-010
4.167381617244111e-003	1.262172e+000	1.274794e-010
4.168381617244111e-003	1.262145e+000	1.274766e-010
4.169381617244112e-003	1.262118e+000	1.274739e-010
4.170381617244112e-003	1.262091e+000	1.274712e-010
4.171381617244111e-003	1.262064e+000	1.274684e-010
4.172381617244111e-003	1.262037e+000	1.274657e-010
4.173381617244111e-003	1.262010e+000	1.274630e-010
4.174381617244111e-003	1.261983e+000	1.274602e-010
4.175381617244111e-003	1.261955e+000	1.274575e-010
4.176381617244112e-003	1.261928e+000	1.274548e-010
4.177381617244112e-003	1.261901e+000	1.274520e-010
4.178381617244111e-003	1.261874e+000	1.274493e-010
4.179381617244111e-003	1.261847e+000	1.274466e-010
4.180381617244111e-003	1.261820e+000	1.274438e-010
4.181381617244111e-003	1.261793e+000	1.274411e-010
4.182381617244112e-003	1.261766e+000	1.274384e-010
4.183381617244112e-003	1.261739e+000	1.274356e-010
4.184381617244111e-003	1.261712e+000	1.274329e-010
4.185381617244111e-003	1.261685e+000	1.274301e-010
4.186381617244111e-003	1.261658e+000	1.274274e-010
4.187381617244111e-003	1.261631e+000	1.274247e-010
4.188381617244111e-003	1.261603e+000	1.274220e-010
4.189381617244112e-003	1.261576e+000	1.274192e-010
4.190381617244112e-003	1.261549e+000	1.274165e-010
4.191381617244111e-003	1.261522e+000	1.274137e-010
4.192381617244111e-003	1.261495e+000	1.274110e-010
4.193381617244111e-003	1.261468e+000	1.274083e-010
4.194381617244111e-003	1.261441e+000	1.274056e-010
4.195381617244112e-003	1.261414e+000	1.274028e-010
4.196381617244112e-003	1.261387e+000	1.274001e-010
4.197381617244112e-003	1.261360e+000	1.273973e-010
4.198381617244111e-003	1.261333e+000	1.273946e-010
4.199381617244111e-003	1.261306e+000	1.273919e-010
4.200381617244111e-003	1.261279e+000	1.273892e-010
4.201381617244111e-003	1.261252e+000	1.273864e-010
4.202381617244112e-003	1.261225e+000	1.273837e-010
4.203381617244112e-003	1.261198e+000	1.273810e-010
4.204381617244111e-003	1.261171e+000	1.273782e-010
4.205381617244111e-003	1.261143e+000	1.273755e-010
4.206381617244111e-003	1.261116e+000	1.273728e-010
4.207381617244111e-003	1.261089e+000	1.273700e-010
4.208381617244112e-003	1.261062e+000	1.273673e-010
4.209381617244112e-003	1.261035e+000	1.273645e-010
4.210381617244112e-003	1.261008e+000	1.273618e-010
4.211381617244111e-003	1.260981e+000	1.273591e-010
4.212381617244111e-003	1.260954e+000	1.273563e-010
4.213381617244111e-003	1.260927e+000	1.273536e-010
4.214381617244111e-003	1.260900e+000	1.273509e-010
4.215381617244112e-003	1.260873e+000	1.273482e-010
4.216381617244112e-003	1.260846e+000	1.273454e-010
4.217381617244111e-003	1.260819e+000	1.273427e-010
4.218381617244111e-003	1.260792e+000	1.273400e-010
4.219381617244111e-003	1.260765e+000	1.273372e-010
4.220381617244111e-003	1.260738e+000	1.273345e-010
4.221381617244112e-003	1.260710e+000	1.273318e-010
4.222381617244112e-003	1.260684e+000	1.273290e-010
4.223381617244112e-003	1.260656e+000	1.273263e-010
4.224381617244111e-003	1.260629e+000	1.273236e-010
4.225381617244111e-003	1.260602e+000	1.273208e-010
4.226381617244111e-003	1.260575e+000	1.273181e-010
4.227381617244111e-003	1.260548e+000	1.273154e-010
4.228381617244112e-003	1.260521e+000	1.273126e-010
4.229381617244112e-003	1.260494e+000	1.273099e-010
4.230381617244111e-003	1.260467e+000	1.273072e-010
4.231381617244111e-003	1.260440e+000	1.273044e-010
4.232381617244111e-003	1.260413e+000	1.273017e-010
4.233381617244111e-003	1.260386e+000	1.272990e-010
4.234381617244112e-003	1.260359e+000	1.272963e-010
4.235381617244112e-003	1.260332e+000	1.272935e-010
4.236381617244112e-003	1.260305e+000	1.272908e-010
4.237381617244111e-003	1.260278e+000	1.272881e-010
4.238381617244111e-003	1.260251e+000	1.272853e-010
4.239381617244111e-003	1.260224e+000	1.272826e-010
4.240381617244111e-003	1.260197e+000	1.272799e-010
4.241381617244112e-003	1.260170e+000	1.272771e-010
4.242381617244112e-003	1.260143e+000	1.272744e-010
4.243381617244111e-003	1.260116e+000	1.272717e-010
4.244381617244111e-003	1.260088e+000	1.272689e-010
4.245381617244111e-003	1.260062e+000	1.272662e-010
4.246381617244111e-003	1.260034e+000	1.272635e-010
4.247381617244112e-003	1.260007e+000	1.272607e-010
4.248381617244112e-003	1.259980e+000	1.272580e-010
4.249381617244112e-003	1.259953e+000	1.272553e-010
4.250381617244111e-003	1.259926e+000	1.272526e-010
4.251381617244111e-003	1.259899e+000	1.272498e-010
4.252381617244111e-003	1.259872e+000	1.272471e-010
4.253381617244111e-003	1.259845e+000	1.272444e-010
4.254381617244112e-003	1.259818e+000	1.272416e-010
4.255381617244112e-003	1.259791e+000	1.272389e-010
4.256381617244111e-003	1.259764e+000	1.272362e-010
4.257381617244111e-003	1.259737e+000	1.272334e-010
4.258381617244111e-003	1.259710e+000	1.272307e-010
4.259381617244111e-003	1.259683e+000	1.272280e-010
4.260381617244111e-003	1.259656e+000	1.272253e-010
4.261381617244112e-003	1.259629e+000	1.272225e-010
4.262381617244112e-003	1.259602e+000	1.272198e-010
4.264381617244111e-003	1.259548e+000	1.272144e-010
4.265381617244111e-003	1.259521e+000	1.272116e-010
4.266381617244111e-003	1.259494e+000	1.272089e-010
4.267381617244112e-003	1.259467e+000	1.272061e-010
4.268381617244112e-003	1.259440e+000	1.272034e-010
4.269381617244112e-003	1.259413e+000	1.272007e-010
4.270381617244111e-003	1.259386e+000	1.271980e-010
4.271381617244111e-003	1.259359e+000	1.271952e-010
4.272381617244111e-003	1.259332e+000	1.271925e-010
4.273381617244111e-003	1.259305e+000	1.271898e-010
4.274381617244112e-003	1.259278e+000	1.271870e-010
4.275381617244112e-003	1.259251e+000	1.271843e-010
4.276381617244111e-003	1.259224e+000	1.271816e-010
4.277381617244111e-003	1.259197e+000	1.271789e-010
4.278381617244111e-003	1.259170e+000	1.271761e-010
4.279381617244111e-003	1.259143e+000	1.271734e-010
4.280381617244112e-003	1.259116e+000	1.271707e-010
4.281381617244112e-003	1.259089e+000	1.271679e-010
4.282381617244112e-003	1.259062e+000	1.271652e-010
4.283381617244111e-003	1.259035e+000	1.271625e-010
4.284381617244111e-003	1.259007e+000	1.271598e-010
4.285381617244111e-003	1.258981e+000	1.271570e-010
4.286381617244111e-003	1.258953e+000	1.271543e-010
4.287381617244112e-003	1.258926e+000	1.271516e-010
4.288381617244112e-003	1.258899e+000	1.271488e-010
4.289381617244111e-003	1.258873e+000	1.271461e-010
4.290381617244111e-003	1.258845e+000	1.271434e-010
4.291381617244111e-003	1.258818e+000	1.271407e-010
4.292381617244111e-003	1.258791e+000	1.271379e-010
4.293381617244112e-003	1.258764e+000	1.271352e-010
4.294381617244112e-003	1.258737e+000	1.271325e-010
4.295381617244112e-003	1.258710e+000	1.271298e-010
4.296381617244111e-003	1.258683e+000	1.271270e-010
4.297381617244111e-003	1.258656e+000	1.271243e-010
4.298381617244111e-003	1.258629e+000	1.271216e-010
4.299381617244111e-003	1.258602e+000	1.271188e-010
4.300381617244112e-003	1.258575e+000	1.271161e-010
4.301381617244112e-003	1.258548e+000	1.271134e-010
4.302381617244111e-003	1.258521e+000	1.271107e-010
4.303381617244111e-003	1.258494e+000	1.271079e-010
4.304381617244111e-003	1.258467e+000	1.271052e-010
4.305381617244111e-003	1.258440e+000	1.271025e-010
4.306381617244112e-003	1.258413e+000	1.270997e-010
4.307381617244112e-003	1.258386e+000	1.270970e-010
4.308381617244112e-003	1.258359e+000	1.270943e-010
4.309381617244111e-003	1.258332e+000	1.270916e-010
4.310381617244111e-003	1.258305e+000	1.270888e-010
4.311381617244111e-003	1.258278e+000	1.270861e-010
4.312381617244111e-003	1.258251e+000	1.270834e-010
4.313381617244112e-003	1.258224e+000	1.270807e-010
4.314381617244112e-003	1.258197e+000	1.270779e-010
4.315381617244111e-003	1.258170e+000	1.270752e-010
4.316381617244111e-003	1.258143e+000	1.270725e-010
4.317381617244111e-003	1.258116e+000	1.270697e-010
4.318381617244111e-003	1.258089e+000	1.270670e-010
4.319381617244112e-003	1.258062e+000	1.270643e-010
4.320381617244112e-003	1.258035e+000	1.270616e-010
4.321381617244112e-003	1.258008e+000	1.270588e-010
4.322381617244111e-003	1.257981e+000	1.270561e-010
4.323381617244111e-003	1.257954e+000	1.270534e-010
4.324381617244111e-003	1.257927e+000	1.270507e-010
4.325381617244111e-003	1.257900e+000	1.270480e-010
4.326381617244112e-003	1.257874e+000	1.270452e-010
4.327381617244112e-003	1.257846e+000	1.270425e-010
4.328381617244111e-003	1.257820e+000	1.270398e-010
4.329381617244111e-003	1.257792e+000	1.270370e-010
4.330381617244111e-003	1.257766e+000	1.270343e-010
4.331381617244111e-003	1.257739e+000	1.270316e-010
4.332381617244112e-003	1.257712e+000	1.270289e-010
4.333381617244112e-003	1.257685e+000	1.270261e-010
4.334381617244112e-003	1.257658e+000	1.270234e-010
4.335381617244111e-003	1.257631e+000	1.270207e-010
4.336381617244111e-003	1.257604e+000	1.270180e-010
4.337381617244111e-003	1.257577e+000	1.270152e-010
4.338381617244111e-003	1.257550e+000	1.270125e-010
4.339381617244112e-003	1.257523e+000	1.270098e-010
4.340381617244112e-003	1.257496e+000	1.270071e-010
4.341381617244112e-003	1.257469e+000	1.270043e-010
4.342381617244111e-003	1.257442e+000	1.270016e-010
4.343381617244111e-003	1.257415e+000	1.269989e-010
4.344381617244111e-003	1.257388e+000	1.269962e-010
4.345381617244111e-003	1.257361e+000	1.269934e-010
4.346381617244112e-003	1.257334e+000	1.269907e-010
4.347381617244112e-003	1.257307e+000	1.269880e-010
4.348381617244111e-003	1.257280e+000	1.269853e-010
4.349381617244111e-003	1.257253e+000	1.269825e-010
4.350381617244111e-003	1.257226e+000	1.269798e-010
4.351381617244111e-003	1.257199e+000	1.269771e-010
4.352381617244112e-003	1.257172e+000	1.269744e-010
4.353381617244112e-003	1.257145e+000	1.269716e-010
4.354381617244112e-003	1.257118e+000	1.269689e-010
4.355381617244111e-003	1.257091e+000	1.269662e-010
4.356381617244111e-003	1.257064e+000	1.269635e-010
4.357381617244111e-003	1.257037e+000	1.269607e-010
4.358381617244111e-003	1.257010e+000	1.269580e-010
4.359381617244112e-003	1.256983e+000	1.269553e-010
4.360381617244112e-003	1.256956e+000	1.269526e-010
4.361381617244111e-003	1.256929e+000	1.269499e-010
4.362381617244111e-003	1.256902e+000	1.269471e-010
4.363381617244111e-003	1.256875e+000	1.269444e-010
4.364381617244111e-003	1.256848e+000	1.269417e-010
4.365381617244112e-003	1.256821e+000	1.269390e-010
4.366381617244112e-003	1.256794e+000	1.269362e-010
4.367381617244112e-003	1.256767e+000	1.269335e-010
4.368381617244111e-003	1.256740e+000	1.269308e-010
4.369381617244111e-003	1.256714e+000	1.269281e-010
4.370381617244111e-003	1.256687e+000	1.269253e-010
4.371381617244111e-003	1.256660e+000	1.269226e-010
4.373381617244112e-003	1.256606e+000	1.269172e-010
4.374381617244111e-003	1.256579e+000	1.269145e-010
4.375381617244111e-003	1.256552e+000	1.269117e-010
4.376381617244111e-003	1.256525e+000	1.269090e-010
4.377381617244111e-003	1.256498e+000	1.269063e-010
4.378381617244112e-003	1.256471e+000	1.269036e-010
4.379381617244112e-003	1.256444e+000	1.269008e-010
4.380381617244112e-003	1.256417e+000	1.268981e-010
4.381381617244111e-003	1.256390e+000	1.268954e-010
4.382381617244111e-003	1.256363e+000	1.268927e-010
4.383381617244111e-003	1.256336e+000	1.268899e-010
4.385381617244112e-003	1.256282e+000	1.268845e-010
4.386381617244112e-003	1.256255e+000	1.268818e-010
4.387381617244111e-003	1.256228e+000	1.268790e-010
4.388381617244111e-003	1.256201e+000	1.268763e-010
4.389381617244111e-003	1.256174e+000	1.268736e-010
4.390381617244111e-003	1.256147e+000	1.268709e-010
4.391381617244112e-003	1.256120e+000	1.268682e-010
4.392381617244112e-003	1.256094e+000	1.268654e-010
4.393381617244112e-003	1.256067e+000	1.268627e-010
4.394381617244111e-003	1.256040e+000	1.268600e-010
4.395381617244111e-003	1.256013e+000	1.268573e-010
4.397381617244111e-003	1.255959e+000	1.268518e-010
4.398381617244112e-003	1.255932e+000	1.268491e-010
4.399381617244112e-003	1.255905e+000	1.268464e-010
4.400381617244111e-003	1.255878e+000	1.268437e-010
4.401381617244111e-003	1.255851e+000	1.268410e-010
4.402381617244111e-003	1.255824e+000	1.268382e-010
4.403381617244111e-003	1.255797e+000	1.268355e-010
4.404381617244112e-003	1.255770e+000	1.268328e-010
4.405381617244112e-003	1.255743e+000	1.268301e-010
4.406381617244112e-003	1.255716e+000	1.268273e-010
4.407381617244111e-003	1.255689e+000	1.268246e-010
4.409381617244111e-003	1.255635e+000	1.268192e-010
4.410381617244111e-003	1.255608e+000	1.268164e-010
4.411381617244112e-003	1.255581e+000	1.268137e-010
4.412381617244112e-003	1.255555e+000	1.268110e-010
4.413381617244111e-003	1.255528e+000	1.268083e-010
4.414381617244111e-003	1.255501e+000	1.268056e-010
4.415381617244111e-003	1.255474e+000	1.268028e-010
4.416381617244111e-003	1.255447e+000	1.268001e-010
4.417381617244112e-003	1.255420e+000	1.267974e-010
4.418381617244112e-003	1.255393e+000	1.267947e-010
4.419381617244112e-003	1.255366e+000	1.267920e-010
4.421381617244111e-003	1.255312e+000	1.267865e-010
4.422381617244111e-003	1.255285e+000	1.267838e-010
4.423381617244111e-003	1.255258e+000	1.267811e-010
4.424381617244112e-003	1.255231e+000	1.267784e-010
4.425381617244112e-003	1.255204e+000	1.267756e-010
4.426381617244112e-003	1.255177e+000	1.267729e-010
4.427381617244111e-003	1.255151e+000	1.267702e-010
4.428381617244111e-003	1.255124e+000	1.267675e-010
4.429381617244111e-003	1.255097e+000	1.267648e-010
4.430381617244112e-003	1.255070e+000	1.267620e-010
4.431381617244112e-003	1.255043e+000	1.267593e-010
4.433381617244111e-003	1.254989e+000	1.267539e-010
4.434381617244111e-003	1.254962e+000	1.267512e-010
4.435381617244111e-003	1.254935e+000	1.267484e-010
4.436381617244111e-003	1.254908e+000	1.267457e-010
4.437381617244112e-003	1.254881e+000	1.267430e-010
4.438381617244112e-003	1.254854e+000	1.267403e-010
4.439381617244112e-003	1.254827e+000	1.267376e-010
4.440381617244111e-003	1.254801e+000	1.267349e-010
4.441381617244111e-003	1.254774e+000	1.267321e-010
4.442381617244111e-003	1.254747e+000	1.267294e-010
4.443381617244111e-003	1.254720e+000	1.267267e-010
4.446381617244111e-003	1.254639e+000	1.267185e-010
4.447381617244111e-003	1.254612e+000	1.267158e-010
4.448381617244111e-003	1.254585e+000	1.267131e-010
4.449381617244111e-003	1.254558e+000	1.267104e-010
4.450381617244112e-003	1.254531e+000	1.267077e-010
4.451381617244112e-003	1.254504e+000	1.267050e-010
4.452381617244112e-003	1.254478e+000	1.267022e-010
4.453381617244111e-003	1.254451e+000	1.266995e-010
4.454381617244111e-003	1.254424e+000	1.266968e-010
4.455381617244111e-003	1.254397e+000	1.266941e-010
4.458381617244112e-003	1.254316e+000	1.266859e-010
4.459381617244111e-003	1.254289e+000	1.266832e-010
4.460381617244111e-003	1.254262e+000	1.266805e-010
4.461381617244111e-003	1.254235e+000	1.266778e-010
4.462381617244111e-003	1.254208e+000	1.266750e-010
4.463381617244112e-003	1.254182e+000	1.266723e-010
4.464381617244112e-003	1.254155e+000	1.266696e-010
4.465381617244112e-003	1.254128e+000	1.266669e-010
4.466381617244111e-003	1.254101e+000	1.266642e-010
4.467381617244111e-003	1.254074e+000	1.266615e-010
4.470381617244112e-003	1.253993e+000	1.266533e-010
4.471381617244112e-003	1.253966e+000	1.266506e-010
4.472381617244111e-003	1.253939e+000	1.266479e-010
4.473381617244111e-003	1.253912e+000	1.266452e-010
4.474381617244111e-003	1.253886e+000	1.266424e-010
4.475381617244111e-003	1.253859e+000	1.266397e-010
4.476381617244112e-003	1.253832e+000	1.266370e-010
4.477381617244112e-003	1.253805e+000	1.266343e-010
4.478381617244112e-003	1.253778e+000	1.266316e-010
4.479381617244111e-003	1.253751e+000	1.266289e-010
4.482381617244111e-003	1.253670e+000	1.266207e-010
4.483381617244112e-003	1.253643e+000	1.266180e-010
4.484381617244112e-003	1.253617e+000	1.266153e-010
4.485381617244111e-003	1.253590e+000	1.266126e-010
4.486381617244111e-003	1.253563e+000	1.266098e-010
4.487381617244111e-003	1.253536e+000	1.266071e-010
4.488381617244111e-003	1.253509e+000	1.266044e-010
4.489381617244112e-003	1.253482e+000	1.266017e-010
4.490381617244112e-003	1.253455e+000	1.265990e-010
4.491381617244112e-003	1.253428e+000	1.265963e-010
4.494381617244111e-003	1.253348e+000	1.265881e-010
4.495381617244111e-003	1.253321e+000	1.265854e-010
4.496381617244112e-003	1.253294e+000	1.265827e-010
4.497381617244112e-003	1.253267e+000	1.265800e-010
4.498381617244112e-003	1.253240e+000	1.265772e-010
4.499381617244111e-003	1.253213e+000	1.265745e-010
4.500381617244111e-003	1.253186e+000	1.265718e-010
4.501381617244111e-003	1.253159e+000	1.265691e-010
4.502381617244112e-003	1.253132e+000	1.265664e-010
4.503381617244112e-003	1.253106e+000	1.265637e-010
4.507381617244111e-003	1.252998e+000	1.265528e-010
4.508381617244111e-003	1.252971e+000	1.265501e-010
4.509381617244112e-003	1.252944e+000	1.265474e-010
4.510381617244112e-003	1.252917e+000	1.265447e-010
4.511381617244112e-003	1.252891e+000	1.265419e-010
4.512381617244111e-003	1.252864e+000	1.265392e-010
4.513381617244111e-003	1.252837e+000	1.265365e-010
4.514381617244111e-003	1.252810e+000	1.265338e-010
4.515381617244112e-003	1.252783e+000	1.265311e-010
4.519381617244111e-003	1.252676e+000	1.265202e-010
4.520381617244111e-003	1.252649e+000	1.265175e-010
4.521381617244111e-003	1.252622e+000	1.265148e-010
4.522381617244112e-003	1.252595e+000	1.265121e-010
4.523381617244112e-003	1.252568e+000	1.265094e-010
4.524381617244112e-003	1.252541e+000	1.265067e-010
4.525381617244111e-003	1.252514e+000	1.265039e-010
4.526381617244111e-003	1.252487e+000	1.265012e-010
4.527381617244111e-003	1.252460e+000	1.264985e-010
4.531381617244111e-003	1.252353e+000	1.264877e-010
4.532381617244111e-003	1.252326e+000	1.264849e-010
4.533381617244111e-003	1.252299e+000	1.264822e-010
4.534381617244111e-003	1.252272e+000	1.264795e-010
4.535381617244112e-003	1.252246e+000	1.264768e-010
4.536381617244112e-003	1.252219e+000	1.264741e-010
4.537381617244112e-003	1.252192e+000	1.264714e-010
4.538381617244111e-003	1.252165e+000	1.264687e-010
4.540381617244111e-003	1.252111e+000	1.264632e-010
4.543381617244112e-003	1.252031e+000	1.264551e-010
4.544381617244111e-003	1.252004e+000	1.264524e-010
4.545381617244111e-003	1.251977e+000	1.264497e-010
4.546381617244111e-003	1.251950e+000	1.264470e-010
4.547381617244111e-003	1.251923e+000	1.264442e-010
4.548381617244112e-003	1.251896e+000	1.264415e-010
4.549381617244112e-003	1.251869e+000	1.264388e-010
4.550381617244112e-003	1.251843e+000	1.264361e-010
4.552381617244111e-003	1.251789e+000	1.264307e-010
4.555381617244112e-003	1.251708e+000	1.264225e-010
4.557381617244111e-003	1.251655e+000	1.264171e-010
4.558381617244111e-003	1.251628e+000	1.264144e-010
4.559381617244111e-003	1.251601e+000	1.264117e-010
4.560381617244111e-003	1.251574e+000	1.264090e-010
4.561381617244112e-003	1.251547e+000	1.264063e-010
4.563381617244112e-003	1.251494e+000	1.264008e-010
4.568381617244112e-003	1.251359e+000	1.263873e-010
4.570381617244112e-003	1.251306e+000	1.263819e-010
4.571381617244111e-003	1.251279e+000	1.263792e-010
4.572381617244111e-003	1.251252e+000	1.263764e-010
4.574381617244112e-003	1.251198e+000	1.263710e-010
4.576381617244112e-003	1.251145e+000	1.263656e-010
4.577238760101255e-003	1.251122e+000	1.263633e-010
4.578095902958397e-003	1.251099e+000	1.263610e-010
4.578953045815540e-003	1.251076e+000	1.263586e-010
4.579810188672684e-003	1.251053e+000	1.263563e-010
4.580667331529826e-003	1.251030e+000	1.263540e-010
4.581524474386969e-003	1.251007e+000	1.263517e-010
4.582381617244112e-003	1.250983e+000	1.263493e-010
4.584381617244111e-003	1.250930e+000	1.263439e-010
4.586381617244111e-003	1.250876e+000	1.263385e-010
4.589381617244112e-003	1.250796e+000	1.263304e-010
4.592381617244111e-003	1.250715e+000	1.263222e-010
4.594381617244112e-003	1.250661e+000	1.263168e-010
4.596381617244112e-003	1.250608e+000	1.263114e-010
4.598381617244111e-003	1.250554e+000	1.263060e-010
4.601381617244112e-003	1.250474e+000	1.262978e-010
4.602524474386969e-003	1.250443e+000	1.262947e-010
4.603667331529826e-003	1.250412e+000	1.262917e-010
4.604810188672683e-003	1.250382e+000	1.262886e-010
4.605953045815540e-003	1.250351e+000	1.262855e-010
4.607095902958398e-003	1.250320e+000	1.262824e-010
4.608238760101254e-003	1.250290e+000	1.262793e-010
4.609381617244112e-003	1.250259e+000	1.262762e-010
4.612381617244111e-003	1.250179e+000	1.262680e-010
4.613524474386969e-003	1.250148e+000	1.262649e-010
4.614667331529826e-003	1.250117e+000	1.262618e-010
4.615810188672683e-003	1.250087e+000	1.262587e-010
4.616953045815540e-003	1.250056e+000	1.262557e-010
4.618095902958397e-003	1.250025e+000	1.262526e-010
4.619238760101254e-003	1.249995e+000	1.262495e-010
4.620381617244112e-003	1.249964e+000	1.262464e-010
4.623381617244111e-003	1.249884e+000	1.262382e-010
4.624524474386969e-003	1.249853e+000	1.262351e-010
4.625667331529825e-003	1.249822e+000	1.262320e-010
4.626810188672683e-003	1.249792e+000	1.262290e-010
4.627953045815540e-003	1.249761e+000	1.262259e-010
4.629095902958397e-003	1.249730e+000	1.262228e-010
4.630238760101254e-003	1.249700e+000	1.262197e-010
4.631381617244111e-003	1.249669e+000	1.262166e-010
4.634381617244112e-003	1.249589e+000	1.262085e-010
4.635524474386968e-003	1.249558e+000	1.262054e-010
4.636667331529826e-003	1.249527e+000	1.262023e-010
4.637810188672683e-003	1.249497e+000	1.261992e-010
4.638953045815540e-003	1.249466e+000	1.261961e-010
4.640095902958397e-003	1.249435e+000	1.261930e-010
4.641238760101254e-003	1.249405e+000	1.261899e-010
4.642381617244111e-003	1.249374e+000	1.261868e-010
4.645381617244111e-003	1.249294e+000	1.261787e-010
4.646667331529826e-003	1.249259e+000	1.261752e-010
4.647953045815540e-003	1.249225e+000	1.261717e-010
4.649238760101255e-003	1.249190e+000	1.261682e-010
4.650524474386969e-003	1.249156e+000	1.261647e-010
4.651810188672683e-003	1.249121e+000	1.261613e-010
4.653095902958398e-003	1.249087e+000	1.261578e-010
4.654381617244112e-003	1.249053e+000	1.261543e-010
4.657381617244111e-003	1.248972e+000	1.261462e-010
4.658667331529825e-003	1.248938e+000	1.261427e-010
4.659953045815540e-003	1.248903e+000	1.261392e-010
4.661238760101254e-003	1.248869e+000	1.261358e-010
4.662524474386968e-003	1.248834e+000	1.261323e-010
4.663810188672683e-003	1.248800e+000	1.261288e-010
4.665095902958398e-003	1.248765e+000	1.261253e-010
4.666381617244112e-003	1.248731e+000	1.261218e-010
4.667810188672683e-003	1.248693e+000	1.261180e-010
4.669238760101255e-003	1.248655e+000	1.261141e-010
4.670667331529826e-003	1.248616e+000	1.261102e-010
4.672095902958397e-003	1.248578e+000	1.261064e-010
4.673524474386968e-003	1.248540e+000	1.261025e-010
4.674953045815540e-003	1.248501e+000	1.260986e-010
4.676381617244111e-003	1.248463e+000	1.260948e-010
4.678095902958397e-003	1.248417e+000	1.260901e-010
4.679810188672683e-003	1.248371e+000	1.260855e-010
4.681524474386968e-003	1.248325e+000	1.260809e-010
4.683238760101254e-003	1.248280e+000	1.260762e-010
4.684953045815539e-003	1.248234e+000	1.260716e-010
4.686667331529826e-003	1.248188e+000	1.260670e-010
4.688381617244111e-003	1.248142e+000	1.260623e-010
4.690238760101254e-003	1.248092e+000	1.260573e-010
4.692095902958397e-003	1.248042e+000	1.260523e-010
4.693953045815540e-003	1.247993e+000	1.260473e-010
4.695810188672682e-003	1.247943e+000	1.260422e-010
4.697667331529825e-003	1.247893e+000	1.260372e-010
4.699524474386968e-003	1.247843e+000	1.260322e-010
4.701381617244111e-003	1.247794e+000	1.260272e-010
4.703238760101254e-003	1.247744e+000	1.260221e-010
4.705095902958397e-003	1.247694e+000	1.260171e-010
4.706953045815540e-003	1.247645e+000	1.260121e-010
4.708810188672682e-003	1.247595e+000	1.260071e-010
4.710667331529825e-003	1.247545e+000	1.260021e-010
4.712524474386968e-003	1.247496e+000	1.259970e-010
4.714381617244111e-003	1.247446e+000	1.259920e-010
4.716238760101254e-003	1.247396e+000	1.259870e-010
4.718095902958397e-003	1.247346e+000	1.259820e-010
4.719953045815540e-003	1.247297e+000	1.259770e-010
4.721810188672683e-003	1.247247e+000	1.259719e-010
4.723667331529826e-003	1.247197e+000	1.259669e-010
4.725524474386969e-003	1.247148e+000	1.259619e-010
4.727381617244112e-003	1.247098e+000	1.259569e-010
4.729381617244112e-003	1.247044e+000	1.259515e-010
4.731381617244112e-003	1.246991e+000	1.259461e-010
4.733381617244112e-003	1.246937e+000	1.259407e-010
4.735381617244111e-003	1.246884e+000	1.259353e-010
4.737381617244111e-003	1.246830e+000	1.259299e-010
4.739381617244111e-003	1.246777e+000	1.259245e-010
4.741381617244111e-003	1.246723e+000	1.259191e-010
4.743810188672683e-003	1.246658e+000	1.259125e-010
4.746238760101254e-003	1.246594e+000	1.259059e-010
4.748667331529826e-003	1.246529e+000	1.258994e-010
4.751095902958397e-003	1.246464e+000	1.258928e-010
4.753524474386968e-003	1.246399e+000	1.258863e-010
4.755953045815540e-003	1.246334e+000	1.258797e-010
4.758381617244112e-003	1.246269e+000	1.258731e-010
4.761095902958397e-003	1.246196e+000	1.258658e-010
4.763810188672683e-003	1.246124e+000	1.258585e-010
4.766524474386968e-003	1.246051e+000	1.258512e-010
4.769238760101255e-003	1.245979e+000	1.258438e-010
4.771953045815540e-003	1.245906e+000	1.258365e-010
4.774667331529826e-003	1.245833e+000	1.258292e-010
4.777381617244112e-003	1.245761e+000	1.258219e-010
4.781238760101255e-003	1.245658e+000	1.258114e-010
4.785095902958397e-003	1.245555e+000	1.258010e-010
4.788953045815540e-003	1.245452e+000	1.257906e-010
4.792810188672683e-003	1.245349e+000	1.257802e-010
4.796667331529826e-003	1.245246e+000	1.257698e-010
4.800524474386969e-003	1.245143e+000	1.257594e-010
4.804381617244112e-003	1.245039e+000	1.257490e-010
4.808810188672683e-003	1.244921e+000	1.257370e-010
4.813238760101255e-003	1.244803e+000	1.257251e-010
4.817667331529826e-003	1.244685e+000	1.257132e-010
4.822095902958398e-003	1.244566e+000	1.257012e-010
4.826524474386969e-003	1.244448e+000	1.256893e-010
4.830953045815540e-003	1.244330e+000	1.256773e-010
4.835381617244111e-003	1.244212e+000	1.256654e-010
4.946381617244111e-003	1.241252e+000	1.253665e-010
4.997381617244111e-003	1.239895e+000	1.252294e-010
4.998381617244111e-003	1.239869e+000	1.252267e-010
4.999000000000000e-003	1.239852e+000	1.252251e-010
5.000000000000000e-003	1.239825e+000	1.252224e-010
5.970000000000001e-003	1.214296e+000	1.226439e-010
6.994000000000000e-003	1.187922e+000	1.199801e-010
6.999000000000000e-003	1.187795e+000	1.199673e-010
7.000000000000000e-003	1.187782e+000	1.199660e-010
