time	V(vout)	-I(Rl)
0.000000000000000e+000	1.027415e+000	1.037689e-010
9.999999960041972e-012	1.027415e+000	1.037689e-010
1.999999992008394e-011	1.027415e+000	1.037689e-010
3.999999984016789e-011	1.027415e+000	1.037689e-010
7.999999968033578e-011	1.027415e+000	1.037689e-010
1.599999993606716e-010	1.027415e+000	1.037689e-010
3.199999987213431e-010	1.027415e+000	1.037689e-010
6.399999974426862e-010	1.027415e+000	1.037689e-010
1.279999994885372e-009	1.027415e+000	1.037689e-010
2.559999989770745e-009	1.027415e+000	1.037689e-010
5.119999979541490e-009	1.027415e+000	1.037689e-010
1.023999995908298e-008	1.027415e+000	1.037689e-010
2.047999991816596e-008	1.027415e+000	1.037689e-010
4.095999983633192e-008	1.027415e+000	1.037689e-010
8.191999967266384e-008	1.027415e+000	1.037689e-010
1.638399993453277e-007	1.027415e+000	1.037689e-010
6.553599973813107e-007	1.027415e+000	1.037689e-010
1.310719994762621e-006	1.027415e+000	1.037689e-010
2.310719994762622e-006	1.027415e+000	1.037689e-010
3.310719994762621e-006	1.027415e+000	1.037689e-010
4.310719994762621e-006	1.027415e+000	1.037689e-010
7.310719994762622e-006	1.027415e+000	1.037689e-010
8.310719994762622e-006	1.027415e+000	1.037689e-010
9.310719994762621e-006	1.027415e+000	1.037689e-010
1.031071999476262e-005	1.027415e+000	1.037689e-010
1.131071999476262e-005	1.027415e+000	1.037689e-010
1.231071999476262e-005	1.027415e+000	1.037689e-010
1.331071999476262e-005	1.027415e+000	1.037689e-010
1.431071999476262e-005	1.027415e+000	1.037689e-010
1.531071999476262e-005	1.027415e+000	1.037689e-010
1.731071999476262e-005	1.027415e+000	1.037689e-010
2.031071999476262e-005	1.027415e+000	1.037689e-010
2.131071999476262e-005	1.027415e+000	1.037689e-010
2.231071999476262e-005	1.027415e+000	1.037689e-010
2.331071999476262e-005	1.027415e+000	1.037689e-010
2.431071999476262e-005	1.027415e+000	1.037689e-010
2.531071999476262e-005	1.027415e+000	1.037689e-010
2.631071999476262e-005	1.027415e+000	1.037689e-010
2.831071999476262e-005	1.027415e+000	1.037689e-010
2.902500570904833e-005	1.027415e+000	1.037689e-010
2.973929142333405e-005	1.027415e+000	1.037689e-010
3.045357713761976e-005	1.027415e+000	1.037689e-010
3.116786285190548e-005	1.027415e+000	1.037689e-010
3.188214856619119e-005	1.027415e+000	1.037689e-010
3.259643428047691e-005	1.027415e+000	1.037689e-010
3.331071999476262e-005	1.027415e+000	1.037689e-010
3.431071999476262e-005	1.027415e+000	1.037689e-010
3.531071999476262e-005	1.027415e+000	1.037689e-010
3.631071999476262e-005	1.027415e+000	1.037689e-010
3.731071999476262e-005	1.027415e+000	1.037689e-010
3.831071999476262e-005	1.027415e+000	1.037689e-010
4.031071999476262e-005	1.027415e+000	1.037689e-010
4.116786285190548e-005	1.027415e+000	1.037689e-010
4.202500570904834e-005	1.027415e+000	1.037689e-010
4.288214856619120e-005	1.027415e+000	1.037689e-010
4.373929142333406e-005	1.027415e+000	1.037689e-010
4.459643428047691e-005	1.027415e+000	1.037689e-010
4.545357713761977e-005	1.027415e+000	1.037689e-010
4.631071999476262e-005	1.027415e+000	1.037689e-010
4.731071999476262e-005	1.027415e+000	1.037689e-010
4.831071999476262e-005	1.027415e+000	1.037689e-010
5.031071999476262e-005	1.027415e+000	1.037689e-010
5.231071999476262e-005	1.027415e+000	1.037689e-010
5.316786285190548e-005	1.027415e+000	1.037689e-010
5.402500570904834e-005	1.027415e+000	1.037689e-010
5.488214856619120e-005	1.027415e+000	1.037689e-010
5.573929142333406e-005	1.027415e+000	1.037689e-010
5.659643428047691e-005	1.027415e+000	1.037689e-010
5.745357713761977e-005	1.027415e+000	1.037689e-010
5.831071999476262e-005	1.027415e+000	1.037689e-010
6.031071999476262e-005	1.027415e+000	1.037689e-010
6.231071999476263e-005	1.027415e+000	1.037689e-010
6.431071999476262e-005	1.027415e+000	1.037689e-010
6.531071999476262e-005	1.027415e+000	1.037689e-010
6.631071999476262e-005	1.027415e+000	1.037689e-010
6.731071999476263e-005	1.027415e+000	1.037689e-010
6.831071999476262e-005	1.027415e+000	1.037689e-010
6.931071999476262e-005	1.027415e+000	1.037689e-010
7.031071999476262e-005	1.027415e+000	1.037689e-010
7.131071999476262e-005	1.027415e+000	1.037689e-010
7.331071999476262e-005	1.027415e+000	1.037689e-010
7.531071999476262e-005	1.027415e+000	1.037689e-010
7.631071999476262e-005	1.027415e+000	1.037689e-010
7.731071999476263e-005	1.027415e+000	1.037689e-010
7.831071999476262e-005	1.027415e+000	1.037689e-010
7.931071999476262e-005	1.027415e+000	1.037689e-010
8.031071999476263e-005	1.027415e+000	1.037689e-010
8.131071999476263e-005	1.027415e+000	1.037689e-010
8.231071999476263e-005	1.027415e+000	1.037689e-010
8.431071999476262e-005	1.027415e+000	1.037689e-010
8.631071999476263e-005	1.027415e+000	1.037689e-010
8.931071999476262e-005	1.027415e+000	1.037689e-010
9.045357713761977e-005	1.027415e+000	1.037689e-010
9.159643428047690e-005	1.027415e+000	1.037689e-010
9.273929142333405e-005	1.027415e+000	1.037689e-010
9.388214856619119e-005	1.027415e+000	1.037689e-010
9.502500570904834e-005	1.027415e+000	1.037689e-010
9.616786285190549e-005	1.027415e+000	1.037689e-010
9.731071999476262e-005	1.027415e+000	1.037689e-010
1.003107199947626e-004	1.027415e+000	1.037689e-010
1.014535771376198e-004	1.027415e+000	1.037689e-010
1.025964342804769e-004	1.027415e+000	1.037689e-010
1.037392914233341e-004	1.027415e+000	1.037689e-010
1.048821485661912e-004	1.027415e+000	1.037689e-010
1.060250057090483e-004	1.027415e+000	1.037689e-010
1.071678628519055e-004	1.027415e+000	1.037689e-010
1.083107199947626e-004	1.027415e+000	1.037689e-010
1.113107199947626e-004	1.027415e+000	1.037689e-010
1.193107199947626e-004	1.027415e+000	1.037689e-010
1.223107199947626e-004	1.027415e+000	1.037689e-010
1.235964342804769e-004	1.027415e+000	1.037689e-010
1.248821485661912e-004	1.027415e+000	1.037689e-010
1.261678628519055e-004	1.027415e+000	1.037689e-010
1.274535771376198e-004	1.027415e+000	1.037689e-010
1.287392914233340e-004	1.027415e+000	1.037689e-010
1.300250057090483e-004	1.027415e+000	1.037689e-010
1.313107199947626e-004	1.027415e+000	1.037689e-010
1.343107199947626e-004	1.027415e+000	1.037689e-010
1.355964342804769e-004	1.027415e+000	1.037689e-010
1.368821485661912e-004	1.027415e+000	1.037689e-010
1.381678628519055e-004	1.027415e+000	1.037689e-010
1.394535771376198e-004	1.027415e+000	1.037689e-010
1.407392914233341e-004	1.027415e+000	1.037689e-010
1.420250057090484e-004	1.027415e+000	1.037689e-010
1.433107199947626e-004	1.027415e+000	1.037689e-010
1.448821485661912e-004	1.027415e+000	1.037689e-010
1.464535771376198e-004	1.027415e+000	1.037689e-010
1.480250057090483e-004	1.027415e+000	1.037689e-010
1.495964342804769e-004	1.027415e+000	1.037689e-010
1.511678628519055e-004	1.027415e+000	1.037689e-010
1.527392914233341e-004	1.027415e+000	1.037689e-010
1.543107199947626e-004	1.027415e+000	1.037689e-010
1.560250057090483e-004	1.027415e+000	1.037689e-010
1.577392914233341e-004	1.027415e+000	1.037689e-010
1.594535771376198e-004	1.027415e+000	1.037689e-010
1.611678628519055e-004	1.027415e+000	1.037689e-010
1.628821485661912e-004	1.027415e+000	1.037689e-010
1.645964342804769e-004	1.027415e+000	1.037689e-010
1.663107199947626e-004	1.027415e+000	1.037689e-010
1.680250057090483e-004	1.027415e+000	1.037689e-010
1.697392914233341e-004	1.027415e+000	1.037689e-010
1.714535771376198e-004	1.027415e+000	1.037689e-010
1.731678628519055e-004	1.027415e+000	1.037689e-010
1.748821485661912e-004	1.027415e+000	1.037689e-010
1.765964342804769e-004	1.027415e+000	1.037689e-010
1.783107199947626e-004	1.027415e+000	1.037689e-010
1.801678628519055e-004	1.027415e+000	1.037689e-010
1.820250057090483e-004	1.027415e+000	1.037689e-010
1.838821485661912e-004	1.027415e+000	1.037689e-010
1.857392914233341e-004	1.027415e+000	1.037689e-010
1.875964342804769e-004	1.027415e+000	1.037689e-010
1.894535771376198e-004	1.027415e+000	1.037689e-010
1.913107199947626e-004	1.027415e+000	1.037689e-010
1.933107199947626e-004	1.027415e+000	1.037689e-010
1.953107199947626e-004	1.027415e+000	1.037689e-010
1.973107199947626e-004	1.027415e+000	1.037689e-010
1.993107199947626e-004	1.027415e+000	1.037689e-010
2.013107199947626e-004	1.027415e+000	1.037689e-010
2.033107199947626e-004	1.027415e+000	1.037689e-010
2.053107199947626e-004	1.027415e+000	1.037689e-010
2.074535771376198e-004	1.027415e+000	1.037689e-010
2.095964342804769e-004	1.027415e+000	1.037689e-010
2.117392914233341e-004	1.027415e+000	1.037689e-010
2.138821485661912e-004	1.027415e+000	1.037689e-010
2.160250057090483e-004	1.027415e+000	1.037689e-010
2.181678628519055e-004	1.027415e+000	1.037689e-010
2.203107199947626e-004	1.027415e+000	1.037689e-010
2.234535771376198e-004	1.027415e+000	1.037689e-010
2.265964342804769e-004	1.027415e+000	1.037689e-010
2.297392914233341e-004	1.027415e+000	1.037689e-010
2.328821485661912e-004	1.027415e+000	1.037689e-010
2.360250057090483e-004	1.027415e+000	1.037689e-010
2.391678628519055e-004	1.027415e+000	1.037689e-010
2.423107199947626e-004	1.027415e+000	1.037689e-010
2.461678628519055e-004	1.027415e+000	1.037689e-010
2.500250057090483e-004	1.027415e+000	1.037689e-010
2.538821485661912e-004	1.027415e+000	1.037689e-010
2.577392914233341e-004	1.027415e+000	1.037689e-010
2.615964342804769e-004	1.027415e+000	1.037689e-010
2.654535771376198e-004	1.027415e+000	1.037689e-010
2.693107199947626e-004	1.027415e+000	1.037689e-010
2.731678628519055e-004	1.027415e+000	1.037689e-010
2.770250057090483e-004	1.027415e+000	1.037689e-010
2.808821485661912e-004	1.027415e+000	1.037689e-010
2.847392914233341e-004	1.027415e+000	1.037689e-010
2.885964342804769e-004	1.027415e+000	1.037689e-010
2.924535771376198e-004	1.027415e+000	1.037689e-010
2.963107199947626e-004	1.027415e+000	1.037689e-010
1.006310719994763e-003	1.027415e+000	1.037689e-010
1.998310719994763e-003	1.027415e+000	1.037689e-010
2.000000000000000e-003	1.027415e+000	1.037689e-010
2.000002027735167e-003	7.053337e-001	3.628619e-001
2.000006083205500e-003	5.324031e-001	5.324031e-001
2.000006863503560e-003	5.333583e-001	5.333583e-001
2.000007417176377e-003	5.334659e-001	5.334659e-001
2.000007936156363e-003	5.335986e-001	5.335986e-001
2.000008156176456e-003	5.333526e-001	5.333526e-001
2.000008283006742e-003	5.330721e-001	5.330721e-001
2.000008380456720e-003	5.331979e-001	5.331979e-001
2.000008489114627e-003	5.331925e-001	5.331925e-001
2.000008637842004e-003	5.331894e-001	5.331894e-001
2.000008935296757e-003	5.331783e-001	5.331783e-001
2.000009530206264e-003	5.331691e-001	5.331691e-001
2.000010720025277e-003	5.332063e-001	5.332063e-001
2.000012810530484e-003	5.334615e-001	5.334615e-001
2.000014962643042e-003	5.340456e-001	5.340456e-001
2.000017848037536e-003	5.354066e-001	5.354066e-001
2.000021233812063e-003	5.378139e-001	5.378139e-001
2.000026526043346e-003	5.428212e-001	5.428212e-001
2.000031866997792e-003	5.488290e-001	5.488290e-001
2.000037533870636e-003	5.558205e-001	5.558205e-001
2.000042726482034e-003	5.624285e-001	5.624285e-001
2.000048701684748e-003	5.700109e-001	5.700109e-001
2.000054964394799e-003	5.777499e-001	5.777499e-001
2.000062388394231e-003	5.865220e-001	5.865220e-001
2.000070488958894e-003	5.955098e-001	5.955098e-001
2.000080335848590e-003	6.055783e-001	6.055783e-001
2.000091678966194e-003	6.160790e-001	6.160790e-001
2.000104194267722e-003	6.263992e-001	6.263992e-001
2.000117337613595e-003	6.359141e-001	6.359141e-001
2.000132656752285e-003	6.455665e-001	6.455665e-001
2.000147186793030e-003	6.535183e-001	6.535183e-001
2.000160378796837e-003	6.598231e-001	6.598231e-001
2.000172140682061e-003	6.647829e-001	6.647829e-001
2.000185503416325e-003	6.697985e-001	6.697985e-001
2.000198312499125e-003	6.740844e-001	6.740844e-001
2.000216108929611e-003	6.794062e-001	6.794062e-001
2.000234864258681e-003	6.845519e-001	6.845519e-001
2.000254244556814e-003	6.897900e-001	6.897900e-001
2.000272850478277e-003	6.956103e-001	6.956103e-001
2.000292658555953e-003	7.043133e-001	7.043133e-001
2.000311313273648e-003	7.175397e-001	7.175397e-001
2.000331093742432e-003	7.400743e-001	7.400743e-001
2.000350337808836e-003	7.721359e-001	7.721359e-001
2.000370534823783e-003	8.152230e-001	8.152230e-001
2.000394657639723e-003	8.716859e-001	8.716859e-001
2.000417424888848e-003	9.228500e-001	9.228500e-001
2.000431254721081e-003	9.498554e-001	9.498554e-001
2.000441786611973e-003	9.666787e-001	9.666787e-001
2.000452311613031e-003	9.798844e-001	9.798844e-001
2.000464318068986e-003	9.908275e-001	9.908275e-001
2.000475980716030e-003	9.975029e-001	9.975029e-001
2.000486580147774e-003	1.000245e+000	1.000245e+000
2.000497328157289e-003	1.000212e+000	1.000212e+000
2.000511485934813e-003	9.977421e-001	9.977421e-001
2.000526510600560e-003	9.942416e-001	9.942416e-001
2.000539548892526e-003	9.915191e-001	9.915191e-001
2.000552306770212e-003	9.894503e-001	9.894503e-001
2.000565645434954e-003	9.876318e-001	9.876318e-001
2.000576543555743e-003	9.862043e-001	9.862043e-001
2.000588511551509e-003	9.845886e-001	9.845886e-001
2.000602459118230e-003	9.826059e-001	9.826059e-001
2.000616225326077e-003	9.805393e-001	9.805393e-001
2.000631407767220e-003	9.781482e-001	9.781482e-001
2.000647432802995e-003	9.755279e-001	9.755279e-001
2.000666001021296e-003	9.724082e-001	9.724082e-001
2.000683637827793e-003	9.693944e-001	9.693944e-001
2.000702453400033e-003	9.661523e-001	9.661523e-001
2.000720433500356e-003	9.630525e-001	9.630525e-001
2.000740415913270e-003	9.596288e-001	9.596288e-001
2.000761527210961e-003	9.560626e-001	9.560626e-001
2.000788077880959e-003	9.516947e-001	9.516947e-001
2.000822030783770e-003	9.463308e-001	9.463308e-001
2.000849880689330e-003	9.422114e-001	9.422114e-001
2.000883847500848e-003	9.376547e-001	9.376547e-001
2.000914683682790e-003	9.341747e-001	9.341747e-001
2.000961365259146e-003	9.306204e-001	9.306204e-001
2.001028017299535e-003	9.288122e-001	9.288122e-001
2.001078542165137e-003	9.302810e-001	9.302810e-001
2.001118743657576e-003	9.336281e-001	9.336281e-001
2.001164132766273e-003	9.392591e-001	9.392591e-001
2.001213872241245e-003	9.467880e-001	9.467880e-001
2.001264878839160e-003	9.552355e-001	9.552355e-001
2.001326442975359e-003	9.654802e-001	9.654802e-001
2.001391663866747e-003	9.757212e-001	9.757212e-001
2.001458458605717e-003	9.852021e-001	9.852021e-001
2.001529595540957e-003	9.940904e-001	9.940904e-001
2.001599947304818e-003	1.001603e+000	1.001603e+000
2.001694378931560e-003	1.009612e+000	1.009612e+000
2.001850686503098e-003	1.019027e+000	1.019027e+000
2.002007026334179e-003	1.024598e+000	1.024598e+000
2.002165443399011e-003	1.027008e+000	1.027008e+000
2.002352805603684e-003	1.027691e+000	1.027691e+000
2.002527999483270e-003	1.027560e+000	1.027560e+000
2.002706084971401e-003	1.027329e+000	1.027329e+000
2.002897835486846e-003	1.027228e+000	1.027228e+000
2.003144407362981e-003	1.027229e+000	1.027229e+000
2.003506629882591e-003	1.027258e+000	1.027258e+000
2.004096769738093e-003	1.027261e+000	1.027261e+000
2.004722824474680e-003	1.027252e+000	1.027252e+000
2.005722824474680e-003	1.027247e+000	1.027247e+000
2.006722824474680e-003	1.027240e+000	1.027240e+000
2.007722824474680e-003	1.027234e+000	1.027234e+000
2.008722824474681e-003	1.027230e+000	1.027230e+000
2.009722824474680e-003	1.027225e+000	1.027225e+000
2.010722824474680e-003	1.027221e+000	1.027221e+000
2.011722824474680e-003	1.027217e+000	1.027217e+000
2.012722824474680e-003	1.027214e+000	1.027214e+000
2.013722824474680e-003	1.027211e+000	1.027211e+000
2.014722824474680e-003	1.027209e+000	1.027209e+000
2.015722824474680e-003	1.027207e+000	1.027207e+000
2.016722824474680e-003	1.027205e+000	1.027205e+000
2.017722824474680e-003	1.027203e+000	1.027203e+000
2.018722824474680e-003	1.027201e+000	1.027201e+000
2.019722824474680e-003	1.027200e+000	1.027200e+000
2.020722824474680e-003	1.027199e+000	1.027199e+000
2.021722824474681e-003	1.027198e+000	1.027198e+000
2.022722824474680e-003	1.027197e+000	1.027197e+000
2.023722824474680e-003	1.027196e+000	1.027196e+000
2.024722824474680e-003	1.027195e+000	1.027195e+000
2.025722824474680e-003	1.027195e+000	1.027195e+000
2.026722824474680e-003	1.027194e+000	1.027194e+000
2.027722824474680e-003	1.027194e+000	1.027194e+000
2.028722824474680e-003	1.027193e+000	1.027193e+000
2.029722824474680e-003	1.027193e+000	1.027193e+000
2.030722824474680e-003	1.027193e+000	1.027193e+000
2.031722824474680e-003	1.027193e+000	1.027193e+000
2.032722824474680e-003	1.027193e+000	1.027193e+000
2.033722824474680e-003	1.027193e+000	1.027193e+000
2.034722824474681e-003	1.027193e+000	1.027193e+000
2.035722824474680e-003	1.027193e+000	1.027193e+000
2.036722824474680e-003	1.027193e+000	1.027193e+000
2.037722824474680e-003	1.027193e+000	1.027193e+000
2.038722824474680e-003	1.027193e+000	1.027193e+000
2.039722824474680e-003	1.027193e+000	1.027193e+000
2.040722824474680e-003	1.027193e+000	1.027193e+000
2.041722824474680e-003	1.027193e+000	1.027193e+000
2.042722824474680e-003	1.027193e+000	1.027193e+000
2.043722824474680e-003	1.027194e+000	1.027194e+000
2.044722824474681e-003	1.027194e+000	1.027194e+000
2.045722824474680e-003	1.027194e+000	1.027194e+000
2.046722824474680e-003	1.027194e+000	1.027194e+000
2.047722824474681e-003	1.027194e+000	1.027194e+000
2.048722824474680e-003	1.027194e+000	1.027194e+000
2.049722824474680e-003	1.027195e+000	1.027195e+000
2.050722824474680e-003	1.027195e+000	1.027195e+000
2.051722824474680e-003	1.027195e+000	1.027195e+000
2.052722824474680e-003	1.027195e+000	1.027195e+000
2.053722824474680e-003	1.027196e+000	1.027196e+000
2.054722824474680e-003	1.027196e+000	1.027196e+000
2.055722824474680e-003	1.027196e+000	1.027196e+000
2.056722824474680e-003	1.027196e+000	1.027196e+000
2.057722824474681e-003	1.027197e+000	1.027197e+000
2.058722824474680e-003	1.027197e+000	1.027197e+000
2.059722824474680e-003	1.027197e+000	1.027197e+000
2.060722824474680e-003	1.027197e+000	1.027197e+000
2.061722824474680e-003	1.027198e+000	1.027198e+000
2.062722824474680e-003	1.027198e+000	1.027198e+000
2.063722824474680e-003	1.027198e+000	1.027198e+000
2.064722824474680e-003	1.027198e+000	1.027198e+000
2.065722824474680e-003	1.027198e+000	1.027198e+000
2.066722824474680e-003	1.027199e+000	1.027199e+000
2.067722824474680e-003	1.027199e+000	1.027199e+000
2.068722824474680e-003	1.027199e+000	1.027199e+000
2.069722824474680e-003	1.027199e+000	1.027199e+000
2.070722824474681e-003	1.027200e+000	1.027200e+000
2.071722824474680e-003	1.027200e+000	1.027200e+000
2.072722824474680e-003	1.027200e+000	1.027200e+000
2.073722824474680e-003	1.027200e+000	1.027200e+000
2.074722824474680e-003	1.027200e+000	1.027200e+000
2.075722824474680e-003	1.027201e+000	1.027201e+000
2.076722824474680e-003	1.027201e+000	1.027201e+000
2.077722824474680e-003	1.027201e+000	1.027201e+000
2.078722824474680e-003	1.027201e+000	1.027201e+000
2.079722824474680e-003	1.027201e+000	1.027201e+000
2.080722824474680e-003	1.027202e+000	1.027202e+000
2.081722824474680e-003	1.027202e+000	1.027202e+000
2.082722824474680e-003	1.027202e+000	1.027202e+000
2.083722824474681e-003	1.027202e+000	1.027202e+000
2.084722824474680e-003	1.027202e+000	1.027202e+000
2.085722824474680e-003	1.027203e+000	1.027203e+000
2.086722824474680e-003	1.027203e+000	1.027203e+000
2.087722824474680e-003	1.027203e+000	1.027203e+000
2.088722824474680e-003	1.027203e+000	1.027203e+000
2.089722824474680e-003	1.027203e+000	1.027203e+000
2.090722824474680e-003	1.027204e+000	1.027204e+000
2.091722824474680e-003	1.027204e+000	1.027204e+000
2.092722824474680e-003	1.027204e+000	1.027204e+000
2.093722824474681e-003	1.027204e+000	1.027204e+000
2.094722824474680e-003	1.027204e+000	1.027204e+000
2.095722824474680e-003	1.027204e+000	1.027204e+000
2.096722824474681e-003	1.027205e+000	1.027205e+000
2.097722824474680e-003	1.027205e+000	1.027205e+000
2.098722824474680e-003	1.027205e+000	1.027205e+000
2.099722824474680e-003	1.027205e+000	1.027205e+000
2.100722824474680e-003	1.027205e+000	1.027205e+000
2.101722824474680e-003	1.027205e+000	1.027205e+000
2.102722824474680e-003	1.027205e+000	1.027205e+000
2.103722824474680e-003	1.027206e+000	1.027206e+000
2.104722824474680e-003	1.027206e+000	1.027206e+000
2.106722824474681e-003	1.027206e+000	1.027206e+000
2.107722824474680e-003	1.027206e+000	1.027206e+000
2.108722824474680e-003	1.027206e+000	1.027206e+000
2.109722824474680e-003	1.027207e+000	1.027207e+000
2.110722824474680e-003	1.027207e+000	1.027207e+000
2.111722824474680e-003	1.027207e+000	1.027207e+000
2.112722824474680e-003	1.027207e+000	1.027207e+000
2.113722824474680e-003	1.027207e+000	1.027207e+000
2.114722824474680e-003	1.027207e+000	1.027207e+000
2.115722824474680e-003	1.027207e+000	1.027207e+000
2.116722824474680e-003	1.027208e+000	1.027208e+000
2.117722824474680e-003	1.027208e+000	1.027208e+000
2.118722824474680e-003	1.027208e+000	1.027208e+000
2.119722824474681e-003	1.027208e+000	1.027208e+000
2.120722824474680e-003	1.027208e+000	1.027208e+000
2.121722824474680e-003	1.027208e+000	1.027208e+000
2.122722824474680e-003	1.027208e+000	1.027208e+000
2.123722824474680e-003	1.027208e+000	1.027208e+000
2.124722824474680e-003	1.027209e+000	1.027209e+000
2.125722824474680e-003	1.027209e+000	1.027209e+000
2.126722824474680e-003	1.027209e+000	1.027209e+000
2.127722824474680e-003	1.027209e+000	1.027209e+000
2.128722824474680e-003	1.027209e+000	1.027209e+000
2.129722824474680e-003	1.027209e+000	1.027209e+000
2.130722824474680e-003	1.027209e+000	1.027209e+000
2.131722824474680e-003	1.027209e+000	1.027209e+000
2.132722824474681e-003	1.027210e+000	1.027210e+000
2.133722824474680e-003	1.027210e+000	1.027210e+000
2.134722824474680e-003	1.027210e+000	1.027210e+000
2.135722824474680e-003	1.027210e+000	1.027210e+000
2.136722824474680e-003	1.027210e+000	1.027210e+000
2.137722824474680e-003	1.027210e+000	1.027210e+000
2.138722824474680e-003	1.027210e+000	1.027210e+000
2.139722824474680e-003	1.027210e+000	1.027210e+000
2.140722824474680e-003	1.027210e+000	1.027210e+000
2.141722824474680e-003	1.027210e+000	1.027210e+000
2.142722824474681e-003	1.027211e+000	1.027211e+000
2.143722824474680e-003	1.027211e+000	1.027211e+000
2.144722824474680e-003	1.027211e+000	1.027211e+000
2.145722824474680e-003	1.027211e+000	1.027211e+000
2.146722824474680e-003	1.027211e+000	1.027211e+000
2.147722824474680e-003	1.027211e+000	1.027211e+000
2.148722824474680e-003	1.027211e+000	1.027211e+000
2.149722824474680e-003	1.027211e+000	1.027211e+000
2.150722824474680e-003	1.027211e+000	1.027211e+000
2.151722824474680e-003	1.027211e+000	1.027211e+000
2.152722824474680e-003	1.027212e+000	1.027212e+000
2.153722824474680e-003	1.027212e+000	1.027212e+000
2.154722824474680e-003	1.027212e+000	1.027212e+000
2.155722824474681e-003	1.027212e+000	1.027212e+000
2.156722824474680e-003	1.027212e+000	1.027212e+000
2.157722824474680e-003	1.027212e+000	1.027212e+000
2.158722824474680e-003	1.027212e+000	1.027212e+000
2.159722824474680e-003	1.027212e+000	1.027212e+000
2.160722824474680e-003	1.027212e+000	1.027212e+000
2.161722824474680e-003	1.027212e+000	1.027212e+000
2.162722824474680e-003	1.027212e+000	1.027212e+000
2.163722824474680e-003	1.027213e+000	1.027213e+000
2.164722824474680e-003	1.027213e+000	1.027213e+000
2.165722824474680e-003	1.027213e+000	1.027213e+000
2.166722824474680e-003	1.027213e+000	1.027213e+000
2.167722824474680e-003	1.027213e+000	1.027213e+000
2.168722824474681e-003	1.027213e+000	1.027213e+000
2.169722824474680e-003	1.027213e+000	1.027213e+000
2.170722824474680e-003	1.027213e+000	1.027213e+000
2.171722824474680e-003	1.027213e+000	1.027213e+000
2.172722824474680e-003	1.027213e+000	1.027213e+000
2.173722824474680e-003	1.027213e+000	1.027213e+000
2.174722824474680e-003	1.027213e+000	1.027213e+000
2.175722824474680e-003	1.027213e+000	1.027213e+000
2.176722824474680e-003	1.027213e+000	1.027213e+000
2.177722824474680e-003	1.027214e+000	1.027214e+000
2.179722824474680e-003	1.027214e+000	1.027214e+000
2.180722824474680e-003	1.027214e+000	1.027214e+000
2.181722824474681e-003	1.027214e+000	1.027214e+000
2.182722824474680e-003	1.027214e+000	1.027214e+000
2.183722824474680e-003	1.027214e+000	1.027214e+000
2.184722824474680e-003	1.027214e+000	1.027214e+000
2.185722824474680e-003	1.027214e+000	1.027214e+000
2.186722824474680e-003	1.027214e+000	1.027214e+000
2.187722824474680e-003	1.027214e+000	1.027214e+000
2.188722824474680e-003	1.027214e+000	1.027214e+000
2.189722824474680e-003	1.027214e+000	1.027214e+000
2.191722824474680e-003	1.027215e+000	1.027215e+000
2.192722824474680e-003	1.027215e+000	1.027215e+000
2.193722824474680e-003	1.027215e+000	1.027215e+000
2.194722824474680e-003	1.027215e+000	1.027215e+000
2.195722824474680e-003	1.027215e+000	1.027215e+000
2.196722824474680e-003	1.027215e+000	1.027215e+000
2.197722824474680e-003	1.027215e+000	1.027215e+000
2.198722824474680e-003	1.027215e+000	1.027215e+000
2.199722824474680e-003	1.027215e+000	1.027215e+000
2.200722824474680e-003	1.027215e+000	1.027215e+000
2.201722824474680e-003	1.027215e+000	1.027215e+000
2.203722824474680e-003	1.027215e+000	1.027215e+000
2.204722824474681e-003	1.027215e+000	1.027215e+000
2.205722824474680e-003	1.027215e+000	1.027215e+000
2.206722824474680e-003	1.027215e+000	1.027215e+000
2.207722824474680e-003	1.027215e+000	1.027215e+000
2.208722824474680e-003	1.027215e+000	1.027215e+000
2.209722824474680e-003	1.027215e+000	1.027215e+000
2.210722824474680e-003	1.027216e+000	1.027216e+000
2.211722824474680e-003	1.027216e+000	1.027216e+000
2.212722824474680e-003	1.027216e+000	1.027216e+000
2.213722824474680e-003	1.027216e+000	1.027216e+000
2.215722824474680e-003	1.027216e+000	1.027216e+000
2.216722824474680e-003	1.027216e+000	1.027216e+000
2.217722824474681e-003	1.027216e+000	1.027216e+000
2.218722824474680e-003	1.027216e+000	1.027216e+000
2.219722824474680e-003	1.027216e+000	1.027216e+000
2.220722824474680e-003	1.027216e+000	1.027216e+000
2.221722824474680e-003	1.027216e+000	1.027216e+000
2.222722824474680e-003	1.027216e+000	1.027216e+000
2.223722824474680e-003	1.027216e+000	1.027216e+000
2.224722824474680e-003	1.027216e+000	1.027216e+000
2.225722824474680e-003	1.027216e+000	1.027216e+000
2.226722824474680e-003	1.027216e+000	1.027216e+000
2.227722824474680e-003	1.027216e+000	1.027216e+000
2.228722824474680e-003	1.027216e+000	1.027216e+000
2.229722824474680e-003	1.027216e+000	1.027216e+000
2.230722824474681e-003	1.027216e+000	1.027216e+000
2.231722824474680e-003	1.027217e+000	1.027217e+000
2.232722824474680e-003	1.027217e+000	1.027217e+000
2.233722824474680e-003	1.027217e+000	1.027217e+000
2.234722824474680e-003	1.027217e+000	1.027217e+000
2.235722824474680e-003	1.027217e+000	1.027217e+000
2.236722824474680e-003	1.027217e+000	1.027217e+000
2.237722824474680e-003	1.027217e+000	1.027217e+000
2.238722824474680e-003	1.027217e+000	1.027217e+000
2.240722824474680e-003	1.027217e+000	1.027217e+000
2.241722824474680e-003	1.027217e+000	1.027217e+000
2.242722824474680e-003	1.027217e+000	1.027217e+000
2.243722824474680e-003	1.027217e+000	1.027217e+000
2.244722824474680e-003	1.027217e+000	1.027217e+000
2.245722824474680e-003	1.027217e+000	1.027217e+000
2.246722824474680e-003	1.027217e+000	1.027217e+000
2.247722824474680e-003	1.027217e+000	1.027217e+000
2.248722824474680e-003	1.027217e+000	1.027217e+000
2.249722824474680e-003	1.027217e+000	1.027217e+000
2.250722824474680e-003	1.027217e+000	1.027217e+000
2.252722824474680e-003	1.027217e+000	1.027217e+000
2.253722824474681e-003	1.027217e+000	1.027217e+000
2.254722824474680e-003	1.027217e+000	1.027217e+000
2.255722824474680e-003	1.027217e+000	1.027217e+000
2.256722824474680e-003	1.027217e+000	1.027217e+000
2.257722824474680e-003	1.027217e+000	1.027217e+000
2.258722824474680e-003	1.027218e+000	1.027218e+000
2.259722824474680e-003	1.027218e+000	1.027218e+000
2.260722824474680e-003	1.027218e+000	1.027218e+000
2.261722824474680e-003	1.027218e+000	1.027218e+000
2.262722824474680e-003	1.027218e+000	1.027218e+000
2.264722824474680e-003	1.027218e+000	1.027218e+000
2.265722824474680e-003	1.027218e+000	1.027218e+000
2.266722824474681e-003	1.027218e+000	1.027218e+000
2.267722824474680e-003	1.027218e+000	1.027218e+000
2.268722824474680e-003	1.027218e+000	1.027218e+000
2.269722824474680e-003	1.027218e+000	1.027218e+000
2.270722824474680e-003	1.027218e+000	1.027218e+000
2.271722824474680e-003	1.027218e+000	1.027218e+000
2.272722824474680e-003	1.027218e+000	1.027218e+000
2.273722824474680e-003	1.027218e+000	1.027218e+000
2.274722824474680e-003	1.027218e+000	1.027218e+000
2.276722824474680e-003	1.027218e+000	1.027218e+000
2.277722824474680e-003	1.027218e+000	1.027218e+000
2.278722824474680e-003	1.027218e+000	1.027218e+000
2.279722824474681e-003	1.027218e+000	1.027218e+000
2.280722824474680e-003	1.027218e+000	1.027218e+000
2.281722824474680e-003	1.027218e+000	1.027218e+000
2.282722824474680e-003	1.027218e+000	1.027218e+000
2.283722824474680e-003	1.027218e+000	1.027218e+000
2.284722824474680e-003	1.027218e+000	1.027218e+000
2.285722824474680e-003	1.027218e+000	1.027218e+000
2.286722824474680e-003	1.027218e+000	1.027218e+000
2.289722824474680e-003	1.027218e+000	1.027218e+000
2.290722824474680e-003	1.027218e+000	1.027218e+000
2.291722824474680e-003	1.027218e+000	1.027218e+000
2.292722824474680e-003	1.027218e+000	1.027218e+000
2.293722824474680e-003	1.027218e+000	1.027218e+000
2.294722824474680e-003	1.027218e+000	1.027218e+000
2.295722824474680e-003	1.027218e+000	1.027218e+000
2.296722824474680e-003	1.027218e+000	1.027218e+000
2.297722824474680e-003	1.027218e+000	1.027218e+000
2.298722824474680e-003	1.027218e+000	1.027218e+000
2.301722824474680e-003	1.027219e+000	1.027219e+000
2.302722824474681e-003	1.027219e+000	1.027219e+000
2.303722824474680e-003	1.027219e+000	1.027219e+000
2.304722824474680e-003	1.027219e+000	1.027219e+000
2.305722824474680e-003	1.027219e+000	1.027219e+000
2.306722824474680e-003	1.027219e+000	1.027219e+000
2.307722824474680e-003	1.027219e+000	1.027219e+000
2.308722824474680e-003	1.027219e+000	1.027219e+000
2.309722824474680e-003	1.027219e+000	1.027219e+000
2.310722824474680e-003	1.027219e+000	1.027219e+000
2.313722824474680e-003	1.027219e+000	1.027219e+000
2.314722824474680e-003	1.027219e+000	1.027219e+000
2.315722824474681e-003	1.027219e+000	1.027219e+000
2.316722824474680e-003	1.027219e+000	1.027219e+000
2.317722824474680e-003	1.027219e+000	1.027219e+000
2.318722824474680e-003	1.027219e+000	1.027219e+000
2.319722824474680e-003	1.027219e+000	1.027219e+000
2.320722824474680e-003	1.027219e+000	1.027219e+000
2.321722824474680e-003	1.027219e+000	1.027219e+000
2.322722824474680e-003	1.027219e+000	1.027219e+000
2.325722824474680e-003	1.027219e+000	1.027219e+000
2.326722824474680e-003	1.027219e+000	1.027219e+000
2.327722824474680e-003	1.027219e+000	1.027219e+000
2.328722824474681e-003	1.027219e+000	1.027219e+000
2.329722824474680e-003	1.027219e+000	1.027219e+000
2.330722824474680e-003	1.027219e+000	1.027219e+000
2.331722824474680e-003	1.027219e+000	1.027219e+000
2.332722824474680e-003	1.027219e+000	1.027219e+000
2.333722824474680e-003	1.027219e+000	1.027219e+000
2.335722824474680e-003	1.027219e+000	1.027219e+000
2.338722824474680e-003	1.027219e+000	1.027219e+000
2.339722824474680e-003	1.027219e+000	1.027219e+000
2.340722824474680e-003	1.027219e+000	1.027219e+000
2.341722824474680e-003	1.027219e+000	1.027219e+000
2.342722824474680e-003	1.027219e+000	1.027219e+000
2.343722824474680e-003	1.027219e+000	1.027219e+000
2.344722824474680e-003	1.027219e+000	1.027219e+000
2.345722824474680e-003	1.027219e+000	1.027219e+000
2.347722824474680e-003	1.027219e+000	1.027219e+000
2.350722824474680e-003	1.027219e+000	1.027219e+000
2.351722824474681e-003	1.027219e+000	1.027219e+000
2.352722824474680e-003	1.027219e+000	1.027219e+000
2.353722824474680e-003	1.027219e+000	1.027219e+000
2.354722824474680e-003	1.027219e+000	1.027219e+000
2.355722824474680e-003	1.027219e+000	1.027219e+000
2.356722824474680e-003	1.027219e+000	1.027219e+000
2.357722824474680e-003	1.027219e+000	1.027219e+000
2.359722824474680e-003	1.027219e+000	1.027219e+000
2.362722824474680e-003	1.027220e+000	1.027220e+000
2.364722824474681e-003	1.027220e+000	1.027220e+000
2.365722824474680e-003	1.027220e+000	1.027220e+000
2.366722824474680e-003	1.027220e+000	1.027220e+000
2.367722824474680e-003	1.027220e+000	1.027220e+000
2.368722824474680e-003	1.027220e+000	1.027220e+000
2.370722824474680e-003	1.027220e+000	1.027220e+000
2.371579967331823e-003	1.027220e+000	1.027220e+000
2.372437110188966e-003	1.027220e+000	1.027220e+000
2.373294253046109e-003	1.027220e+000	1.027220e+000
2.374151395903252e-003	1.027220e+000	1.027220e+000
2.375008538760394e-003	1.027220e+000	1.027220e+000
2.375865681617538e-003	1.027220e+000	1.027220e+000
2.376722824474680e-003	1.027220e+000	1.027220e+000
2.378722824474680e-003	1.027220e+000	1.027220e+000
2.380722824474680e-003	1.027220e+000	1.027220e+000
2.382722824474680e-003	1.027220e+000	1.027220e+000
2.383579967331823e-003	1.027220e+000	1.027220e+000
2.384437110188966e-003	1.027220e+000	1.027220e+000
2.385294253046109e-003	1.027220e+000	1.027220e+000
2.386151395903252e-003	1.027220e+000	1.027220e+000
2.387008538760394e-003	1.027220e+000	1.027220e+000
2.387865681617538e-003	1.027220e+000	1.027220e+000
2.388722824474680e-003	1.027220e+000	1.027220e+000
2.390722824474680e-003	1.027220e+000	1.027220e+000
2.392722824474680e-003	1.027220e+000	1.027220e+000
2.394722824474680e-003	1.027220e+000	1.027220e+000
2.395722824474680e-003	1.027220e+000	1.027220e+000
2.396722824474680e-003	1.027220e+000	1.027220e+000
2.397722824474680e-003	1.027220e+000	1.027220e+000
2.398722824474680e-003	1.027220e+000	1.027220e+000
2.399722824474680e-003	1.027220e+000	1.027220e+000
2.400722824474680e-003	1.027220e+000	1.027220e+000
2.401722824474680e-003	1.027220e+000	1.027220e+000
2.403722824474680e-003	1.027220e+000	1.027220e+000
2.405722824474680e-003	1.027220e+000	1.027220e+000
2.408722824474680e-003	1.027220e+000	1.027220e+000
2.409865681617537e-003	1.027220e+000	1.027220e+000
2.411008538760394e-003	1.027220e+000	1.027220e+000
2.412151395903252e-003	1.027220e+000	1.027220e+000
2.413294253046109e-003	1.027220e+000	1.027220e+000
2.414437110188966e-003	1.027220e+000	1.027220e+000
2.415579967331823e-003	1.027220e+000	1.027220e+000
2.416722824474680e-003	1.027220e+000	1.027220e+000
2.419722824474680e-003	1.027220e+000	1.027220e+000
2.420865681617538e-003	1.027220e+000	1.027220e+000
2.422008538760395e-003	1.027220e+000	1.027220e+000
2.423151395903252e-003	1.027220e+000	1.027220e+000
2.424294253046109e-003	1.027220e+000	1.027220e+000
2.425437110188966e-003	1.027220e+000	1.027220e+000
2.426579967331823e-003	1.027220e+000	1.027220e+000
2.427722824474680e-003	1.027220e+000	1.027220e+000
2.430722824474680e-003	1.027220e+000	1.027220e+000
2.431865681617537e-003	1.027220e+000	1.027220e+000
2.433008538760394e-003	1.027220e+000	1.027220e+000
2.434151395903251e-003	1.027220e+000	1.027220e+000
2.435294253046109e-003	1.027220e+000	1.027220e+000
2.436437110188966e-003	1.027220e+000	1.027220e+000
2.437579967331823e-003	1.027220e+000	1.027220e+000
2.438722824474680e-003	1.027220e+000	1.027220e+000
2.441722824474680e-003	1.027220e+000	1.027220e+000
2.442865681617537e-003	1.027220e+000	1.027220e+000
2.444008538760395e-003	1.027220e+000	1.027220e+000
2.445151395903252e-003	1.027220e+000	1.027220e+000
2.446294253046109e-003	1.027220e+000	1.027220e+000
2.447437110188966e-003	1.027220e+000	1.027220e+000
2.448579967331823e-003	1.027220e+000	1.027220e+000
2.449722824474681e-003	1.027220e+000	1.027220e+000
2.452722824474680e-003	1.027220e+000	1.027220e+000
2.455722824474680e-003	1.027220e+000	1.027220e+000
2.457151395903252e-003	1.027220e+000	1.027220e+000
2.458579967331823e-003	1.027220e+000	1.027220e+000
2.460008538760395e-003	1.027220e+000	1.027220e+000
2.461437110188966e-003	1.027220e+000	1.027220e+000
2.462865681617537e-003	1.027220e+000	1.027220e+000
2.464294253046109e-003	1.027220e+000	1.027220e+000
2.465722824474680e-003	1.027220e+000	1.027220e+000
2.467151395903252e-003	1.027220e+000	1.027220e+000
2.468579967331823e-003	1.027220e+000	1.027220e+000
2.470008538760395e-003	1.027220e+000	1.027220e+000
2.471437110188966e-003	1.027220e+000	1.027220e+000
2.472865681617538e-003	1.027220e+000	1.027220e+000
2.474294253046109e-003	1.027220e+000	1.027220e+000
2.475722824474680e-003	1.027220e+000	1.027220e+000
2.477151395903252e-003	1.027220e+000	1.027220e+000
2.478579967331823e-003	1.027220e+000	1.027220e+000
2.480008538760395e-003	1.027220e+000	1.027220e+000
2.481437110188966e-003	1.027220e+000	1.027220e+000
2.482865681617538e-003	1.027220e+000	1.027220e+000
2.484294253046109e-003	1.027220e+000	1.027220e+000
2.485722824474680e-003	1.027220e+000	1.027220e+000
2.487437110188966e-003	1.027220e+000	1.027220e+000
2.489151395903251e-003	1.027220e+000	1.027220e+000
2.490865681617537e-003	1.027220e+000	1.027220e+000
2.492579967331823e-003	1.027220e+000	1.027220e+000
2.494294253046109e-003	1.027220e+000	1.027220e+000
2.496008538760395e-003	1.027220e+000	1.027220e+000
2.497722824474680e-003	1.027220e+000	1.027220e+000
2.499437110188966e-003	1.027220e+000	1.027220e+000
2.501151395903252e-003	1.027220e+000	1.027220e+000
2.502865681617538e-003	1.027220e+000	1.027220e+000
2.504579967331823e-003	1.027220e+000	1.027220e+000
2.506294253046109e-003	1.027220e+000	1.027220e+000
2.508008538760394e-003	1.027220e+000	1.027220e+000
2.509722824474680e-003	1.027220e+000	1.027220e+000
2.511579967331823e-003	1.027220e+000	1.027220e+000
2.513437110188966e-003	1.027220e+000	1.027220e+000
2.515294253046109e-003	1.027220e+000	1.027220e+000
2.517151395903252e-003	1.027220e+000	1.027220e+000
2.519008538760395e-003	1.027220e+000	1.027220e+000
2.520865681617537e-003	1.027220e+000	1.027220e+000
2.522722824474680e-003	1.027220e+000	1.027220e+000
2.524722824474680e-003	1.027220e+000	1.027220e+000
2.526722824474680e-003	1.027220e+000	1.027220e+000
2.528722824474680e-003	1.027220e+000	1.027220e+000
2.530722824474680e-003	1.027220e+000	1.027220e+000
2.532722824474680e-003	1.027220e+000	1.027220e+000
2.534722824474681e-003	1.027220e+000	1.027220e+000
2.536722824474680e-003	1.027220e+000	1.027220e+000
2.538865681617538e-003	1.027220e+000	1.027220e+000
2.541008538760394e-003	1.027220e+000	1.027220e+000
2.543151395903252e-003	1.027220e+000	1.027220e+000
2.545294253046109e-003	1.027220e+000	1.027220e+000
2.547437110188966e-003	1.027220e+000	1.027220e+000
2.549579967331823e-003	1.027220e+000	1.027220e+000
2.551722824474680e-003	1.027220e+000	1.027220e+000
2.554865681617538e-003	1.027220e+000	1.027220e+000
2.558008538760394e-003	1.027220e+000	1.027220e+000
2.561151395903252e-003	1.027220e+000	1.027220e+000
2.564294253046109e-003	1.027220e+000	1.027220e+000
2.567437110188966e-003	1.027220e+000	1.027220e+000
2.570579967331823e-003	1.027220e+000	1.027220e+000
2.573722824474680e-003	1.027220e+000	1.027220e+000
2.577437110188966e-003	1.027220e+000	1.027220e+000
2.581151395903252e-003	1.027220e+000	1.027220e+000
2.584865681617538e-003	1.027220e+000	1.027220e+000
2.588579967331823e-003	1.027220e+000	1.027220e+000
2.592294253046109e-003	1.027220e+000	1.027220e+000
2.596008538760395e-003	1.027220e+000	1.027220e+000
2.599722824474680e-003	1.027220e+000	1.027220e+000
2.603579967331823e-003	1.027220e+000	1.027220e+000
2.607437110188966e-003	1.027220e+000	1.027220e+000
2.611294253046109e-003	1.027220e+000	1.027220e+000
2.615151395903252e-003	1.027220e+000	1.027220e+000
2.619008538760394e-003	1.027220e+000	1.027220e+000
2.622865681617537e-003	1.027220e+000	1.027220e+000
2.626722824474680e-003	1.027220e+000	1.027220e+000
2.674151395903252e-003	1.027220e+000	1.027220e+000
2.721579967331823e-003	1.027220e+000	1.027220e+000
2.769008538760395e-003	1.027220e+000	1.027220e+000
2.816437110188966e-003	1.027220e+000	1.027220e+000
2.863865681617537e-003	1.027221e+000	1.027221e+000
2.911294253046109e-003	1.027221e+000	1.027221e+000
2.958722824474680e-003	1.027221e+000	1.027221e+000
2.959722824474680e-003	1.027221e+000	1.027221e+000
3.983722824474680e-003	1.027221e+000	1.027221e+000
3.997722824474680e-003	1.027221e+000	1.027221e+000
3.998722824474680e-003	1.027221e+000	1.027221e+000
3.999445648949360e-003	1.027221e+000	1.027221e+000
4.000000000000000e-003	1.446608e+000	5.146236e-001
4.000001111420180e-003	1.616232e+000	3.423972e-001
4.000003334260539e-003	1.995869e+000	2.015828e-010
4.000003871081752e-003	1.992041e+000	2.011962e-010
4.000004168795419e-003	1.991403e+000	2.011317e-010
4.000004359110599e-003	1.996052e+000	2.016012e-010
4.000004589395258e-003	1.996798e+000	2.016766e-010
4.000004866199867e-003	1.998232e+000	2.018215e-010
4.000005129908809e-003	1.999419e+000	2.019414e-010
4.000005406337940e-003	2.000468e+000	2.020472e-010
4.000005705365369e-003	2.001417e+000	2.021432e-010
4.000006001718962e-003	2.002175e+000	2.022196e-010
4.000006471249116e-003	2.003094e+000	2.023125e-010
4.000006963137754e-003	2.003765e+000	2.023803e-010
4.000007635367415e-003	2.004305e+000	2.024348e-010
4.000008406210343e-003	2.004575e+000	2.024621e-010
4.000009365023498e-003	2.004597e+000	2.024643e-010
4.000010414954664e-003	2.004411e+000	2.024456e-010
4.000011923146080e-003	2.003984e+000	2.024024e-010
4.000013341296754e-003	2.003517e+000	2.023553e-010
4.000014691418844e-003	2.003053e+000	2.023084e-010
4.000016052731140e-003	2.002586e+000	2.022611e-010
4.000017412528959e-003	2.002122e+000	2.022143e-010
4.000019039591010e-003	2.001575e+000	2.021590e-010
4.000020960070841e-003	2.000941e+000	2.020950e-010
4.000022783365101e-003	2.000353e+000	2.020356e-010
4.000025015479023e-003	1.999649e+000	2.019646e-010
4.000027466967203e-003	1.998893e+000	2.018881e-010
4.000030437358467e-003	1.997993e+000	2.017973e-010
4.000033925539250e-003	1.996956e+000	2.016925e-010
4.000038678389285e-003	1.995563e+000	2.015519e-010
4.000045687371112e-003	1.993538e+000	2.013473e-010
4.000054547175908e-003	1.991009e+000	2.010919e-010
4.000065722555968e-003	1.987850e+000	2.007728e-010
4.000077061150722e-003	1.984673e+000	2.004520e-010
4.000090923092891e-003	1.980826e+000	2.000634e-010
4.000105848601618e-003	1.976727e+000	1.996494e-010
4.000121606311273e-003	1.972462e+000	1.992187e-010
4.000138402072552e-003	1.968137e+000	1.987818e-010
4.000154118088546e-003	1.964817e+000	1.984465e-010
4.000166273500411e-003	1.963317e+000	1.982951e-010
4.000178916364398e-003	1.962553e+000	1.982178e-010
4.000192615356177e-003	1.961599e+000	1.981215e-010
4.000205180860222e-003	1.960157e+000	1.979758e-010
4.000218761699473e-003	1.957988e+000	1.977567e-010
4.000232759723111e-003	1.955257e+000	1.974810e-010
4.000249182192077e-003	1.951619e+000	1.971135e-010
4.000266173260940e-003	1.947554e+000	1.967030e-010
4.000281801479991e-003	1.943645e+000	1.963081e-010
4.000298208252457e-003	1.939442e+000	1.958836e-010
4.000314558301368e-003	1.935208e+000	1.954560e-010
4.000332536407073e-003	1.930535e+000	1.949841e-010
4.000352052968672e-003	1.925472e+000	1.944727e-010
4.000377376097395e-003	1.918935e+000	1.938125e-010
4.000397055394163e-003	1.913891e+000	1.933030e-010
4.000416003287183e-003	1.909075e+000	1.928165e-010
4.000439511046099e-003	1.903153e+000	1.922184e-010
4.000462837655549e-003	1.897337e+000	1.916310e-010
4.000493827942299e-003	1.889708e+000	1.908605e-010
4.000533245856432e-003	1.880151e+000	1.898952e-010
4.000580120052825e-003	1.869004e+000	1.887694e-010
4.000641816853143e-003	1.854652e+000	1.873198e-010
4.000698717137606e-003	1.841789e+000	1.860207e-010
4.000804388324975e-003	1.818806e+000	1.836994e-010
4.000951650742554e-003	1.788330e+000	1.806213e-010
4.001129802992013e-003	1.754195e+000	1.771737e-010
4.001486107490931e-003	1.693796e+000	1.710734e-010
4.002123946088903e-003	1.602160e+000	1.618182e-010
4.002788068123504e-003	1.523417e+000	1.538651e-010
4.003258198837859e-003	1.477568e+000	1.492343e-010
4.003624072058904e-003	1.447630e+000	1.462107e-010
4.004047604258019e-003	1.417728e+000	1.431905e-010
4.004393893916890e-003	1.396248e+000	1.410211e-010
4.004643692826395e-003	1.382514e+000	1.396339e-010
4.004878560958206e-003	1.370842e+000	1.384551e-010
4.005067316945438e-003	1.362269e+000	1.375891e-010
4.005266338852126e-003	1.353979e+000	1.367519e-010
4.005458730226142e-003	1.346596e+000	1.360062e-010
4.005658479106308e-003	1.339530e+000	1.352925e-010
4.005868966606295e-003	1.332738e+000	1.346066e-010
4.006177089506955e-003	1.323828e+000	1.337066e-010
4.006514992968419e-003	1.315260e+000	1.328413e-010
4.006888127710571e-003	1.307242e+000	1.320315e-010
4.007369735658362e-003	1.298760e+000	1.311747e-010
4.007933346058273e-003	1.291125e+000	1.304036e-010
4.008830701245227e-003	1.282422e+000	1.295246e-010
4.009721813216525e-003	1.276620e+000	1.289387e-010
4.010721813216525e-003	1.272570e+000	1.285296e-010
4.011721813216526e-003	1.270090e+000	1.282791e-010
4.012721813216526e-003	1.268602e+000	1.281288e-010
4.013721813216526e-003	1.267707e+000	1.280384e-010
4.014721813216525e-003	1.267166e+000	1.279837e-010
4.015721813216525e-003	1.266834e+000	1.279503e-010
4.016721813216525e-003	1.266627e+000	1.279294e-010
4.017721813216526e-003	1.266494e+000	1.279159e-010
4.018721813216526e-003	1.266405e+000	1.279069e-010
4.019721813216526e-003	1.266342e+000	1.279006e-010
4.020721813216526e-003	1.266294e+000	1.278957e-010
4.021721813216525e-003	1.266255e+000	1.278917e-010
4.022721813216525e-003	1.266221e+000	1.278883e-010
4.023721813216525e-003	1.266190e+000	1.278851e-010
4.024721813216526e-003	1.266160e+000	1.278822e-010
4.025721813216526e-003	1.266132e+000	1.278793e-010
4.026721813216526e-003	1.266104e+000	1.278765e-010
4.027721813216526e-003	1.266076e+000	1.278737e-010
4.028721813216525e-003	1.266049e+000	1.278709e-010
4.029721813216525e-003	1.266021e+000	1.278682e-010
4.030721813216526e-003	1.265994e+000	1.278654e-010
4.031721813216526e-003	1.265967e+000	1.278627e-010
4.032721813216526e-003	1.265940e+000	1.278599e-010
4.033721813216526e-003	1.265913e+000	1.278572e-010
4.034721813216525e-003	1.265885e+000	1.278544e-010
4.035721813216525e-003	1.265858e+000	1.278517e-010
4.036721813216525e-003	1.265831e+000	1.278489e-010
4.037721813216526e-003	1.265804e+000	1.278462e-010
4.038721813216526e-003	1.265777e+000	1.278435e-010
4.039721813216526e-003	1.265750e+000	1.278407e-010
4.040721813216526e-003	1.265723e+000	1.278380e-010
4.041721813216525e-003	1.265695e+000	1.278352e-010
4.042721813216525e-003	1.265668e+000	1.278325e-010
4.043721813216526e-003	1.265641e+000	1.278298e-010
4.044721813216526e-003	1.265614e+000	1.278270e-010
4.045721813216526e-003	1.265587e+000	1.278243e-010
4.046721813216526e-003	1.265560e+000	1.278215e-010
4.047721813216525e-003	1.265532e+000	1.278188e-010
4.048721813216525e-003	1.265505e+000	1.278160e-010
4.049721813216525e-003	1.265478e+000	1.278133e-010
4.050721813216526e-003	1.265451e+000	1.278106e-010
4.051721813216526e-003	1.265424e+000	1.278078e-010
4.052721813216526e-003	1.265397e+000	1.278051e-010
4.053721813216526e-003	1.265370e+000	1.278023e-010
4.054721813216525e-003	1.265342e+000	1.277996e-010
4.055721813216525e-003	1.265315e+000	1.277969e-010
4.056721813216526e-003	1.265288e+000	1.277941e-010
4.057721813216526e-003	1.265261e+000	1.277914e-010
4.058721813216526e-003	1.265234e+000	1.277886e-010
4.059721813216526e-003	1.265207e+000	1.277859e-010
4.060721813216525e-003	1.265180e+000	1.277831e-010
4.061721813216525e-003	1.265152e+000	1.277804e-010
4.062721813216525e-003	1.265125e+000	1.277777e-010
4.063721813216526e-003	1.265098e+000	1.277749e-010
4.064721813216526e-003	1.265071e+000	1.277722e-010
4.065721813216526e-003	1.265044e+000	1.277694e-010
4.066721813216526e-003	1.265017e+000	1.277667e-010
4.067721813216525e-003	1.264990e+000	1.277640e-010
4.068721813216525e-003	1.264962e+000	1.277612e-010
4.069721813216526e-003	1.264935e+000	1.277585e-010
4.070721813216526e-003	1.264908e+000	1.277557e-010
4.071721813216526e-003	1.264881e+000	1.277530e-010
4.072721813216526e-003	1.264854e+000	1.277503e-010
4.073721813216525e-003	1.264827e+000	1.277475e-010
4.074721813216525e-003	1.264800e+000	1.277448e-010
4.075721813216525e-003	1.264773e+000	1.277420e-010
4.076721813216526e-003	1.264745e+000	1.277393e-010
4.077721813216526e-003	1.264718e+000	1.277365e-010
4.078721813216526e-003	1.264691e+000	1.277338e-010
4.079721813216526e-003	1.264664e+000	1.277311e-010
4.080721813216525e-003	1.264637e+000	1.277283e-010
4.081721813216525e-003	1.264610e+000	1.277256e-010
4.082721813216526e-003	1.264583e+000	1.277228e-010
4.083721813216526e-003	1.264555e+000	1.277201e-010
4.084721813216526e-003	1.264528e+000	1.277174e-010
4.085721813216526e-003	1.264501e+000	1.277146e-010
4.086721813216525e-003	1.264474e+000	1.277119e-010
4.087721813216525e-003	1.264447e+000	1.277091e-010
4.088721813216525e-003	1.264420e+000	1.277064e-010
4.089721813216526e-003	1.264393e+000	1.277037e-010
4.090721813216526e-003	1.264366e+000	1.277009e-010
4.091721813216526e-003	1.264338e+000	1.276982e-010
4.092721813216526e-003	1.264311e+000	1.276954e-010
4.093721813216525e-003	1.264284e+000	1.276927e-010
4.094721813216525e-003	1.264257e+000	1.276900e-010
4.095721813216526e-003	1.264230e+000	1.276872e-010
4.096721813216526e-003	1.264203e+000	1.276845e-010
4.097721813216526e-003	1.264176e+000	1.276817e-010
4.098721813216526e-003	1.264148e+000	1.276790e-010
4.099721813216526e-003	1.264121e+000	1.276763e-010
4.100721813216525e-003	1.264094e+000	1.276735e-010
4.101721813216525e-003	1.264067e+000	1.276708e-010
4.102721813216526e-003	1.264040e+000	1.276680e-010
4.103721813216526e-003	1.264013e+000	1.276653e-010
4.104721813216526e-003	1.263986e+000	1.276626e-010
4.105721813216526e-003	1.263959e+000	1.276598e-010
4.106721813216525e-003	1.263932e+000	1.276571e-010
4.107721813216525e-003	1.263904e+000	1.276543e-010
4.108721813216525e-003	1.263877e+000	1.276516e-010
4.109721813216526e-003	1.263850e+000	1.276489e-010
4.110721813216526e-003	1.263823e+000	1.276461e-010
4.111721813216526e-003	1.263796e+000	1.276434e-010
4.112721813216526e-003	1.263769e+000	1.276406e-010
4.113721813216525e-003	1.263742e+000	1.276379e-010
4.114721813216525e-003	1.263715e+000	1.276352e-010
4.115721813216526e-003	1.263687e+000	1.276324e-010
4.116721813216526e-003	1.263660e+000	1.276297e-010
4.117721813216526e-003	1.263633e+000	1.276270e-010
4.118721813216526e-003	1.263606e+000	1.276242e-010
4.119721813216525e-003	1.263579e+000	1.276215e-010
4.120721813216525e-003	1.263552e+000	1.276187e-010
4.121721813216525e-003	1.263525e+000	1.276160e-010
4.122721813216526e-003	1.263498e+000	1.276133e-010
4.123721813216526e-003	1.263471e+000	1.276105e-010
4.124721813216526e-003	1.263443e+000	1.276078e-010
4.125721813216526e-003	1.263416e+000	1.276051e-010
4.126721813216525e-003	1.263389e+000	1.276023e-010
4.127721813216525e-003	1.263362e+000	1.275996e-010
4.128721813216526e-003	1.263335e+000	1.275968e-010
4.129721813216526e-003	1.263308e+000	1.275941e-010
4.130721813216526e-003	1.263281e+000	1.275914e-010
4.131721813216526e-003	1.263254e+000	1.275886e-010
4.132721813216525e-003	1.263227e+000	1.275859e-010
4.133721813216525e-003	1.263199e+000	1.275832e-010
4.134721813216525e-003	1.263172e+000	1.275804e-010
4.135721813216526e-003	1.263145e+000	1.275777e-010
4.136721813216526e-003	1.263118e+000	1.275749e-010
4.137721813216526e-003	1.263091e+000	1.275722e-010
4.138721813216526e-003	1.263064e+000	1.275695e-010
4.139721813216525e-003	1.263037e+000	1.275667e-010
4.140721813216525e-003	1.263010e+000	1.275640e-010
4.141721813216526e-003	1.262983e+000	1.275613e-010
4.142721813216526e-003	1.262956e+000	1.275585e-010
4.143721813216526e-003	1.262928e+000	1.275558e-010
4.144721813216526e-003	1.262901e+000	1.275530e-010
4.145721813216525e-003	1.262874e+000	1.275503e-010
4.146721813216525e-003	1.262847e+000	1.275476e-010
4.147721813216525e-003	1.262820e+000	1.275448e-010
4.148721813216526e-003	1.262793e+000	1.275421e-010
4.149721813216526e-003	1.262766e+000	1.275394e-010
4.150721813216526e-003	1.262739e+000	1.275366e-010
4.151721813216526e-003	1.262712e+000	1.275339e-010
4.152721813216525e-003	1.262685e+000	1.275312e-010
4.153721813216525e-003	1.262658e+000	1.275284e-010
4.154721813216526e-003	1.262630e+000	1.275257e-010
4.155721813216526e-003	1.262603e+000	1.275229e-010
4.156721813216526e-003	1.262576e+000	1.275202e-010
4.157721813216526e-003	1.262549e+000	1.275175e-010
4.158721813216525e-003	1.262522e+000	1.275147e-010
4.159721813216525e-003	1.262495e+000	1.275120e-010
4.160721813216525e-003	1.262468e+000	1.275093e-010
4.161721813216526e-003	1.262441e+000	1.275065e-010
4.162721813216526e-003	1.262414e+000	1.275038e-010
4.163721813216526e-003	1.262387e+000	1.275011e-010
4.164721813216526e-003	1.262360e+000	1.274983e-010
4.165721813216525e-003	1.262332e+000	1.274956e-010
4.167721813216526e-003	1.262278e+000	1.274901e-010
4.168721813216526e-003	1.262251e+000	1.274874e-010
4.169721813216526e-003	1.262224e+000	1.274846e-010
4.170721813216526e-003	1.262197e+000	1.274819e-010
4.171721813216525e-003	1.262170e+000	1.274792e-010
4.172721813216525e-003	1.262143e+000	1.274764e-010
4.173721813216525e-003	1.262116e+000	1.274737e-010
4.174721813216526e-003	1.262089e+000	1.274710e-010
4.175721813216526e-003	1.262062e+000	1.274682e-010
4.176721813216526e-003	1.262035e+000	1.274655e-010
4.177721813216526e-003	1.262007e+000	1.274628e-010
4.178721813216525e-003	1.261980e+000	1.274600e-010
4.179721813216525e-003	1.261953e+000	1.274573e-010
4.180721813216526e-003	1.261926e+000	1.274545e-010
4.181721813216526e-003	1.261899e+000	1.274518e-010
4.182721813216526e-003	1.261872e+000	1.274491e-010
4.183721813216526e-003	1.261845e+000	1.274464e-010
4.184721813216526e-003	1.261818e+000	1.274436e-010
4.185721813216525e-003	1.261791e+000	1.274409e-010
4.186721813216525e-003	1.261764e+000	1.274381e-010
4.187721813216526e-003	1.261737e+000	1.274354e-010
4.188721813216526e-003	1.261710e+000	1.274327e-010
4.189721813216526e-003	1.261683e+000	1.274299e-010
4.190721813216526e-003	1.261656e+000	1.274272e-010
4.191721813216525e-003	1.261628e+000	1.274245e-010
4.192721813216525e-003	1.261601e+000	1.274217e-010
4.193721813216525e-003	1.261574e+000	1.274190e-010
4.194721813216526e-003	1.261547e+000	1.274163e-010
4.195721813216526e-003	1.261520e+000	1.274135e-010
4.196721813216526e-003	1.261493e+000	1.274108e-010
4.197721813216526e-003	1.261466e+000	1.274081e-010
4.198721813216525e-003	1.261439e+000	1.274053e-010
4.199721813216525e-003	1.261412e+000	1.274026e-010
4.200721813216526e-003	1.261385e+000	1.273999e-010
4.201721813216526e-003	1.261358e+000	1.273971e-010
4.202721813216526e-003	1.261331e+000	1.273944e-010
4.203721813216526e-003	1.261304e+000	1.273917e-010
4.204721813216525e-003	1.261277e+000	1.273889e-010
4.205721813216525e-003	1.261250e+000	1.273862e-010
4.206721813216525e-003	1.261222e+000	1.273835e-010
4.207721813216526e-003	1.261195e+000	1.273807e-010
4.208721813216526e-003	1.261168e+000	1.273780e-010
4.209721813216526e-003	1.261141e+000	1.273753e-010
4.210721813216526e-003	1.261114e+000	1.273725e-010
4.211721813216525e-003	1.261087e+000	1.273698e-010
4.212721813216525e-003	1.261060e+000	1.273671e-010
4.213721813216526e-003	1.261033e+000	1.273643e-010
4.214721813216526e-003	1.261006e+000	1.273616e-010
4.215721813216526e-003	1.260979e+000	1.273589e-010
4.216721813216526e-003	1.260952e+000	1.273561e-010
4.217721813216525e-003	1.260925e+000	1.273534e-010
4.218721813216525e-003	1.260898e+000	1.273507e-010
4.219721813216525e-003	1.260871e+000	1.273479e-010
4.220721813216526e-003	1.260844e+000	1.273452e-010
4.221721813216526e-003	1.260817e+000	1.273425e-010
4.222721813216526e-003	1.260790e+000	1.273397e-010
4.223721813216526e-003	1.260762e+000	1.273370e-010
4.224721813216525e-003	1.260736e+000	1.273343e-010
4.225721813216525e-003	1.260708e+000	1.273315e-010
4.226721813216526e-003	1.260681e+000	1.273288e-010
4.227721813216526e-003	1.260654e+000	1.273261e-010
4.228721813216526e-003	1.260627e+000	1.273233e-010
4.229721813216526e-003	1.260600e+000	1.273206e-010
4.230721813216525e-003	1.260573e+000	1.273179e-010
4.231721813216525e-003	1.260546e+000	1.273152e-010
4.232721813216525e-003	1.260519e+000	1.273124e-010
4.233721813216526e-003	1.260492e+000	1.273097e-010
4.234721813216526e-003	1.260465e+000	1.273070e-010
4.235721813216526e-003	1.260438e+000	1.273042e-010
4.236721813216526e-003	1.260411e+000	1.273015e-010
4.237721813216525e-003	1.260384e+000	1.272988e-010
4.238721813216525e-003	1.260357e+000	1.272960e-010
4.239721813216526e-003	1.260330e+000	1.272933e-010
4.240721813216526e-003	1.260303e+000	1.272906e-010
4.241721813216526e-003	1.260276e+000	1.272878e-010
4.242721813216526e-003	1.260249e+000	1.272851e-010
4.243721813216525e-003	1.260222e+000	1.272824e-010
4.244721813216525e-003	1.260195e+000	1.272797e-010
4.245721813216525e-003	1.260168e+000	1.272769e-010
4.246721813216526e-003	1.260140e+000	1.272742e-010
4.247721813216526e-003	1.260113e+000	1.272715e-010
4.248721813216526e-003	1.260086e+000	1.272687e-010
4.249721813216526e-003	1.260059e+000	1.272660e-010
4.250721813216525e-003	1.260032e+000	1.272633e-010
4.251721813216525e-003	1.260005e+000	1.272605e-010
4.252721813216526e-003	1.259978e+000	1.272578e-010
4.253721813216526e-003	1.259951e+000	1.272551e-010
4.254721813216526e-003	1.259924e+000	1.272523e-010
4.255721813216526e-003	1.259897e+000	1.272496e-010
4.256721813216526e-003	1.259870e+000	1.272469e-010
4.257721813216525e-003	1.259843e+000	1.272441e-010
4.258721813216525e-003	1.259816e+000	1.272414e-010
4.259721813216526e-003	1.259789e+000	1.272387e-010
4.260721813216526e-003	1.259762e+000	1.272360e-010
4.261721813216526e-003	1.259735e+000	1.272332e-010
4.262721813216526e-003	1.259708e+000	1.272305e-010
4.263721813216525e-003	1.259681e+000	1.272278e-010
4.264721813216525e-003	1.259654e+000	1.272250e-010
4.265721813216526e-003	1.259627e+000	1.272223e-010
4.266721813216526e-003	1.259600e+000	1.272196e-010
4.267721813216526e-003	1.259573e+000	1.272168e-010
4.268721813216526e-003	1.259546e+000	1.272141e-010
4.269721813216526e-003	1.259519e+000	1.272114e-010
4.270721813216525e-003	1.259492e+000	1.272087e-010
4.271721813216525e-003	1.259465e+000	1.272059e-010
4.272721813216526e-003	1.259438e+000	1.272032e-010
4.273721813216526e-003	1.259411e+000	1.272005e-010
4.274721813216526e-003	1.259384e+000	1.271978e-010
4.275721813216526e-003	1.259357e+000	1.271950e-010
4.276721813216525e-003	1.259330e+000	1.271923e-010
4.277721813216525e-003	1.259303e+000	1.271896e-010
4.278721813216526e-003	1.259276e+000	1.271868e-010
4.279721813216526e-003	1.259248e+000	1.271841e-010
4.280721813216526e-003	1.259222e+000	1.271814e-010
4.281721813216526e-003	1.259194e+000	1.271786e-010
4.282721813216526e-003	1.259168e+000	1.271759e-010
4.283721813216525e-003	1.259140e+000	1.271732e-010
4.284721813216525e-003	1.259113e+000	1.271705e-010
4.285721813216526e-003	1.259086e+000	1.271677e-010
4.286721813216526e-003	1.259059e+000	1.271650e-010
4.288721813216526e-003	1.259005e+000	1.271595e-010
4.289721813216525e-003	1.258978e+000	1.271568e-010
4.290721813216525e-003	1.258951e+000	1.271541e-010
4.291721813216525e-003	1.258924e+000	1.271514e-010
4.292721813216526e-003	1.258897e+000	1.271486e-010
4.293721813216526e-003	1.258870e+000	1.271459e-010
4.294721813216526e-003	1.258843e+000	1.271432e-010
4.295721813216526e-003	1.258816e+000	1.271405e-010
4.296721813216525e-003	1.258789e+000	1.271377e-010
4.297721813216525e-003	1.258762e+000	1.271350e-010
4.298721813216526e-003	1.258735e+000	1.271323e-010
4.300721813216526e-003	1.258681e+000	1.271268e-010
4.301721813216526e-003	1.258654e+000	1.271241e-010
4.302721813216525e-003	1.258627e+000	1.271214e-010
4.303721813216525e-003	1.258600e+000	1.271186e-010
4.304721813216525e-003	1.258573e+000	1.271159e-010
4.305721813216526e-003	1.258546e+000	1.271132e-010
4.306721813216526e-003	1.258519e+000	1.271104e-010
4.307721813216526e-003	1.258492e+000	1.271077e-010
4.308721813216526e-003	1.258465e+000	1.271050e-010
4.309721813216525e-003	1.258438e+000	1.271023e-010
4.310721813216525e-003	1.258411e+000	1.270995e-010
4.311721813216526e-003	1.258384e+000	1.270968e-010
4.312721813216526e-003	1.258357e+000	1.270941e-010
4.313721813216526e-003	1.258330e+000	1.270914e-010
4.314721813216526e-003	1.258303e+000	1.270886e-010
4.315721813216525e-003	1.258276e+000	1.270859e-010
4.316721813216525e-003	1.258249e+000	1.270832e-010
4.317721813216525e-003	1.258222e+000	1.270804e-010
4.318721813216526e-003	1.258195e+000	1.270777e-010
4.319721813216526e-003	1.258168e+000	1.270750e-010
4.320721813216526e-003	1.258141e+000	1.270723e-010
4.321721813216526e-003	1.258114e+000	1.270695e-010
4.322721813216525e-003	1.258087e+000	1.270668e-010
4.323721813216525e-003	1.258060e+000	1.270641e-010
4.324721813216526e-003	1.258033e+000	1.270614e-010
4.325721813216526e-003	1.258006e+000	1.270586e-010
4.326721813216526e-003	1.257979e+000	1.270559e-010
4.327721813216526e-003	1.257952e+000	1.270532e-010
4.328721813216526e-003	1.257925e+000	1.270505e-010
4.329721813216525e-003	1.257898e+000	1.270477e-010
4.330721813216525e-003	1.257871e+000	1.270450e-010
4.331721813216526e-003	1.257844e+000	1.270423e-010
4.332721813216526e-003	1.257817e+000	1.270396e-010
4.333721813216526e-003	1.257790e+000	1.270368e-010
4.334721813216526e-003	1.257763e+000	1.270341e-010
4.335721813216525e-003	1.257736e+000	1.270314e-010
4.336721813216525e-003	1.257710e+000	1.270287e-010
4.337721813216526e-003	1.257682e+000	1.270259e-010
4.338721813216526e-003	1.257656e+000	1.270232e-010
4.339721813216526e-003	1.257628e+000	1.270205e-010
4.340721813216526e-003	1.257601e+000	1.270178e-010
4.341721813216526e-003	1.257575e+000	1.270150e-010
4.342721813216525e-003	1.257547e+000	1.270123e-010
4.343721813216525e-003	1.257521e+000	1.270096e-010
4.344721813216526e-003	1.257493e+000	1.270068e-010
4.345721813216526e-003	1.257467e+000	1.270041e-010
4.346721813216526e-003	1.257440e+000	1.270014e-010
4.347721813216526e-003	1.257413e+000	1.269987e-010
4.348721813216525e-003	1.257386e+000	1.269960e-010
4.349721813216525e-003	1.257359e+000	1.269932e-010
4.350721813216526e-003	1.257332e+000	1.269905e-010
4.351721813216526e-003	1.257305e+000	1.269878e-010
4.352721813216526e-003	1.257278e+000	1.269850e-010
4.353721813216526e-003	1.257251e+000	1.269823e-010
4.354721813216526e-003	1.257224e+000	1.269796e-010
4.355721813216525e-003	1.257197e+000	1.269769e-010
4.356721813216525e-003	1.257170e+000	1.269742e-010
4.357721813216526e-003	1.257143e+000	1.269714e-010
4.358721813216526e-003	1.257116e+000	1.269687e-010
4.359721813216526e-003	1.257089e+000	1.269660e-010
4.360721813216526e-003	1.257062e+000	1.269633e-010
4.361721813216525e-003	1.257035e+000	1.269605e-010
4.362721813216525e-003	1.257008e+000	1.269578e-010
4.363721813216526e-003	1.256981e+000	1.269551e-010
4.364721813216526e-003	1.256954e+000	1.269524e-010
4.365721813216526e-003	1.256927e+000	1.269496e-010
4.366721813216526e-003	1.256900e+000	1.269469e-010
4.367721813216526e-003	1.256873e+000	1.269442e-010
4.368721813216525e-003	1.256846e+000	1.269415e-010
4.369721813216525e-003	1.256819e+000	1.269387e-010
4.370721813216526e-003	1.256792e+000	1.269360e-010
4.371721813216526e-003	1.256765e+000	1.269333e-010
4.372721813216526e-003	1.256738e+000	1.269306e-010
4.373721813216526e-003	1.256711e+000	1.269279e-010
4.374721813216525e-003	1.256684e+000	1.269251e-010
4.375721813216525e-003	1.256657e+000	1.269224e-010
4.376721813216526e-003	1.256630e+000	1.269197e-010
4.377721813216526e-003	1.256603e+000	1.269169e-010
4.378721813216526e-003	1.256577e+000	1.269142e-010
4.379721813216526e-003	1.256550e+000	1.269115e-010
4.380721813216526e-003	1.256523e+000	1.269088e-010
4.381721813216525e-003	1.256496e+000	1.269061e-010
4.382721813216525e-003	1.256469e+000	1.269033e-010
4.383721813216526e-003	1.256442e+000	1.269006e-010
4.384721813216526e-003	1.256415e+000	1.268979e-010
4.385721813216526e-003	1.256388e+000	1.268952e-010
4.386721813216526e-003	1.256361e+000	1.268925e-010
4.387721813216525e-003	1.256334e+000	1.268897e-010
4.388721813216525e-003	1.256307e+000	1.268870e-010
4.389721813216525e-003	1.256280e+000	1.268843e-010
4.390721813216526e-003	1.256253e+000	1.268816e-010
4.391721813216526e-003	1.256226e+000	1.268788e-010
4.392721813216526e-003	1.256199e+000	1.268761e-010
4.393721813216526e-003	1.256172e+000	1.268734e-010
4.394721813216525e-003	1.256145e+000	1.268707e-010
4.395721813216525e-003	1.256118e+000	1.268680e-010
4.397721813216526e-003	1.256064e+000	1.268625e-010
4.398721813216526e-003	1.256037e+000	1.268598e-010
4.399721813216526e-003	1.256011e+000	1.268571e-010
4.400721813216525e-003	1.255984e+000	1.268543e-010
4.401721813216525e-003	1.255957e+000	1.268516e-010
4.402721813216525e-003	1.255930e+000	1.268489e-010
4.403721813216526e-003	1.255903e+000	1.268462e-010
4.404721813216526e-003	1.255876e+000	1.268435e-010
4.405721813216526e-003	1.255849e+000	1.268407e-010
4.406721813216526e-003	1.255822e+000	1.268380e-010
4.407721813216525e-003	1.255795e+000	1.268353e-010
4.409721813216526e-003	1.255741e+000	1.268299e-010
4.410721813216526e-003	1.255714e+000	1.268271e-010
4.411721813216526e-003	1.255687e+000	1.268244e-010
4.412721813216526e-003	1.255660e+000	1.268217e-010
4.413721813216526e-003	1.255633e+000	1.268190e-010
4.414721813216525e-003	1.255606e+000	1.268162e-010
4.415721813216525e-003	1.255579e+000	1.268135e-010
4.416721813216526e-003	1.255553e+000	1.268108e-010
4.417721813216526e-003	1.255526e+000	1.268081e-010
4.418721813216526e-003	1.255499e+000	1.268054e-010
4.419721813216526e-003	1.255472e+000	1.268026e-010
4.421721813216525e-003	1.255418e+000	1.267972e-010
4.422721813216526e-003	1.255391e+000	1.267945e-010
4.423721813216526e-003	1.255364e+000	1.267918e-010
4.424721813216526e-003	1.255337e+000	1.267890e-010
4.425721813216526e-003	1.255310e+000	1.267863e-010
4.426721813216526e-003	1.255283e+000	1.267836e-010
4.427721813216525e-003	1.255256e+000	1.267809e-010
4.428721813216525e-003	1.255229e+000	1.267782e-010
4.429721813216526e-003	1.255202e+000	1.267754e-010
4.430721813216526e-003	1.255175e+000	1.267727e-010
4.431721813216526e-003	1.255148e+000	1.267700e-010
4.433721813216525e-003	1.255095e+000	1.267645e-010
4.434721813216525e-003	1.255068e+000	1.267618e-010
4.435721813216526e-003	1.255041e+000	1.267591e-010
4.436721813216526e-003	1.255014e+000	1.267564e-010
4.437721813216526e-003	1.254987e+000	1.267537e-010
4.438721813216526e-003	1.254960e+000	1.267510e-010
4.439721813216526e-003	1.254933e+000	1.267482e-010
4.440721813216525e-003	1.254906e+000	1.267455e-010
4.441721813216525e-003	1.254879e+000	1.267428e-010
4.442721813216526e-003	1.254852e+000	1.267401e-010
4.443721813216526e-003	1.254825e+000	1.267374e-010
4.445721813216526e-003	1.254771e+000	1.267319e-010
4.446721813216525e-003	1.254745e+000	1.267292e-010
4.447721813216525e-003	1.254718e+000	1.267265e-010
4.448721813216526e-003	1.254691e+000	1.267238e-010
4.449721813216526e-003	1.254664e+000	1.267211e-010
4.450721813216526e-003	1.254637e+000	1.267183e-010
4.451721813216526e-003	1.254610e+000	1.267156e-010
4.452721813216526e-003	1.254583e+000	1.267129e-010
4.453721813216525e-003	1.254556e+000	1.267102e-010
4.454721813216525e-003	1.254529e+000	1.267075e-010
4.455721813216526e-003	1.254502e+000	1.267047e-010
4.457721813216526e-003	1.254449e+000	1.266993e-010
4.458721813216526e-003	1.254422e+000	1.266966e-010
4.459721813216525e-003	1.254395e+000	1.266939e-010
4.460721813216525e-003	1.254368e+000	1.266911e-010
4.461721813216526e-003	1.254341e+000	1.266884e-010
4.462721813216526e-003	1.254314e+000	1.266857e-010
4.463721813216526e-003	1.254287e+000	1.266830e-010
4.464721813216526e-003	1.254260e+000	1.266803e-010
4.465721813216526e-003	1.254233e+000	1.266776e-010
4.466721813216525e-003	1.254206e+000	1.266748e-010
4.467721813216525e-003	1.254179e+000	1.266721e-010
4.470721813216526e-003	1.254099e+000	1.266640e-010
4.471721813216526e-003	1.254072e+000	1.266612e-010
4.472721813216525e-003	1.254045e+000	1.266585e-010
4.473721813216525e-003	1.254018e+000	1.266558e-010
4.474721813216525e-003	1.253991e+000	1.266531e-010
4.475721813216526e-003	1.253964e+000	1.266504e-010
4.476721813216526e-003	1.253937e+000	1.266477e-010
4.477721813216526e-003	1.253910e+000	1.266449e-010
4.478721813216526e-003	1.253883e+000	1.266422e-010
4.479721813216525e-003	1.253857e+000	1.266395e-010
4.482721813216526e-003	1.253776e+000	1.266314e-010
4.483721813216526e-003	1.253749e+000	1.266286e-010
4.484721813216526e-003	1.253722e+000	1.266259e-010
4.485721813216526e-003	1.253695e+000	1.266232e-010
4.486721813216525e-003	1.253668e+000	1.266205e-010
4.487721813216525e-003	1.253641e+000	1.266178e-010
4.488721813216526e-003	1.253614e+000	1.266151e-010
4.489721813216526e-003	1.253588e+000	1.266123e-010
4.490721813216526e-003	1.253561e+000	1.266096e-010
4.491721813216526e-003	1.253534e+000	1.266069e-010
4.494721813216526e-003	1.253453e+000	1.265988e-010
4.495721813216526e-003	1.253426e+000	1.265960e-010
4.496721813216526e-003	1.253399e+000	1.265933e-010
4.497721813216526e-003	1.253372e+000	1.265906e-010
4.498721813216526e-003	1.253345e+000	1.265879e-010
4.499721813216525e-003	1.253319e+000	1.265852e-010
4.500721813216525e-003	1.253292e+000	1.265825e-010
4.501721813216526e-003	1.253265e+000	1.265797e-010
4.502721813216526e-003	1.253238e+000	1.265770e-010
4.503721813216526e-003	1.253211e+000	1.265743e-010
4.506721813216525e-003	1.253130e+000	1.265662e-010
4.507721813216526e-003	1.253103e+000	1.265635e-010
4.508721813216526e-003	1.253077e+000	1.265607e-010
4.509721813216526e-003	1.253050e+000	1.265580e-010
4.510721813216526e-003	1.253023e+000	1.265553e-010
4.511721813216526e-003	1.252996e+000	1.265526e-010
4.512721813216525e-003	1.252969e+000	1.265499e-010
4.513721813216525e-003	1.252942e+000	1.265472e-010
4.514721813216526e-003	1.252915e+000	1.265445e-010
4.515721813216526e-003	1.252888e+000	1.265417e-010
4.518721813216525e-003	1.252808e+000	1.265336e-010
4.519721813216525e-003	1.252781e+000	1.265309e-010
4.520721813216526e-003	1.252754e+000	1.265282e-010
4.521721813216526e-003	1.252727e+000	1.265254e-010
4.522721813216526e-003	1.252700e+000	1.265227e-010
4.523721813216526e-003	1.252674e+000	1.265200e-010
4.524721813216526e-003	1.252647e+000	1.265173e-010
4.525721813216525e-003	1.252620e+000	1.265146e-010
4.526721813216525e-003	1.252593e+000	1.265119e-010
4.528721813216526e-003	1.252539e+000	1.265064e-010
4.531721813216525e-003	1.252458e+000	1.264983e-010
4.532721813216525e-003	1.252432e+000	1.264956e-010
4.533721813216526e-003	1.252405e+000	1.264929e-010
4.534721813216526e-003	1.252378e+000	1.264902e-010
4.535721813216526e-003	1.252351e+000	1.264874e-010
4.536721813216526e-003	1.252324e+000	1.264847e-010
4.537721813216526e-003	1.252297e+000	1.264820e-010
4.538721813216525e-003	1.252270e+000	1.264793e-010
4.540721813216526e-003	1.252217e+000	1.264739e-010
4.543721813216526e-003	1.252136e+000	1.264657e-010
4.544721813216525e-003	1.252109e+000	1.264630e-010
4.545721813216525e-003	1.252082e+000	1.264603e-010
4.546721813216526e-003	1.252055e+000	1.264576e-010
4.547721813216526e-003	1.252029e+000	1.264549e-010
4.548721813216526e-003	1.252002e+000	1.264522e-010
4.549721813216526e-003	1.251975e+000	1.264495e-010
4.550721813216526e-003	1.251948e+000	1.264468e-010
4.552721813216525e-003	1.251894e+000	1.264413e-010
4.555721813216526e-003	1.251814e+000	1.264332e-010
4.557721813216526e-003	1.251760e+000	1.264278e-010
4.558721813216525e-003	1.251733e+000	1.264251e-010
4.559721813216526e-003	1.251706e+000	1.264223e-010
4.560721813216526e-003	1.251679e+000	1.264196e-010
4.561721813216526e-003	1.251653e+000	1.264169e-010
4.563721813216526e-003	1.251599e+000	1.264115e-010
4.568721813216526e-003	1.251465e+000	1.263979e-010
4.570721813216526e-003	1.251411e+000	1.263925e-010
4.571721813216525e-003	1.251384e+000	1.263898e-010
4.572721813216525e-003	1.251357e+000	1.263871e-010
4.574721813216526e-003	1.251304e+000	1.263817e-010
4.577721813216525e-003	1.251223e+000	1.263735e-010
4.580721813216526e-003	1.251142e+000	1.263654e-010
4.582721813216526e-003	1.251089e+000	1.263600e-010
4.584721813216525e-003	1.251035e+000	1.263545e-010
4.586721813216526e-003	1.250981e+000	1.263491e-010
4.589721813216526e-003	1.250901e+000	1.263410e-010
4.592721813216526e-003	1.250820e+000	1.263329e-010
4.594721813216526e-003	1.250767e+000	1.263274e-010
4.596721813216526e-003	1.250713e+000	1.263220e-010
4.598721813216525e-003	1.250659e+000	1.263166e-010
4.601721813216526e-003	1.250579e+000	1.263085e-010
4.604721813216525e-003	1.250498e+000	1.263003e-010
4.606721813216526e-003	1.250445e+000	1.262949e-010
4.608721813216526e-003	1.250391e+000	1.262895e-010
4.610721813216525e-003	1.250337e+000	1.262841e-010
4.611721813216525e-003	1.250310e+000	1.262814e-010
4.612721813216526e-003	1.250284e+000	1.262787e-010
4.613721813216526e-003	1.250257e+000	1.262760e-010
4.614721813216525e-003	1.250230e+000	1.262732e-010
4.615721813216525e-003	1.250203e+000	1.262705e-010
4.616721813216525e-003	1.250176e+000	1.262678e-010
4.617721813216525e-003	1.250150e+000	1.262651e-010
4.619721813216526e-003	1.250096e+000	1.262597e-010
4.621721813216526e-003	1.250042e+000	1.262543e-010
4.624721813216525e-003	1.249962e+000	1.262462e-010
4.625864670359383e-003	1.249931e+000	1.262431e-010
4.627007527502240e-003	1.249901e+000	1.262400e-010
4.628150384645097e-003	1.249870e+000	1.262369e-010
4.629293241787954e-003	1.249839e+000	1.262338e-010
4.630436098930811e-003	1.249809e+000	1.262307e-010
4.631578956073668e-003	1.249778e+000	1.262276e-010
4.632721813216526e-003	1.249748e+000	1.262245e-010
4.635721813216526e-003	1.249667e+000	1.262164e-010
4.636864670359383e-003	1.249636e+000	1.262133e-010
4.638007527502240e-003	1.249606e+000	1.262102e-010
4.639150384645097e-003	1.249575e+000	1.262071e-010
4.640293241787954e-003	1.249544e+000	1.262040e-010
4.641436098930811e-003	1.249514e+000	1.262009e-010
4.642578956073669e-003	1.249483e+000	1.261978e-010
4.643721813216525e-003	1.249452e+000	1.261947e-010
4.646721813216526e-003	1.249372e+000	1.261866e-010
4.648007527502240e-003	1.249338e+000	1.261831e-010
4.649293241787955e-003	1.249303e+000	1.261796e-010
4.650578956073669e-003	1.249269e+000	1.261761e-010
4.651864670359383e-003	1.249234e+000	1.261727e-010
4.653150384645097e-003	1.249200e+000	1.261692e-010
4.654436098930812e-003	1.249165e+000	1.261657e-010
4.655721813216526e-003	1.249131e+000	1.261622e-010
4.658721813216526e-003	1.249050e+000	1.261541e-010
4.660007527502240e-003	1.249016e+000	1.261506e-010
4.661293241787955e-003	1.248982e+000	1.261471e-010
4.662578956073669e-003	1.248947e+000	1.261437e-010
4.663864670359383e-003	1.248913e+000	1.261402e-010
4.665150384645097e-003	1.248878e+000	1.261367e-010
4.666436098930812e-003	1.248844e+000	1.261332e-010
4.667721813216526e-003	1.248809e+000	1.261297e-010
4.669150384645097e-003	1.248771e+000	1.261259e-010
4.670578956073669e-003	1.248733e+000	1.261220e-010
4.672007527502240e-003	1.248694e+000	1.261181e-010
4.673436098930811e-003	1.248656e+000	1.261143e-010
4.674864670359383e-003	1.248618e+000	1.261104e-010
4.676293241787954e-003	1.248580e+000	1.261065e-010
4.677721813216526e-003	1.248541e+000	1.261027e-010
4.679436098930811e-003	1.248496e+000	1.260980e-010
4.681150384645097e-003	1.248450e+000	1.260934e-010
4.682864670359383e-003	1.248404e+000	1.260888e-010
4.684578956073668e-003	1.248358e+000	1.260841e-010
4.686293241787954e-003	1.248312e+000	1.260795e-010
4.688007527502240e-003	1.248266e+000	1.260749e-010
4.689721813216525e-003	1.248220e+000	1.260702e-010
4.691436098930811e-003	1.248174e+000	1.260656e-010
4.693150384645097e-003	1.248128e+000	1.260610e-010
4.694864670359383e-003	1.248082e+000	1.260563e-010
4.696578956073668e-003	1.248036e+000	1.260517e-010
4.698293241787954e-003	1.247991e+000	1.260470e-010
4.700007527502240e-003	1.247945e+000	1.260424e-010
4.701721813216525e-003	1.247899e+000	1.260378e-010
4.703578956073668e-003	1.247849e+000	1.260327e-010
4.705436098930811e-003	1.247799e+000	1.260277e-010
4.707293241787954e-003	1.247750e+000	1.260227e-010
4.709150384645098e-003	1.247700e+000	1.260177e-010
4.711007527502240e-003	1.247650e+000	1.260127e-010
4.712864670359383e-003	1.247600e+000	1.260076e-010
4.714721813216526e-003	1.247551e+000	1.260026e-010
4.716578956073669e-003	1.247501e+000	1.259976e-010
4.718436098930812e-003	1.247451e+000	1.259926e-010
4.720293241787955e-003	1.247402e+000	1.259876e-010
4.722150384645098e-003	1.247352e+000	1.259825e-010
4.724007527502240e-003	1.247302e+000	1.259775e-010
4.725864670359383e-003	1.247253e+000	1.259725e-010
4.727721813216526e-003	1.247203e+000	1.259675e-010
4.729721813216526e-003	1.247149e+000	1.259621e-010
4.731721813216526e-003	1.247096e+000	1.259567e-010
4.733721813216526e-003	1.247042e+000	1.259513e-010
4.735721813216525e-003	1.246989e+000	1.259459e-010
4.737721813216526e-003	1.246935e+000	1.259405e-010
4.739721813216525e-003	1.246882e+000	1.259351e-010
4.741721813216525e-003	1.246828e+000	1.259297e-010
4.744150384645097e-003	1.246763e+000	1.259231e-010
4.746578956073669e-003	1.246698e+000	1.259165e-010
4.749007527502240e-003	1.246633e+000	1.259100e-010
4.751436098930811e-003	1.246569e+000	1.259034e-010
4.753864670359383e-003	1.246504e+000	1.258969e-010
4.756293241787954e-003	1.246439e+000	1.258903e-010
4.758721813216526e-003	1.246374e+000	1.258837e-010
4.761436098930811e-003	1.246301e+000	1.258764e-010
4.764150384645097e-003	1.246228e+000	1.258691e-010
4.766864670359383e-003	1.246156e+000	1.258618e-010
4.769578956073669e-003	1.246083e+000	1.258544e-010
4.772293241787955e-003	1.246011e+000	1.258471e-010
4.775007527502240e-003	1.245938e+000	1.258398e-010
4.777721813216526e-003	1.245866e+000	1.258324e-010
4.781578956073669e-003	1.245763e+000	1.258220e-010
4.785436098930811e-003	1.245660e+000	1.258116e-010
4.789293241787954e-003	1.245557e+000	1.258012e-010
4.793150384645097e-003	1.245453e+000	1.257908e-010
4.797007527502241e-003	1.245350e+000	1.257804e-010
4.800864670359383e-003	1.245247e+000	1.257700e-010
4.804721813216526e-003	1.245144e+000	1.257596e-010
4.809007527502240e-003	1.245030e+000	1.257480e-010
4.813293241787954e-003	1.244915e+000	1.257364e-010
4.817578956073669e-003	1.244801e+000	1.257249e-010
4.821864670359383e-003	1.244686e+000	1.257133e-010
4.826150384645097e-003	1.244572e+000	1.257018e-010
4.830436098930811e-003	1.244458e+000	1.256902e-010
4.834721813216526e-003	1.244343e+000	1.256787e-010
4.929721813216526e-003	1.241810e+000	1.254228e-010
4.997721813216526e-003	1.240000e+000	1.252400e-010
4.998721813216526e-003	1.239973e+000	1.252373e-010
4.999443626433051e-003	1.239954e+000	1.252353e-010
5.000000000000000e-003	1.239939e+000	1.252338e-010
5.001000000000000e-003	1.239912e+000	1.252311e-010
5.952000000000000e-003	1.214876e+000	1.227025e-010
6.976000000000000e-003	1.188489e+000	1.200374e-010
6.999000000000000e-003	1.187903e+000	1.199782e-010
7.000000000000000e-003	1.187915e+000	1.199794e-010
