time	V(vout)	-I(Rl)
0.000000000000000e+000	9.996057e+000	1.009602e-009
1.009638400021875e-003	9.996057e+000	1.009602e-009
2.000000000000000e-003	9.996057e+000	1.009602e-009
2.000000686880232e-003	9.460893e+000	6.128874e-001
2.000002060640694e-003	9.097732e+000	9.097731e-001
2.000002302148719e-003	9.111507e+000	9.111508e-001
2.000002420982828e-003	9.122065e+000	9.122065e-001
2.000002457726978e-003	9.121944e+000	9.121944e-001
2.000002508720115e-003	9.121994e+000	9.121994e-001
2.000002561510304e-003	9.122001e+000	9.122000e-001
2.000002667090681e-003	9.121971e+000	9.121971e-001
2.000002763055161e-003	9.121892e+000	9.121892e-001
2.000002925761511e-003	9.121719e+000	9.121719e-001
2.000003088050614e-003	9.121568e+000	9.121568e-001
2.000003411323922e-003	9.121417e+000	9.121417e-001
2.000003795179093e-003	9.121534e+000	9.121535e-001
2.000004562889434e-003	9.122510e+000	9.122510e-001
2.000005560218483e-003	9.124657e+000	9.124658e-001
2.000006559640351e-003	9.127518e+000	9.127518e-001
2.000007462760300e-003	9.130530e+000	9.130530e-001
2.000008473451789e-003	9.134220e+000	9.134220e-001
2.000009725614566e-003	9.139183e+000	9.139183e-001
2.000012122752265e-003	9.149660e+000	9.149660e-001
2.000014522301670e-003	9.161715e+000	9.161715e-001
2.000018007079160e-003	9.182145e+000	9.182145e-001
2.000021293974034e-003	9.204289e+000	9.204289e-001
2.000026824691912e-003	9.245256e+000	9.245257e-001
2.000032989952383e-003	9.292255e+000	9.292256e-001
2.000039189651305e-003	9.338388e+000	9.338389e-001
2.000045354733694e-003	9.381157e+000	9.381157e-001
2.000051966090272e-003	9.422900e+000	9.422900e-001
2.000056448160952e-003	9.448073e+000	9.448073e-001
2.000062060462275e-003	9.475646e+000	9.475646e-001
2.000067247285356e-003	9.497603e+000	9.497604e-001
2.000073186671065e-003	9.518526e+000	9.518526e-001
2.000080058709221e-003	9.538271e+000	9.538271e-001
2.000086515721584e-003	9.552995e+000	9.552995e-001
2.000094863607535e-003	9.567682e+000	9.567682e-001
2.000106253452860e-003	9.582995e+000	9.582995e-001
2.000120414233020e-003	9.597942e+000	9.597942e-001
2.000132872659029e-003	9.609476e+000	9.609476e-001
2.000143876289176e-003	9.620284e+000	9.620284e-001
2.000154091004055e-003	9.633276e+000	9.633276e-001
2.000164285535030e-003	9.652766e+000	9.652766e-001
2.000176633179033e-003	9.690583e+000	9.690583e-001
2.000190503222789e-003	9.757408e+000	9.757408e-001
2.000204117824678e-003	9.850628e+000	9.850628e-001
2.000212051280564e-003	9.921235e+000	9.921235e-001
2.000220988030463e-003	1.001647e+001	1.001647e+000
2.000228365305264e-003	1.010432e+001	1.010432e+000
2.000232004107000e-003	1.015115e+001	1.015115e+000
2.000234702754673e-003	1.018753e+001	1.018753e+000
2.000237012286702e-003	1.021955e+001	1.021955e+000
2.000239134921983e-003	1.024968e+001	1.024968e+000
2.000241047697883e-003	1.027742e+001	1.027742e+000
2.000242954526102e-003	1.030563e+001	1.030563e+000
2.000244989709191e-003	1.033626e+001	1.033626e+000
2.000247190127919e-003	1.036989e+001	1.036989e+000
2.000249793433267e-003	1.041025e+001	1.041025e+000
2.000252720107708e-003	1.045627e+001	1.045627e+000
2.000256546215421e-003	1.051731e+001	1.051731e+000
2.000259504993466e-003	1.056528e+001	1.056528e+000
2.000263183520102e-003	1.062587e+001	1.062587e+000
2.000265606199250e-003	1.066628e+001	1.066628e+000
2.000267997985744e-003	1.070656e+001	1.070656e+000
2.000270170287040e-003	1.074336e+001	1.074336e+000
2.000272341349686e-003	1.078027e+001	1.078027e+000
2.000274589817023e-003	1.081856e+001	1.081856e+000
2.000276111895944e-003	1.084449e+001	1.084449e+000
2.000277936974458e-003	1.087558e+001	1.087558e+000
2.000279967443485e-003	1.091013e+001	1.091013e+000
2.000282292012864e-003	1.094961e+001	1.094962e+000
2.000284925841177e-003	1.099422e+001	1.099422e+000
2.000288264841990e-003	1.105047e+001	1.105047e+000
2.000293048273136e-003	1.113022e+001	1.113022e+000
2.000299908423702e-003	1.124257e+001	1.124257e+000
2.000306923126942e-003	1.135455e+001	1.135455e+000
2.000312325934521e-003	1.143824e+001	1.143824e+000
2.000316815172799e-003	1.150563e+001	1.150563e+000
2.000321676385449e-003	1.157628e+001	1.157628e+000
2.000327143576784e-003	1.165279e+001	1.165279e+000
2.000333032481655e-003	1.173043e+001	1.173043e+000
2.000344810291395e-003	1.186919e+001	1.186919e+000
2.000365877616638e-003	1.207244e+001	1.207244e+000
2.000390750699220e-003	1.224629e+001	1.224629e+000
2.000411192241014e-003	1.233058e+001	1.233058e+000
2.000432131293959e-003	1.236093e+001	1.236093e+000
2.000456285099675e-003	1.234553e+001	1.234553e+000
2.000475566100200e-003	1.230506e+001	1.230506e+000
2.000492915179689e-003	1.225541e+001	1.225541e+000
2.000510320117161e-003	1.220309e+001	1.220309e+000
2.000529277789291e-003	1.214788e+001	1.214788e+000
2.000546605942584e-003	1.209945e+001	1.209945e+000
2.000563881639337e-003	1.205294e+001	1.205294e+000
2.000583415774619e-003	1.200225e+001	1.200225e+000
2.000606984085304e-003	1.194343e+001	1.194343e+000
2.000631266519459e-003	1.188527e+001	1.188527e+000
2.000655171615660e-003	1.183042e+001	1.183042e+000
2.000681061094650e-003	1.177350e+001	1.177350e+000
2.000706773959025e-003	1.171941e+001	1.171941e+000
2.000736878946150e-003	1.165905e+001	1.165905e+000
2.000774196235353e-003	1.158892e+001	1.158892e+000
2.000823741571806e-003	1.150377e+001	1.150377e+000
2.000845984530573e-003	1.146896e+001	1.146896e+000
2.000874562455039e-003	1.142533e+001	1.142533e+000
2.000898579098675e-003	1.138802e+001	1.138802e+000
2.000924830280034e-003	1.134791e+001	1.134791e+000
2.000961803507390e-003	1.129340e+001	1.129340e+000
2.001003106586733e-003	1.123556e+001	1.123556e+000
2.001063897421092e-003	1.115523e+001	1.115523e+000
2.001121517547014e-003	1.108381e+001	1.108381e+000
2.001203817423985e-003	1.098973e+001	1.098974e+000
2.001315045821921e-003	1.087388e+001	1.087388e+000
2.001417736831614e-003	1.077729e+001	1.077729e+000
2.001527371774640e-003	1.068504e+001	1.068504e+000
2.001686348146626e-003	1.056558e+001	1.056558e+000
2.001845196266013e-003	1.046056e+001	1.046056e+000
2.002089198166920e-003	1.031832e+001	1.031832e+000
2.002220153932634e-003	1.024975e+001	1.024975e+000
2.002329364622227e-003	1.019759e+001	1.019758e+000
2.002402817191291e-003	1.016471e+001	1.016471e+000
2.002474627131483e-003	1.013435e+001	1.013435e+000
2.002549735028564e-003	1.010399e+001	1.010399e+000
2.002618691643331e-003	1.007705e+001	1.007705e+000
2.002689110787448e-003	1.005008e+001	1.005008e+000
2.002743468241453e-003	1.002943e+001	1.002943e+000
2.002795591971760e-003	1.000978e+001	1.000978e+000
2.002850701237239e-003	9.989312e+000	9.989312e-001
2.002882788828427e-003	9.977687e+000	9.977687e-001
2.002912579583349e-003	9.967294e+000	9.967294e-001
2.002951588966451e-003	9.954404e+000	9.954403e-001
2.002989629911538e-003	9.942927e+000	9.942927e-001
2.003024687017794e-003	9.934130e+000	9.934130e-001
2.003069464479548e-003	9.926263e+000	9.926262e-001
2.003110667824855e-003	9.923212e+000	9.923212e-001
2.003154921327899e-003	9.924604e+000	9.924605e-001
2.003182370633131e-003	9.927876e+000	9.927876e-001
2.003210633113309e-003	9.933043e+000	9.933043e-001
2.003240902394691e-003	9.939647e+000	9.939647e-001
2.003269529823199e-003	9.946384e+000	9.946385e-001
2.003304642856779e-003	9.954637e+000	9.954637e-001
2.003345081574278e-003	9.963558e+000	9.963558e-001
2.003385503839476e-003	9.971554e+000	9.971554e-001
2.003428514157509e-003	9.978972e+000	9.978973e-001
2.003475205861005e-003	9.986001e+000	9.986001e-001
2.003520264748353e-003	9.992037e+000	9.992037e-001
2.003568471975363e-003	9.997930e+000	9.997929e-001
2.003627568783759e-003	1.000464e+001	1.000463e+000
2.003692169891053e-003	1.001140e+001	1.001140e+000
2.003756876831387e-003	1.001745e+001	1.001745e+000
2.003825468589402e-003	1.002292e+001	1.002292e+000
2.003910061979768e-003	1.002848e+001	1.002848e+000
2.003994332427921e-003	1.003308e+001	1.003308e+000
2.004089314947937e-003	1.003758e+001	1.003758e+000
2.004182981930047e-003	1.004156e+001	1.004156e+000
2.004275980738049e-003	1.004500e+001	1.004500e+000
2.004380651639250e-003	1.004829e+001	1.004829e+000
2.004507431243326e-003	1.005174e+001	1.005175e+000
2.004633783333185e-003	1.005477e+001	1.005477e+000
2.004795182804767e-003	1.005808e+001	1.005808e+000
2.004945909856542e-003	1.006069e+001	1.006069e+000
2.005125797321468e-003	1.006334e+001	1.006334e+000
2.005316801605016e-003	1.006572e+001	1.006572e+000
2.005537214761914e-003	1.006796e+001	1.006796e+000
2.005809051091535e-003	1.007020e+001	1.007020e+000
2.006076829330288e-003	1.007194e+001	1.007194e+000
2.006420500108238e-003	1.007362e+001	1.007362e+000
2.006838448852087e-003	1.007508e+001	1.007508e+000
2.007378104674454e-003	1.007633e+001	1.007633e+000
2.007897975744187e-003	1.007704e+001	1.007704e+000
2.008604020978418e-003	1.007750e+001	1.007750e+000
2.009364767647028e-003	1.007765e+001	1.007764e+000
2.010328401040705e-003	1.007753e+001	1.007753e+000
2.011328401040706e-003	1.007724e+001	1.007724e+000
2.012328401040705e-003	1.007686e+001	1.007686e+000
2.013328401040705e-003	1.007644e+001	1.007644e+000
2.014328401040706e-003	1.007601e+001	1.007601e+000
2.015328401040706e-003	1.007557e+001	1.007557e+000
2.016328401040705e-003	1.007513e+001	1.007513e+000
2.017328401040706e-003	1.007470e+001	1.007470e+000
2.018328401040706e-003	1.007426e+001	1.007426e+000
2.019328401040705e-003	1.007382e+001	1.007382e+000
2.020328401040706e-003	1.007339e+001	1.007339e+000
2.021328401040706e-003	1.007296e+001	1.007296e+000
2.022328401040705e-003	1.007253e+001	1.007253e+000
2.023328401040705e-003	1.007211e+001	1.007211e+000
2.024328401040706e-003	1.007168e+001	1.007168e+000
2.025328401040705e-003	1.007126e+001	1.007126e+000
2.026328401040705e-003	1.007084e+001	1.007084e+000
2.027328401040706e-003	1.007042e+001	1.007042e+000
2.028328401040706e-003	1.007001e+001	1.007001e+000
2.029328401040705e-003	1.006959e+001	1.006959e+000
2.030328401040706e-003	1.006918e+001	1.006918e+000
2.031328401040706e-003	1.006877e+001	1.006877e+000
2.032328401040705e-003	1.006836e+001	1.006836e+000
2.033328401040706e-003	1.006796e+001	1.006796e+000
2.034328401040706e-003	1.006756e+001	1.006756e+000
2.035328401040705e-003	1.006715e+001	1.006716e+000
2.036328401040705e-003	1.006676e+001	1.006676e+000
2.037328401040706e-003	1.006636e+001	1.006636e+000
2.038328401040705e-003	1.006597e+001	1.006597e+000
2.039328401040705e-003	1.006557e+001	1.006557e+000
2.040328401040706e-003	1.006518e+001	1.006518e+000
2.041328401040706e-003	1.006480e+001	1.006480e+000
2.042328401040705e-003	1.006441e+001	1.006441e+000
2.043328401040706e-003	1.006403e+001	1.006403e+000
2.044328401040706e-003	1.006364e+001	1.006364e+000
2.045328401040705e-003	1.006326e+001	1.006326e+000
2.046328401040706e-003	1.006289e+001	1.006289e+000
2.047328401040706e-003	1.006251e+001	1.006251e+000
2.048328401040705e-003	1.006214e+001	1.006214e+000
2.049328401040705e-003	1.006177e+001	1.006177e+000
2.050328401040706e-003	1.006140e+001	1.006140e+000
2.051328401040705e-003	1.006103e+001	1.006103e+000
2.052328401040705e-003	1.006066e+001	1.006066e+000
2.053328401040706e-003	1.006030e+001	1.006030e+000
2.054328401040706e-003	1.005994e+001	1.005994e+000
2.055328401040705e-003	1.005958e+001	1.005958e+000
2.056328401040706e-003	1.005922e+001	1.005922e+000
2.057328401040706e-003	1.005887e+001	1.005887e+000
2.058328401040705e-003	1.005851e+001	1.005851e+000
2.059328401040705e-003	1.005816e+001	1.005816e+000
2.060328401040706e-003	1.005781e+001	1.005781e+000
2.061328401040705e-003	1.005746e+001	1.005746e+000
2.062328401040705e-003	1.005712e+001	1.005712e+000
2.063328401040706e-003	1.005677e+001	1.005677e+000
2.064328401040706e-003	1.005643e+001	1.005643e+000
2.065328401040705e-003	1.005609e+001	1.005609e+000
2.066328401040706e-003	1.005575e+001	1.005575e+000
2.067328401040706e-003	1.005542e+001	1.005542e+000
2.068328401040705e-003	1.005508e+001	1.005508e+000
2.069328401040706e-003	1.005475e+001	1.005475e+000
2.070328401040706e-003	1.005442e+001	1.005442e+000
2.071328401040705e-003	1.005409e+001	1.005409e+000
2.072328401040705e-003	1.005376e+001	1.005376e+000
2.073328401040706e-003	1.005344e+001	1.005344e+000
2.074328401040705e-003	1.005311e+001	1.005311e+000
2.076328401040706e-003	1.005247e+001	1.005247e+000
2.077328401040706e-003	1.005215e+001	1.005215e+000
2.078328401040705e-003	1.005184e+001	1.005184e+000
2.079328401040706e-003	1.005152e+001	1.005152e+000
2.080328401040706e-003	1.005121e+001	1.005121e+000
2.081328401040705e-003	1.005090e+001	1.005090e+000
2.082328401040706e-003	1.005059e+001	1.005059e+000
2.083328401040706e-003	1.005028e+001	1.005028e+000
2.084328401040705e-003	1.004997e+001	1.004997e+000
2.085328401040705e-003	1.004967e+001	1.004967e+000
2.086328401040706e-003	1.004936e+001	1.004936e+000
2.087328401040705e-003	1.004906e+001	1.004906e+000
2.088328401040705e-003	1.004876e+001	1.004876e+000
2.089328401040706e-003	1.004846e+001	1.004846e+000
2.090328401040706e-003	1.004817e+001	1.004817e+000
2.091328401040705e-003	1.004787e+001	1.004787e+000
2.092328401040706e-003	1.004758e+001	1.004758e+000
2.093328401040706e-003	1.004729e+001	1.004729e+000
2.094328401040705e-003	1.004700e+001	1.004700e+000
2.095328401040706e-003	1.004671e+001	1.004671e+000
2.096328401040706e-003	1.004642e+001	1.004642e+000
2.097328401040705e-003	1.004614e+001	1.004614e+000
2.098328401040705e-003	1.004585e+001	1.004585e+000
2.099328401040706e-003	1.004557e+001	1.004557e+000
2.100328401040705e-003	1.004529e+001	1.004529e+000
2.101328401040705e-003	1.004501e+001	1.004501e+000
2.102328401040706e-003	1.004473e+001	1.004473e+000
2.103328401040706e-003	1.004446e+001	1.004446e+000
2.104328401040705e-003	1.004418e+001	1.004418e+000
2.105328401040706e-003	1.004391e+001	1.004391e+000
2.106328401040706e-003	1.004364e+001	1.004364e+000
2.107328401040705e-003	1.004337e+001	1.004337e+000
2.108328401040705e-003	1.004310e+001	1.004310e+000
2.109328401040706e-003	1.004283e+001	1.004283e+000
2.110328401040705e-003	1.004257e+001	1.004257e+000
2.111328401040705e-003	1.004230e+001	1.004230e+000
2.112328401040706e-003	1.004204e+001	1.004204e+000
2.113328401040706e-003	1.004178e+001	1.004178e+000
2.114328401040705e-003	1.004152e+001	1.004152e+000
2.115328401040706e-003	1.004126e+001	1.004126e+000
2.116328401040706e-003	1.004101e+001	1.004101e+000
2.117328401040705e-003	1.004075e+001	1.004075e+000
2.118328401040706e-003	1.004050e+001	1.004050e+000
2.119328401040706e-003	1.004024e+001	1.004024e+000
2.120328401040705e-003	1.003999e+001	1.003999e+000
2.121328401040705e-003	1.003974e+001	1.003974e+000
2.122328401040706e-003	1.003949e+001	1.003949e+000
2.123328401040705e-003	1.003925e+001	1.003925e+000
2.124328401040705e-003	1.003900e+001	1.003900e+000
2.125328401040706e-003	1.003876e+001	1.003876e+000
2.126328401040706e-003	1.003851e+001	1.003851e+000
2.127328401040705e-003	1.003827e+001	1.003827e+000
2.128328401040706e-003	1.003803e+001	1.003803e+000
2.129328401040706e-003	1.003779e+001	1.003779e+000
2.130328401040705e-003	1.003755e+001	1.003755e+000
2.131328401040706e-003	1.003732e+001	1.003732e+000
2.132328401040706e-003	1.003708e+001	1.003708e+000
2.133328401040705e-003	1.003685e+001	1.003685e+000
2.134328401040705e-003	1.003662e+001	1.003662e+000
2.135328401040706e-003	1.003638e+001	1.003639e+000
2.136328401040705e-003	1.003615e+001	1.003615e+000
2.137328401040705e-003	1.003593e+001	1.003593e+000
2.138328401040706e-003	1.003570e+001	1.003570e+000
2.139328401040706e-003	1.003547e+001	1.003547e+000
2.140328401040705e-003	1.003525e+001	1.003525e+000
2.141328401040706e-003	1.003502e+001	1.003502e+000
2.142328401040706e-003	1.003480e+001	1.003480e+000
2.143328401040705e-003	1.003458e+001	1.003458e+000
2.144328401040706e-003	1.003436e+001	1.003436e+000
2.145328401040706e-003	1.003414e+001	1.003414e+000
2.146328401040705e-003	1.003392e+001	1.003392e+000
2.147328401040705e-003	1.003371e+001	1.003371e+000
2.148328401040706e-003	1.003349e+001	1.003349e+000
2.149328401040705e-003	1.003328e+001	1.003328e+000
2.150328401040705e-003	1.003306e+001	1.003306e+000
2.151328401040706e-003	1.003285e+001	1.003285e+000
2.152328401040706e-003	1.003264e+001	1.003264e+000
2.153328401040705e-003	1.003243e+001	1.003243e+000
2.154328401040706e-003	1.003222e+001	1.003222e+000
2.155328401040706e-003	1.003201e+001	1.003201e+000
2.156328401040705e-003	1.003181e+001	1.003181e+000
2.157328401040705e-003	1.003160e+001	1.003160e+000
2.158328401040706e-003	1.003140e+001	1.003140e+000
2.159328401040705e-003	1.003120e+001	1.003120e+000
2.161328401040706e-003	1.003080e+001	1.003080e+000
2.162328401040706e-003	1.003060e+001	1.003060e+000
2.163328401040705e-003	1.003040e+001	1.003040e+000
2.164328401040706e-003	1.003020e+001	1.003020e+000
2.165328401040706e-003	1.003000e+001	1.003000e+000
2.166328401040705e-003	1.002981e+001	1.002981e+000
2.167328401040706e-003	1.002962e+001	1.002962e+000
2.168328401040706e-003	1.002942e+001	1.002942e+000
2.169328401040705e-003	1.002923e+001	1.002923e+000
2.170328401040705e-003	1.002904e+001	1.002904e+000
2.171328401040706e-003	1.002885e+001	1.002885e+000
2.172328401040705e-003	1.002866e+001	1.002866e+000
2.173328401040705e-003	1.002847e+001	1.002847e+000
2.174328401040706e-003	1.002829e+001	1.002829e+000
2.175328401040706e-003	1.002810e+001	1.002810e+000
2.176328401040705e-003	1.002792e+001	1.002792e+000
2.177328401040706e-003	1.002773e+001	1.002773e+000
2.178328401040706e-003	1.002755e+001	1.002755e+000
2.179328401040705e-003	1.002737e+001	1.002737e+000
2.180328401040706e-003	1.002719e+001	1.002719e+000
2.181328401040706e-003	1.002701e+001	1.002701e+000
2.182328401040705e-003	1.002683e+001	1.002683e+000
2.183328401040705e-003	1.002665e+001	1.002665e+000
2.184328401040706e-003	1.002648e+001	1.002648e+000
2.185328401040705e-003	1.002630e+001	1.002630e+000
2.186328401040705e-003	1.002613e+001	1.002613e+000
2.187328401040706e-003	1.002595e+001	1.002595e+000
2.188328401040706e-003	1.002578e+001	1.002578e+000
2.189328401040705e-003	1.002561e+001	1.002561e+000
2.190328401040706e-003	1.002544e+001	1.002544e+000
2.191328401040706e-003	1.002527e+001	1.002527e+000
2.192328401040705e-003	1.002510e+001	1.002510e+000
2.193328401040705e-003	1.002493e+001	1.002493e+000
2.194328401040706e-003	1.002476e+001	1.002476e+000
2.195328401040705e-003	1.002460e+001	1.002460e+000
2.196328401040705e-003	1.002443e+001	1.002443e+000
2.197328401040706e-003	1.002427e+001	1.002427e+000
2.198328401040705e-003	1.002410e+001	1.002410e+000
2.199328401040705e-003	1.002394e+001	1.002394e+000
2.200328401040706e-003	1.002378e+001	1.002378e+000
2.201328401040706e-003	1.002362e+001	1.002362e+000
2.202328401040705e-003	1.002346e+001	1.002346e+000
2.203328401040706e-003	1.002330e+001	1.002330e+000
2.204328401040706e-003	1.002314e+001	1.002314e+000
2.205328401040705e-003	1.002298e+001	1.002298e+000
2.206328401040705e-003	1.002283e+001	1.002283e+000
2.207328401040706e-003	1.002267e+001	1.002267e+000
2.208328401040705e-003	1.002252e+001	1.002252e+000
2.209328401040705e-003	1.002236e+001	1.002236e+000
2.210328401040706e-003	1.002221e+001	1.002221e+000
2.211328401040706e-003	1.002206e+001	1.002206e+000
2.212328401040705e-003	1.002190e+001	1.002190e+000
2.213328401040706e-003	1.002175e+001	1.002175e+000
2.214328401040706e-003	1.002160e+001	1.002161e+000
2.215328401040705e-003	1.002146e+001	1.002146e+000
2.216328401040706e-003	1.002131e+001	1.002131e+000
2.217328401040706e-003	1.002116e+001	1.002116e+000
2.218328401040705e-003	1.002101e+001	1.002101e+000
2.219328401040705e-003	1.002087e+001	1.002087e+000
2.220328401040706e-003	1.002072e+001	1.002072e+000
2.221328401040705e-003	1.002058e+001	1.002058e+000
2.222328401040705e-003	1.002044e+001	1.002044e+000
2.223328401040706e-003	1.002029e+001	1.002029e+000
2.224328401040706e-003	1.002015e+001	1.002015e+000
2.225328401040705e-003	1.002001e+001	1.002001e+000
2.226328401040706e-003	1.001987e+001	1.001987e+000
2.227328401040706e-003	1.001973e+001	1.001973e+000
2.228328401040705e-003	1.001959e+001	1.001959e+000
2.229328401040706e-003	1.001945e+001	1.001945e+000
2.230328401040706e-003	1.001932e+001	1.001932e+000
2.231328401040705e-003	1.001918e+001	1.001918e+000
2.232328401040705e-003	1.001905e+001	1.001905e+000
2.234328401040705e-003	1.001878e+001	1.001878e+000
2.235328401040705e-003	1.001864e+001	1.001864e+000
2.236328401040706e-003	1.001851e+001	1.001851e+000
2.237328401040706e-003	1.001838e+001	1.001838e+000
2.238328401040705e-003	1.001825e+001	1.001825e+000
2.239328401040706e-003	1.001812e+001	1.001812e+000
2.240328401040706e-003	1.001799e+001	1.001799e+000
2.241328401040705e-003	1.001786e+001	1.001786e+000
2.242328401040705e-003	1.001773e+001	1.001773e+000
2.243328401040706e-003	1.001760e+001	1.001760e+000
2.244328401040705e-003	1.001748e+001	1.001747e+000
2.246328401040706e-003	1.001722e+001	1.001722e+000
2.247328401040705e-003	1.001710e+001	1.001710e+000
2.248328401040705e-003	1.001697e+001	1.001697e+000
2.249328401040706e-003	1.001685e+001	1.001685e+000
2.250328401040706e-003	1.001673e+001	1.001673e+000
2.251328401040705e-003	1.001661e+001	1.001661e+000
2.252328401040706e-003	1.001649e+001	1.001648e+000
2.253328401040706e-003	1.001636e+001	1.001636e+000
2.254328401040705e-003	1.001624e+001	1.001624e+000
2.255328401040705e-003	1.001612e+001	1.001612e+000
2.256328401040706e-003	1.001601e+001	1.001601e+000
2.258328401040705e-003	1.001577e+001	1.001577e+000
2.259328401040706e-003	1.001565e+001	1.001565e+000
2.260328401040706e-003	1.001554e+001	1.001554e+000
2.261328401040705e-003	1.001542e+001	1.001542e+000
2.262328401040706e-003	1.001531e+001	1.001531e+000
2.263328401040706e-003	1.001519e+001	1.001519e+000
2.264328401040705e-003	1.001508e+001	1.001508e+000
2.265328401040706e-003	1.001497e+001	1.001496e+000
2.266328401040706e-003	1.001485e+001	1.001485e+000
2.267328401040705e-003	1.001474e+001	1.001474e+000
2.268328401040705e-003	1.001463e+001	1.001463e+000
2.269328401040706e-003	1.001452e+001	1.001452e+000
2.270328401040705e-003	1.001441e+001	1.001441e+000
2.271328401040705e-003	1.001430e+001	1.001430e+000
2.272328401040706e-003	1.001419e+001	1.001419e+000
2.273328401040706e-003	1.001408e+001	1.001408e+000
2.274328401040705e-003	1.001398e+001	1.001397e+000
2.275328401040706e-003	1.001387e+001	1.001387e+000
2.276328401040706e-003	1.001376e+001	1.001376e+000
2.277328401040705e-003	1.001366e+001	1.001366e+000
2.278328401040706e-003	1.001355e+001	1.001355e+000
2.279328401040706e-003	1.001345e+001	1.001345e+000
2.280328401040705e-003	1.001334e+001	1.001334e+000
2.281328401040705e-003	1.001324e+001	1.001324e+000
2.282328401040706e-003	1.001313e+001	1.001313e+000
2.283328401040705e-003	1.001303e+001	1.001303e+000
2.284328401040705e-003	1.001293e+001	1.001293e+000
2.285328401040706e-003	1.001283e+001	1.001283e+000
2.286328401040706e-003	1.001273e+001	1.001273e+000
2.287328401040705e-003	1.001263e+001	1.001263e+000
2.288328401040706e-003	1.001253e+001	1.001253e+000
2.289328401040706e-003	1.001243e+001	1.001243e+000
2.290328401040705e-003	1.001233e+001	1.001233e+000
2.291328401040705e-003	1.001223e+001	1.001223e+000
2.292328401040706e-003	1.001214e+001	1.001214e+000
2.293328401040705e-003	1.001204e+001	1.001204e+000
2.295328401040706e-003	1.001185e+001	1.001185e+000
2.296328401040705e-003	1.001175e+001	1.001175e+000
2.297328401040705e-003	1.001166e+001	1.001166e+000
2.298328401040706e-003	1.001156e+001	1.001156e+000
2.299328401040706e-003	1.001147e+001	1.001147e+000
2.300328401040705e-003	1.001138e+001	1.001137e+000
2.301328401040706e-003	1.001128e+001	1.001128e+000
2.302328401040706e-003	1.001119e+001	1.001119e+000
2.303328401040705e-003	1.001110e+001	1.001110e+000
2.304328401040705e-003	1.001101e+001	1.001101e+000
2.305328401040706e-003	1.001092e+001	1.001092e+000
2.307328401040705e-003	1.001074e+001	1.001074e+000
2.308328401040706e-003	1.001065e+001	1.001065e+000
2.309328401040706e-003	1.001056e+001	1.001056e+000
2.310328401040705e-003	1.001047e+001	1.001047e+000
2.311328401040706e-003	1.001038e+001	1.001038e+000
2.312328401040706e-003	1.001029e+001	1.001029e+000
2.313328401040705e-003	1.001021e+001	1.001021e+000
2.314328401040706e-003	1.001012e+001	1.001012e+000
2.315328401040706e-003	1.001004e+001	1.001004e+000
2.316328401040705e-003	1.000995e+001	1.000995e+000
2.317328401040705e-003	1.000987e+001	1.000987e+000
2.319328401040705e-003	1.000970e+001	1.000970e+000
2.320328401040705e-003	1.000961e+001	1.000961e+000
2.321328401040706e-003	1.000953e+001	1.000953e+000
2.322328401040706e-003	1.000945e+001	1.000945e+000
2.323328401040705e-003	1.000937e+001	1.000937e+000
2.324328401040706e-003	1.000928e+001	1.000928e+000
2.325328401040706e-003	1.000920e+001	1.000920e+000
2.326328401040705e-003	1.000912e+001	1.000912e+000
2.327328401040706e-003	1.000904e+001	1.000904e+000
2.328328401040706e-003	1.000896e+001	1.000896e+000
2.329328401040705e-003	1.000888e+001	1.000888e+000
2.331328401040706e-003	1.000872e+001	1.000872e+000
2.332328401040705e-003	1.000865e+001	1.000865e+000
2.333328401040705e-003	1.000857e+001	1.000857e+000
2.334328401040706e-003	1.000849e+001	1.000849e+000
2.335328401040706e-003	1.000841e+001	1.000841e+000
2.336328401040705e-003	1.000834e+001	1.000834e+000
2.337328401040706e-003	1.000826e+001	1.000826e+000
2.338328401040706e-003	1.000819e+001	1.000819e+000
2.339328401040705e-003	1.000811e+001	1.000811e+000
2.340328401040705e-003	1.000804e+001	1.000804e+000
2.341328401040706e-003	1.000796e+001	1.000796e+000
2.344328401040706e-003	1.000774e+001	1.000774e+000
2.345328401040705e-003	1.000767e+001	1.000767e+000
2.346328401040705e-003	1.000760e+001	1.000760e+000
2.347328401040706e-003	1.000752e+001	1.000752e+000
2.348328401040706e-003	1.000745e+001	1.000745e+000
2.349328401040705e-003	1.000738e+001	1.000738e+000
2.350328401040706e-003	1.000731e+001	1.000731e+000
2.351328401040706e-003	1.000724e+001	1.000724e+000
2.352328401040705e-003	1.000717e+001	1.000717e+000
2.353328401040705e-003	1.000710e+001	1.000710e+000
2.356328401040705e-003	1.000689e+001	1.000689e+000
2.357328401040706e-003	1.000683e+001	1.000683e+000
2.358328401040706e-003	1.000676e+001	1.000676e+000
2.359328401040705e-003	1.000669e+001	1.000669e+000
2.360328401040706e-003	1.000662e+001	1.000662e+000
2.361328401040706e-003	1.000656e+001	1.000656e+000
2.362328401040705e-003	1.000649e+001	1.000649e+000
2.363328401040706e-003	1.000642e+001	1.000642e+000
2.364328401040706e-003	1.000636e+001	1.000636e+000
2.365328401040705e-003	1.000629e+001	1.000629e+000
2.368328401040705e-003	1.000610e+001	1.000610e+000
2.369328401040705e-003	1.000604e+001	1.000604e+000
2.370328401040706e-003	1.000597e+001	1.000597e+000
2.371328401040706e-003	1.000591e+001	1.000591e+000
2.372328401040705e-003	1.000585e+001	1.000585e+000
2.373328401040706e-003	1.000578e+001	1.000578e+000
2.374328401040706e-003	1.000572e+001	1.000572e+000
2.375328401040705e-003	1.000566e+001	1.000566e+000
2.376328401040706e-003	1.000560e+001	1.000560e+000
2.378328401040705e-003	1.000548e+001	1.000548e+000
2.381328401040705e-003	1.000530e+001	1.000530e+000
2.382328401040705e-003	1.000524e+001	1.000524e+000
2.383328401040706e-003	1.000518e+001	1.000518e+000
2.384328401040706e-003	1.000512e+001	1.000512e+000
2.385328401040705e-003	1.000506e+001	1.000506e+000
2.386328401040706e-003	1.000500e+001	1.000500e+000
2.387328401040706e-003	1.000495e+001	1.000495e+000
2.388328401040705e-003	1.000489e+001	1.000489e+000
2.390328401040706e-003	1.000478e+001	1.000477e+000
2.393328401040706e-003	1.000461e+001	1.000461e+000
2.394328401040705e-003	1.000455e+001	1.000455e+000
2.395328401040705e-003	1.000450e+001	1.000450e+000
2.396328401040706e-003	1.000444e+001	1.000444e+000
2.397328401040706e-003	1.000438e+001	1.000439e+000
2.398328401040705e-003	1.000433e+001	1.000433e+000
2.399328401040706e-003	1.000428e+001	1.000428e+000
2.400328401040706e-003	1.000422e+001	1.000422e+000
2.402328401040705e-003	1.000412e+001	1.000412e+000
2.405328401040705e-003	1.000396e+001	1.000396e+000
2.407328401040706e-003	1.000385e+001	1.000386e+000
2.408328401040705e-003	1.000380e+001	1.000380e+000
2.409328401040706e-003	1.000375e+001	1.000375e+000
2.410328401040706e-003	1.000370e+001	1.000370e+000
2.411328401040705e-003	1.000365e+001	1.000365e+000
2.413328401040706e-003	1.000355e+001	1.000355e+000
2.414185543897848e-003	1.000351e+001	1.000351e+000
2.415042686754992e-003	1.000347e+001	1.000347e+000
2.415899829612134e-003	1.000342e+001	1.000342e+000
2.416756972469277e-003	1.000338e+001	1.000338e+000
2.417614115326420e-003	1.000334e+001	1.000334e+000
2.418471258183563e-003	1.000330e+001	1.000330e+000
2.419328401040706e-003	1.000326e+001	1.000326e+000
2.420328401040706e-003	1.000321e+001	1.000321e+000
2.421328401040705e-003	1.000316e+001	1.000316e+000
2.422328401040706e-003	1.000311e+001	1.000311e+000
2.424328401040705e-003	1.000302e+001	1.000302e+000
2.426328401040706e-003	1.000292e+001	1.000292e+000
2.427185543897848e-003	1.000288e+001	1.000288e+000
2.428042686754992e-003	1.000284e+001	1.000284e+000
2.428899829612134e-003	1.000281e+001	1.000281e+000
2.429756972469277e-003	1.000277e+001	1.000277e+000
2.430614115326420e-003	1.000273e+001	1.000273e+000
2.431471258183563e-003	1.000269e+001	1.000269e+000
2.432328401040706e-003	1.000265e+001	1.000265e+000
2.434328401040705e-003	1.000256e+001	1.000256e+000
2.436328401040706e-003	1.000247e+001	1.000247e+000
2.439328401040706e-003	1.000234e+001	1.000234e+000
2.442328401040706e-003	1.000221e+001	1.000221e+000
2.444328401040705e-003	1.000213e+001	1.000213e+000
2.446328401040706e-003	1.000204e+001	1.000204e+000
2.448328401040706e-003	1.000196e+001	1.000196e+000
2.451328401040705e-003	1.000184e+001	1.000184e+000
2.452471258183563e-003	1.000179e+001	1.000179e+000
2.453614115326420e-003	1.000175e+001	1.000175e+000
2.454756972469277e-003	1.000170e+001	1.000170e+000
2.455899829612134e-003	1.000166e+001	1.000166e+000
2.457042686754991e-003	1.000161e+001	1.000161e+000
2.458185543897849e-003	1.000157e+001	1.000157e+000
2.459328401040706e-003	1.000152e+001	1.000152e+000
2.462328401040706e-003	1.000141e+001	1.000141e+000
2.463471258183563e-003	1.000136e+001	1.000136e+000
2.464614115326420e-003	1.000132e+001	1.000132e+000
2.465756972469277e-003	1.000128e+001	1.000128e+000
2.466899829612134e-003	1.000123e+001	1.000123e+000
2.468042686754991e-003	1.000119e+001	1.000119e+000
2.469185543897848e-003	1.000115e+001	1.000115e+000
2.470328401040705e-003	1.000111e+001	1.000111e+000
2.473328401040705e-003	1.000100e+001	1.000100e+000
2.474471258183562e-003	1.000096e+001	1.000096e+000
2.475614115326420e-003	1.000092e+001	1.000092e+000
2.476756972469277e-003	1.000088e+001	1.000088e+000
2.477899829612134e-003	1.000084e+001	1.000084e+000
2.479042686754991e-003	1.000080e+001	1.000080e+000
2.480185543897848e-003	1.000076e+001	1.000076e+000
2.481328401040706e-003	1.000072e+001	1.000072e+000
2.484328401040706e-003	1.000062e+001	1.000062e+000
2.485471258183563e-003	1.000058e+001	1.000058e+000
2.486614115326420e-003	1.000054e+001	1.000054e+000
2.487756972469277e-003	1.000050e+001	1.000050e+000
2.488899829612134e-003	1.000046e+001	1.000046e+000
2.490042686754991e-003	1.000043e+001	1.000043e+000
2.491185543897848e-003	1.000039e+001	1.000039e+000
2.492328401040705e-003	1.000035e+001	1.000035e+000
2.495328401040706e-003	1.000026e+001	1.000026e+000
2.498328401040706e-003	1.000016e+001	1.000016e+000
2.499756972469277e-003	1.000012e+001	1.000012e+000
2.501185543897849e-003	1.000007e+001	1.000007e+000
2.502614115326420e-003	1.000003e+001	1.000003e+000
2.504042686754991e-003	9.999986e+000	9.999985e-001
2.505471258183563e-003	9.999943e+000	9.999942e-001
2.506899829612134e-003	9.999900e+000	9.999899e-001
2.508328401040706e-003	9.999857e+000	9.999857e-001
2.517328401040706e-003	9.999598e+000	9.999597e-001
2.518756972469277e-003	9.999557e+000	9.999557e-001
2.520185543897849e-003	9.999518e+000	9.999517e-001
2.521614115326420e-003	9.999478e+000	9.999478e-001
2.523042686754991e-003	9.999439e+000	9.999439e-001
2.524471258183563e-003	9.999400e+000	9.999400e-001
2.525899829612134e-003	9.999361e+000	9.999361e-001
2.527328401040706e-003	9.999323e+000	9.999323e-001
2.529042686754991e-003	9.999277e+000	9.999278e-001
2.530756972469277e-003	9.999232e+000	9.999233e-001
2.532471258183563e-003	9.999188e+000	9.999188e-001
2.534185543897848e-003	9.999144e+000	9.999144e-001
2.535899829612134e-003	9.999100e+000	9.999100e-001
2.537614115326420e-003	9.999057e+000	9.999057e-001
2.539328401040705e-003	9.999014e+000	9.999014e-001
2.541185543897848e-003	9.998968e+000	9.998968e-001
2.543042686754991e-003	9.998922e+000	9.998922e-001
2.544899829612134e-003	9.998877e+000	9.998877e-001
2.546756972469277e-003	9.998832e+000	9.998832e-001
2.548614115326420e-003	9.998788e+000	9.998788e-001
2.550471258183563e-003	9.998744e+000	9.998744e-001
2.552328401040705e-003	9.998701e+000	9.998701e-001
2.554185543897848e-003	9.998658e+000	9.998658e-001
2.556042686754991e-003	9.998615e+000	9.998615e-001
2.557899829612134e-003	9.998573e+000	9.998573e-001
2.559756972469277e-003	9.998532e+000	9.998531e-001
2.561614115326420e-003	9.998490e+000	9.998490e-001
2.563471258183563e-003	9.998450e+000	9.998449e-001
2.565328401040705e-003	9.998409e+000	9.998409e-001
2.567328401040705e-003	9.998366e+000	9.998366e-001
2.569328401040706e-003	9.998324e+000	9.998324e-001
2.571328401040705e-003	9.998281e+000	9.998282e-001
2.573328401040706e-003	9.998240e+000	9.998240e-001
2.575328401040705e-003	9.998198e+000	9.998199e-001
2.577328401040706e-003	9.998158e+000	9.998158e-001
2.579328401040706e-003	9.998117e+000	9.998118e-001
2.581471258183563e-003	9.998075e+000	9.998075e-001
2.583614115326420e-003	9.998033e+000	9.998033e-001
2.585756972469277e-003	9.997991e+000	9.997992e-001
2.587899829612134e-003	9.997950e+000	9.997951e-001
2.590042686754991e-003	9.997909e+000	9.997910e-001
2.592185543897848e-003	9.997869e+000	9.997870e-001
2.594328401040705e-003	9.997829e+000	9.997830e-001
2.597328401040705e-003	9.997775e+000	9.997775e-001
2.600328401040705e-003	9.997721e+000	9.997721e-001
2.603328401040705e-003	9.997668e+000	9.997668e-001
2.606328401040706e-003	9.997616e+000	9.997615e-001
2.609328401040706e-003	9.997564e+000	9.997564e-001
2.612328401040706e-003	9.997514e+000	9.997513e-001
2.615328401040706e-003	9.997464e+000	9.997464e-001
2.619185543897848e-003	9.997402e+000	9.997401e-001
2.623042686754991e-003	9.997340e+000	9.997340e-001
2.626899829612134e-003	9.997280e+000	9.997280e-001
2.630756972469277e-003	9.997221e+000	9.997221e-001
2.634614115326420e-003	9.997164e+000	9.997164e-001
2.638471258183563e-003	9.997107e+000	9.997107e-001
2.642328401040706e-003	9.997052e+000	9.997052e-001
2.646185543897848e-003	9.996998e+000	9.996998e-001
2.650042686754991e-003	9.996945e+000	9.996945e-001
2.653899829612134e-003	9.996894e+000	9.996893e-001
2.657756972469277e-003	9.996843e+000	9.996843e-001
2.661614115326420e-003	9.996793e+000	9.996793e-001
2.665471258183563e-003	9.996744e+000	9.996744e-001
2.669328401040705e-003	9.996696e+000	9.996697e-001
2.685899829612134e-003	9.996507e+000	9.996507e-001
2.702471258183562e-003	9.996330e+000	9.996330e-001
2.719042686754991e-003	9.996167e+000	9.996168e-001
2.735614115326420e-003	9.996018e+000	9.996018e-001
2.752185543897849e-003	9.995882e+000	9.995882e-001
2.768756972469277e-003	9.995759e+000	9.995760e-001
2.785328401040706e-003	9.995650e+000	9.995651e-001
2.800756972469277e-003	9.995557e+000	9.995557e-001
2.816185543897848e-003	9.995469e+000	9.995469e-001
2.831614115326420e-003	9.995388e+000	9.995388e-001
2.847042686754991e-003	9.995313e+000	9.995313e-001
2.862471258183563e-003	9.995245e+000	9.995244e-001
2.877899829612134e-003	9.995183e+000	9.995182e-001
2.893328401040706e-003	9.995127e+000	9.995126e-001
2.894328401040705e-003	9.995123e+000	9.995123e-001
2.911042686754991e-003	9.995067e+000	9.995067e-001
2.927756972469277e-003	9.995015e+000	9.995015e-001
2.944471258183562e-003	9.994968e+000	9.994968e-001
2.961185543897849e-003	9.994924e+000	9.994924e-001
2.977899829612134e-003	9.994885e+000	9.994885e-001
2.994614115326420e-003	9.994849e+000	9.994849e-001
3.011328401040706e-003	9.994818e+000	9.994817e-001
3.028042686754991e-003	9.994788e+000	9.994788e-001
3.044756972469277e-003	9.994761e+000	9.994761e-001
3.061471258183563e-003	9.994736e+000	9.994736e-001
3.078185543897848e-003	9.994713e+000	9.994713e-001
3.094899829612134e-003	9.994692e+000	9.994692e-001
3.111614115326420e-003	9.994674e+000	9.994674e-001
3.128328401040706e-003	9.994658e+000	9.994657e-001
3.145185543897848e-003	9.994642e+000	9.994642e-001
3.162042686754991e-003	9.994627e+000	9.994628e-001
3.178899829612134e-003	9.994614e+000	9.994614e-001
3.195756972469277e-003	9.994602e+000	9.994602e-001
3.212614115326420e-003	9.994591e+000	9.994591e-001
3.229471258183563e-003	9.994581e+000	9.994581e-001
3.246328401040706e-003	9.994573e+000	9.994572e-001
3.263471258183563e-003	9.994565e+000	9.994564e-001
3.280614115326420e-003	9.994557e+000	9.994557e-001
3.297756972469277e-003	9.994550e+000	9.994550e-001
3.314899829612134e-003	9.994544e+000	9.994544e-001
3.332042686754991e-003	9.994538e+000	9.994538e-001
3.349185543897848e-003	9.994533e+000	9.994532e-001
3.366328401040705e-003	9.994528e+000	9.994528e-001
3.384042686754991e-003	9.994523e+000	9.994523e-001
3.401756972469277e-003	9.994519e+000	9.994519e-001
3.419471258183563e-003	9.994515e+000	9.994516e-001
3.437185543897848e-003	9.994512e+000	9.994512e-001
3.454899829612134e-003	9.994509e+000	9.994509e-001
3.472614115326420e-003	9.994506e+000	9.994507e-001
3.490328401040705e-003	9.994504e+000	9.994504e-001
3.509185543897848e-003	9.994502e+000	9.994502e-001
3.528042686754991e-003	9.994499e+000	9.994500e-001
3.546899829612134e-003	9.994497e+000	9.994498e-001
3.565756972469277e-003	9.994495e+000	9.994496e-001
3.584614115326420e-003	9.994494e+000	9.994494e-001
3.603471258183563e-003	9.994493e+000	9.994493e-001
3.622328401040706e-003	9.994492e+000	9.994492e-001
3.643328401040706e-003	9.994490e+000	9.994491e-001
3.664328401040706e-003	9.994489e+000	9.994489e-001
3.685328401040706e-003	9.994488e+000	9.994488e-001
3.706328401040706e-003	9.994487e+000	9.994487e-001
3.727328401040706e-003	9.994487e+000	9.994487e-001
3.748328401040705e-003	9.994486e+000	9.994486e-001
3.769328401040706e-003	9.994486e+000	9.994485e-001
3.790471258183563e-003	9.994485e+000	9.994485e-001
3.811614115326420e-003	9.994484e+000	9.994484e-001
3.832756972469277e-003	9.994483e+000	9.994484e-001
3.853899829612134e-003	9.994483e+000	9.994483e-001
3.875042686754991e-003	9.994482e+000	9.994483e-001
3.896185543897848e-003	9.994482e+000	9.994483e-001
3.917328401040705e-003	9.994482e+000	9.994482e-001
3.918328401040705e-003	9.994482e+000	9.994482e-001
3.929852915177747e-003	9.994482e+000	9.994482e-001
3.941377429314790e-003	9.994482e+000	9.994482e-001
3.952901943451831e-003	9.994482e+000	9.994482e-001
3.964426457588874e-003	9.994482e+000	9.994482e-001
3.975950971725916e-003	9.994482e+000	9.994482e-001
3.987475485862958e-003	9.994481e+000	9.994482e-001
3.999000000000000e-003	9.994481e+000	9.994482e-001
4.000000000000000e-003	1.043087e+001	5.007220e-001
4.000002004501273e-003	1.059498e+001	3.331482e-001
4.000006013503817e-003	1.093987e+001	1.104927e-009
4.000006908016208e-003	1.093401e+001	1.104335e-009
4.000007493520623e-003	1.093328e+001	1.104261e-009
4.000007819473409e-003	1.093434e+001	1.104368e-009
4.000008072670925e-003	1.093275e+001	1.104208e-009
4.000008351665715e-003	1.093271e+001	1.104203e-009
4.000008711632542e-003	1.093236e+001	1.104169e-009
4.000009254467779e-003	1.093194e+001	1.104126e-009
4.000009810430999e-003	1.093157e+001	1.104089e-009
4.000010741616818e-003	1.093110e+001	1.104041e-009
4.000011832271830e-003	1.093069e+001	1.104000e-009
4.000013204814594e-003	1.093035e+001	1.103966e-009
4.000014561318932e-003	1.093011e+001	1.103941e-009
4.000016714359806e-003	1.092978e+001	1.103908e-009
4.000018478207339e-003	1.092950e+001	1.103880e-009
4.000020225624647e-003	1.092919e+001	1.103848e-009
4.000022176309785e-003	1.092879e+001	1.103807e-009
4.000024258543130e-003	1.092831e+001	1.103759e-009
4.000026678317797e-003	1.092771e+001	1.103698e-009
4.000029478002304e-003	1.092697e+001	1.103624e-009
4.000032398447357e-003	1.092617e+001	1.103543e-009
4.000036631536095e-003	1.092496e+001	1.103421e-009
4.000041037863861e-003	1.092367e+001	1.103291e-009
4.000045857438921e-003	1.092223e+001	1.103145e-009
4.000051359468851e-003	1.092053e+001	1.102974e-009
4.000058918237029e-003	1.091814e+001	1.102732e-009
4.000067024271142e-003	1.091552e+001	1.102468e-009
4.000076294151168e-003	1.091249e+001	1.102162e-009
4.000085907346566e-003	1.090934e+001	1.101843e-009
4.000096252592646e-003	1.090594e+001	1.101500e-009
4.000108453190615e-003	1.090196e+001	1.101098e-009
4.000127182271371e-003	1.089590e+001	1.100486e-009
4.000146011555859e-003	1.088988e+001	1.099878e-009
4.000158912650651e-003	1.088581e+001	1.099467e-009
4.000171218952853e-003	1.088197e+001	1.099079e-009
4.000184972941040e-003	1.087775e+001	1.098653e-009
4.000198638056459e-003	1.087382e+001	1.098256e-009
4.000213668795220e-003	1.087075e+001	1.097946e-009
4.000229856962929e-003	1.086956e+001	1.097826e-009
4.000249378870184e-003	1.086898e+001	1.097767e-009
4.000262303744886e-003	1.086748e+001	1.097616e-009
4.000274817444248e-003	1.086472e+001	1.097337e-009
4.000288365463204e-003	1.086099e+001	1.096960e-009
4.000302566244513e-003	1.085671e+001	1.096527e-009
4.000316224345203e-003	1.085247e+001	1.096099e-009
4.000331485137140e-003	1.084773e+001	1.095621e-009
4.000347376563115e-003	1.084286e+001	1.095129e-009
4.000367122805897e-003	1.083693e+001	1.094530e-009
4.000391595269996e-003	1.082969e+001	1.093799e-009
4.000411073385955e-003	1.082402e+001	1.093227e-009
4.000432020785671e-003	1.081801e+001	1.092619e-009
4.000452310537677e-003	1.081227e+001	1.092039e-009
4.000478850088043e-003	1.080486e+001	1.091291e-009
4.000512412074163e-003	1.079565e+001	1.090361e-009
4.000552500140193e-003	1.078488e+001	1.089273e-009
4.000595427228271e-003	1.077361e+001	1.088135e-009
4.000642720072728e-003	1.076152e+001	1.086914e-009
4.000702736910167e-003	1.074668e+001	1.085414e-009
4.000791884425970e-003	1.072549e+001	1.083275e-009
4.000891126641795e-003	1.070315e+001	1.081018e-009
4.001057967346027e-003	1.066846e+001	1.077515e-009
4.001331805624456e-003	1.061791e+001	1.072409e-009
4.001802041356290e-003	1.054390e+001	1.064934e-009
4.002297992066022e-003	1.047968e+001	1.058447e-009
4.002867272586208e-003	1.042119e+001	1.052540e-009
4.003560034699534e-003	1.036631e+001	1.046997e-009
4.004423886665220e-003	1.031569e+001	1.041885e-009
4.005358558773497e-003	1.027671e+001	1.037948e-009
4.006245295442108e-003	1.025115e+001	1.035366e-009
4.007158228845501e-003	1.023348e+001	1.033582e-009
4.008158228845501e-003	1.022102e+001	1.032323e-009
4.009158228845501e-003	1.021324e+001	1.031538e-009
4.010158228845501e-003	1.020846e+001	1.031054e-009
4.011115487764971e-003	1.020561e+001	1.030766e-009
4.012107009406047e-003	1.020372e+001	1.030576e-009
4.013004274556299e-003	1.020258e+001	1.030461e-009
4.013952323862680e-003	1.020175e+001	1.030376e-009
4.014862082132070e-003	1.020116e+001	1.030317e-009
4.015833596299912e-003	1.020068e+001	1.030269e-009
4.016833596299911e-003	1.020028e+001	1.030228e-009
4.017833596299912e-003	1.019994e+001	1.030193e-009
4.018833596299912e-003	1.019963e+001	1.030163e-009
4.019833596299912e-003	1.019935e+001	1.030134e-009
4.020833596299912e-003	1.019908e+001	1.030107e-009
4.021833596299912e-003	1.019882e+001	1.030081e-009
4.022833596299912e-003	1.019858e+001	1.030056e-009
4.023833596299912e-003	1.019833e+001	1.030032e-009
4.024833596299912e-003	1.019809e+001	1.030007e-009
4.025833596299912e-003	1.019786e+001	1.029984e-009
4.026833596299912e-003	1.019762e+001	1.029960e-009
4.027833596299912e-003	1.019739e+001	1.029937e-009
4.028833596299912e-003	1.019717e+001	1.029914e-009
4.029833596299911e-003	1.019694e+001	1.029891e-009
4.030833596299912e-003	1.019672e+001	1.029869e-009
4.031833596299912e-003	1.019650e+001	1.029846e-009
4.032833596299912e-003	1.019628e+001	1.029824e-009
4.033833596299912e-003	1.019606e+001	1.029802e-009
4.034833596299912e-003	1.019584e+001	1.029780e-009
4.035833596299912e-003	1.019563e+001	1.029759e-009
4.036833596299911e-003	1.019542e+001	1.029737e-009
4.037833596299912e-003	1.019520e+001	1.029716e-009
4.038833596299912e-003	1.019499e+001	1.029694e-009
4.039833596299912e-003	1.019478e+001	1.029673e-009
4.040833596299912e-003	1.019458e+001	1.029652e-009
4.041833596299912e-003	1.019437e+001	1.029631e-009
4.042833596299911e-003	1.019416e+001	1.029610e-009
4.043833596299912e-003	1.019396e+001	1.029590e-009
4.044833596299912e-003	1.019375e+001	1.029569e-009
4.045833596299912e-003	1.019355e+001	1.029549e-009
4.046833596299912e-003	1.019335e+001	1.029528e-009
4.047833596299912e-003	1.019315e+001	1.029508e-009
4.048833596299912e-003	1.019294e+001	1.029487e-009
4.049833596299911e-003	1.019274e+001	1.029467e-009
4.050833596299912e-003	1.019254e+001	1.029447e-009
4.051833596299912e-003	1.019235e+001	1.029427e-009
4.052833596299912e-003	1.019215e+001	1.029407e-009
4.053833596299912e-003	1.019195e+001	1.029387e-009
4.054833596299912e-003	1.019175e+001	1.029367e-009
4.055833596299911e-003	1.019156e+001	1.029347e-009
4.056833596299912e-003	1.019136e+001	1.029327e-009
4.057833596299912e-003	1.019116e+001	1.029308e-009
4.058833596299912e-003	1.019097e+001	1.029288e-009
4.059833596299912e-003	1.019077e+001	1.029268e-009
4.060833596299912e-003	1.019058e+001	1.029248e-009
4.061833596299912e-003	1.019038e+001	1.029229e-009
4.062833596299911e-003	1.019019e+001	1.029209e-009
4.063833596299912e-003	1.019000e+001	1.029190e-009
4.064833596299912e-003	1.018980e+001	1.029170e-009
4.065833596299912e-003	1.018961e+001	1.029151e-009
4.066833596299912e-003	1.018942e+001	1.029131e-009
4.067833596299912e-003	1.018922e+001	1.029112e-009
4.068833596299911e-003	1.018903e+001	1.029092e-009
4.069833596299912e-003	1.018884e+001	1.029073e-009
4.070833596299912e-003	1.018865e+001	1.029054e-009
4.071833596299912e-003	1.018846e+001	1.029034e-009
4.072833596299912e-003	1.018827e+001	1.029015e-009
4.073833596299912e-003	1.018808e+001	1.028996e-009
4.074833596299912e-003	1.018789e+001	1.028976e-009
4.075833596299911e-003	1.018769e+001	1.028957e-009
4.076833596299912e-003	1.018750e+001	1.028938e-009
4.077833596299912e-003	1.018731e+001	1.028919e-009
4.078833596299912e-003	1.018712e+001	1.028900e-009
4.079833596299912e-003	1.018694e+001	1.028880e-009
4.080833596299912e-003	1.018675e+001	1.028861e-009
4.081833596299911e-003	1.018656e+001	1.028842e-009
4.082833596299912e-003	1.018637e+001	1.028823e-009
4.083833596299912e-003	1.018618e+001	1.028804e-009
4.084833596299912e-003	1.018599e+001	1.028785e-009
4.085833596299912e-003	1.018580e+001	1.028766e-009
4.086833596299912e-003	1.018561e+001	1.028747e-009
4.087833596299912e-003	1.018542e+001	1.028728e-009
4.088833596299911e-003	1.018524e+001	1.028709e-009
4.089833596299912e-003	1.018505e+001	1.028690e-009
4.090833596299912e-003	1.018486e+001	1.028671e-009
4.091833596299912e-003	1.018467e+001	1.028652e-009
4.092833596299912e-003	1.018448e+001	1.028633e-009
4.093833596299912e-003	1.018430e+001	1.028614e-009
4.094833596299911e-003	1.018411e+001	1.028595e-009
4.095833596299912e-003	1.018392e+001	1.028576e-009
4.096833596299912e-003	1.018373e+001	1.028557e-009
4.097833596299912e-003	1.018355e+001	1.028538e-009
4.098833596299912e-003	1.018336e+001	1.028519e-009
4.099833596299912e-003	1.018317e+001	1.028500e-009
4.100833596299912e-003	1.018298e+001	1.028481e-009
4.101833596299911e-003	1.018280e+001	1.028463e-009
4.102833596299912e-003	1.018261e+001	1.028444e-009
4.103833596299912e-003	1.018242e+001	1.028425e-009
4.104833596299912e-003	1.018224e+001	1.028406e-009
4.105833596299912e-003	1.018205e+001	1.028387e-009
4.106833596299912e-003	1.018187e+001	1.028368e-009
4.107833596299912e-003	1.018168e+001	1.028350e-009
4.108833596299912e-003	1.018149e+001	1.028331e-009
4.109833596299912e-003	1.018131e+001	1.028312e-009
4.110833596299912e-003	1.018112e+001	1.028293e-009
4.111833596299912e-003	1.018093e+001	1.028274e-009
4.112833596299912e-003	1.018075e+001	1.028256e-009
4.113833596299912e-003	1.018056e+001	1.028237e-009
4.114833596299911e-003	1.018038e+001	1.028218e-009
4.115833596299912e-003	1.018019e+001	1.028199e-009
4.116833596299912e-003	1.018001e+001	1.028181e-009
4.117833596299912e-003	1.017982e+001	1.028162e-009
4.118833596299912e-003	1.017964e+001	1.028143e-009
4.119833596299912e-003	1.017945e+001	1.028125e-009
4.120833596299912e-003	1.017927e+001	1.028106e-009
4.122833596299912e-003	1.017890e+001	1.028069e-009
4.123833596299912e-003	1.017871e+001	1.028050e-009
4.124833596299912e-003	1.017853e+001	1.028031e-009
4.125833596299912e-003	1.017834e+001	1.028013e-009
4.126833596299912e-003	1.017816e+001	1.027994e-009
4.127833596299911e-003	1.017797e+001	1.027975e-009
4.128833596299912e-003	1.017779e+001	1.027957e-009
4.129833596299912e-003	1.017760e+001	1.027938e-009
4.130833596299912e-003	1.017742e+001	1.027919e-009
4.131833596299912e-003	1.017723e+001	1.027901e-009
4.132833596299912e-003	1.017705e+001	1.027882e-009
4.133833596299912e-003	1.017687e+001	1.027863e-009
4.134833596299911e-003	1.017668e+001	1.027845e-009
4.135833596299912e-003	1.017650e+001	1.027826e-009
4.136833596299912e-003	1.017631e+001	1.027808e-009
4.137833596299912e-003	1.017613e+001	1.027789e-009
4.138833596299912e-003	1.017595e+001	1.027771e-009
4.139833596299912e-003	1.017576e+001	1.027752e-009
4.140833596299911e-003	1.017558e+001	1.027734e-009
4.141833596299912e-003	1.017540e+001	1.027715e-009
4.142833596299912e-003	1.017521e+001	1.027696e-009
4.143833596299912e-003	1.017503e+001	1.027678e-009
4.144833596299912e-003	1.017485e+001	1.027659e-009
4.145833596299912e-003	1.017466e+001	1.027641e-009
4.146833596299912e-003	1.017448e+001	1.027622e-009
4.147833596299911e-003	1.017430e+001	1.027604e-009
4.148833596299912e-003	1.017411e+001	1.027585e-009
4.149833596299912e-003	1.017393e+001	1.027567e-009
4.150833596299912e-003	1.017375e+001	1.027548e-009
4.151833596299912e-003	1.017356e+001	1.027530e-009
4.152833596299912e-003	1.017338e+001	1.027512e-009
4.153833596299911e-003	1.017320e+001	1.027493e-009
4.154833596299912e-003	1.017302e+001	1.027475e-009
4.155833596299912e-003	1.017283e+001	1.027456e-009
4.156833596299912e-003	1.017265e+001	1.027438e-009
4.157833596299912e-003	1.017247e+001	1.027419e-009
4.158833596299912e-003	1.017229e+001	1.027401e-009
4.159833596299912e-003	1.017210e+001	1.027383e-009
4.160833596299911e-003	1.017192e+001	1.027364e-009
4.161833596299912e-003	1.017174e+001	1.027346e-009
4.162833596299912e-003	1.017156e+001	1.027327e-009
4.163833596299912e-003	1.017138e+001	1.027309e-009
4.164833596299912e-003	1.017119e+001	1.027291e-009
4.165833596299912e-003	1.017101e+001	1.027272e-009
4.166833596299911e-003	1.017083e+001	1.027254e-009
4.167833596299912e-003	1.017065e+001	1.027236e-009
4.168833596299912e-003	1.017047e+001	1.027217e-009
4.169833596299912e-003	1.017029e+001	1.027199e-009
4.170833596299912e-003	1.017010e+001	1.027181e-009
4.171833596299912e-003	1.016992e+001	1.027162e-009
4.172833596299912e-003	1.016974e+001	1.027144e-009
4.173833596299911e-003	1.016956e+001	1.027126e-009
4.174833596299912e-003	1.016938e+001	1.027107e-009
4.175833596299912e-003	1.016920e+001	1.027089e-009
4.176833596299912e-003	1.016902e+001	1.027071e-009
4.177833596299912e-003	1.016884e+001	1.027052e-009
4.178833596299912e-003	1.016865e+001	1.027034e-009
4.179833596299912e-003	1.016847e+001	1.027016e-009
4.180833596299912e-003	1.016829e+001	1.026998e-009
4.181833596299912e-003	1.016811e+001	1.026979e-009
4.182833596299912e-003	1.016793e+001	1.026961e-009
4.183833596299912e-003	1.016775e+001	1.026943e-009
4.184833596299912e-003	1.016757e+001	1.026925e-009
4.185833596299912e-003	1.016739e+001	1.026906e-009
4.186833596299911e-003	1.016721e+001	1.026888e-009
4.187833596299912e-003	1.016703e+001	1.026870e-009
4.188833596299912e-003	1.016685e+001	1.026852e-009
4.189833596299912e-003	1.016667e+001	1.026834e-009
4.190833596299912e-003	1.016649e+001	1.026815e-009
4.191833596299912e-003	1.016631e+001	1.026797e-009
4.192833596299912e-003	1.016613e+001	1.026779e-009
4.193833596299912e-003	1.016595e+001	1.026761e-009
4.194833596299912e-003	1.016577e+001	1.026743e-009
4.195833596299912e-003	1.016559e+001	1.026724e-009
4.196833596299912e-003	1.016541e+001	1.026706e-009
4.197833596299912e-003	1.016523e+001	1.026688e-009
4.198833596299912e-003	1.016505e+001	1.026670e-009
4.199833596299911e-003	1.016487e+001	1.026652e-009
4.200833596299912e-003	1.016469e+001	1.026634e-009
4.201833596299912e-003	1.016451e+001	1.026616e-009
4.202833596299912e-003	1.016433e+001	1.026598e-009
4.203833596299912e-003	1.016415e+001	1.026579e-009
4.204833596299912e-003	1.016397e+001	1.026561e-009
4.205833596299912e-003	1.016380e+001	1.026543e-009
4.207833596299912e-003	1.016344e+001	1.026507e-009
4.208833596299912e-003	1.016326e+001	1.026489e-009
4.209833596299912e-003	1.016308e+001	1.026471e-009
4.210833596299912e-003	1.016290e+001	1.026453e-009
4.211833596299912e-003	1.016272e+001	1.026435e-009
4.212833596299911e-003	1.016254e+001	1.026417e-009
4.213833596299912e-003	1.016236e+001	1.026399e-009
4.214833596299912e-003	1.016219e+001	1.026381e-009
4.215833596299912e-003	1.016201e+001	1.026363e-009
4.216833596299912e-003	1.016183e+001	1.026345e-009
4.217833596299912e-003	1.016165e+001	1.026327e-009
4.219833596299911e-003	1.016129e+001	1.026291e-009
4.220833596299912e-003	1.016112e+001	1.026273e-009
4.221833596299912e-003	1.016094e+001	1.026255e-009
4.222833596299912e-003	1.016076e+001	1.026237e-009
4.223833596299912e-003	1.016058e+001	1.026219e-009
4.224833596299912e-003	1.016041e+001	1.026201e-009
4.225833596299911e-003	1.016023e+001	1.026183e-009
4.226833596299912e-003	1.016005e+001	1.026165e-009
4.227833596299912e-003	1.015987e+001	1.026147e-009
4.228833596299912e-003	1.015969e+001	1.026129e-009
4.229833596299912e-003	1.015952e+001	1.026111e-009
4.230833596299912e-003	1.015934e+001	1.026093e-009
4.231833596299912e-003	1.015916e+001	1.026075e-009
4.232833596299911e-003	1.015899e+001	1.026057e-009
4.233833596299912e-003	1.015881e+001	1.026039e-009
4.234833596299912e-003	1.015863e+001	1.026022e-009
4.235833596299912e-003	1.015845e+001	1.026004e-009
4.236833596299912e-003	1.015828e+001	1.025986e-009
4.237833596299912e-003	1.015810e+001	1.025968e-009
4.238833596299911e-003	1.015792e+001	1.025950e-009
4.239833596299912e-003	1.015775e+001	1.025932e-009
4.240833596299912e-003	1.015757e+001	1.025914e-009
4.241833596299912e-003	1.015739e+001	1.025897e-009
4.242833596299912e-003	1.015722e+001	1.025879e-009
4.243833596299912e-003	1.015704e+001	1.025861e-009
4.244833596299912e-003	1.015686e+001	1.025843e-009
4.245833596299911e-003	1.015669e+001	1.025825e-009
4.246833596299912e-003	1.015651e+001	1.025807e-009
4.247833596299912e-003	1.015633e+001	1.025790e-009
4.248833596299912e-003	1.015616e+001	1.025772e-009
4.249833596299912e-003	1.015598e+001	1.025754e-009
4.250833596299912e-003	1.015580e+001	1.025736e-009
4.251833596299912e-003	1.015563e+001	1.025719e-009
4.252833596299912e-003	1.015545e+001	1.025701e-009
4.253833596299912e-003	1.015528e+001	1.025683e-009
4.254833596299912e-003	1.015510e+001	1.025665e-009
4.255833596299912e-003	1.015493e+001	1.025647e-009
4.256833596299912e-003	1.015475e+001	1.025630e-009
4.257833596299912e-003	1.015457e+001	1.025612e-009
4.258833596299911e-003	1.015440e+001	1.025594e-009
4.259833596299912e-003	1.015422e+001	1.025577e-009
4.260833596299912e-003	1.015405e+001	1.025559e-009
4.261833596299912e-003	1.015387e+001	1.025541e-009
4.262833596299912e-003	1.015370e+001	1.025523e-009
4.263833596299912e-003	1.015352e+001	1.025506e-009
4.264833596299912e-003	1.015335e+001	1.025488e-009
4.265833596299912e-003	1.015317e+001	1.025470e-009
4.266833596299912e-003	1.015300e+001	1.025453e-009
4.267833596299912e-003	1.015282e+001	1.025435e-009
4.268833596299912e-003	1.015265e+001	1.025417e-009
4.269833596299912e-003	1.015247e+001	1.025400e-009
4.270833596299912e-003	1.015230e+001	1.025382e-009
4.271833596299911e-003	1.015212e+001	1.025364e-009
4.272833596299912e-003	1.015195e+001	1.025347e-009
4.273833596299912e-003	1.015177e+001	1.025329e-009
4.274833596299912e-003	1.015160e+001	1.025311e-009
4.275833596299912e-003	1.015142e+001	1.025294e-009
4.276833596299912e-003	1.015125e+001	1.025276e-009
4.277833596299912e-003	1.015108e+001	1.025259e-009
4.278833596299912e-003	1.015090e+001	1.025241e-009
4.280833596299912e-003	1.015055e+001	1.025206e-009
4.281833596299912e-003	1.015038e+001	1.025188e-009
4.282833596299912e-003	1.015020e+001	1.025171e-009
4.283833596299912e-003	1.015003e+001	1.025153e-009
4.284833596299911e-003	1.014986e+001	1.025136e-009
4.285833596299912e-003	1.014968e+001	1.025118e-009
4.286833596299912e-003	1.014951e+001	1.025100e-009
4.287833596299912e-003	1.014934e+001	1.025083e-009
4.288833596299912e-003	1.014916e+001	1.025065e-009
4.289833596299912e-003	1.014899e+001	1.025048e-009
4.290833596299912e-003	1.014882e+001	1.025030e-009
4.292833596299912e-003	1.014847e+001	1.024995e-009
4.293833596299912e-003	1.014830e+001	1.024978e-009
4.294833596299912e-003	1.014812e+001	1.024960e-009
4.295833596299912e-003	1.014795e+001	1.024943e-009
4.296833596299912e-003	1.014778e+001	1.024925e-009
4.297833596299911e-003	1.014760e+001	1.024908e-009
4.298833596299912e-003	1.014743e+001	1.024890e-009
4.299833596299912e-003	1.014726e+001	1.024873e-009
4.300833596299912e-003	1.014708e+001	1.024856e-009
4.301833596299912e-003	1.014691e+001	1.024838e-009
4.302833596299912e-003	1.014674e+001	1.024821e-009
4.304833596299912e-003	1.014639e+001	1.024786e-009
4.305833596299912e-003	1.014622e+001	1.024768e-009
4.306833596299912e-003	1.014605e+001	1.024751e-009
4.307833596299912e-003	1.014588e+001	1.024734e-009
4.308833596299912e-003	1.014570e+001	1.024716e-009
4.309833596299912e-003	1.014553e+001	1.024699e-009
4.310833596299911e-003	1.014536e+001	1.024681e-009
4.311833596299912e-003	1.014519e+001	1.024664e-009
4.312833596299912e-003	1.014502e+001	1.024647e-009
4.313833596299912e-003	1.014484e+001	1.024629e-009
4.314833596299912e-003	1.014467e+001	1.024612e-009
4.316833596299912e-003	1.014433e+001	1.024577e-009
4.317833596299911e-003	1.014416e+001	1.024560e-009
4.318833596299912e-003	1.014399e+001	1.024542e-009
4.319833596299912e-003	1.014381e+001	1.024525e-009
4.320833596299912e-003	1.014364e+001	1.024508e-009
4.321833596299912e-003	1.014347e+001	1.024490e-009
4.322833596299912e-003	1.014330e+001	1.024473e-009
4.323833596299912e-003	1.014313e+001	1.024456e-009
4.324833596299912e-003	1.014296e+001	1.024439e-009
4.325833596299912e-003	1.014279e+001	1.024421e-009
4.326833596299912e-003	1.014261e+001	1.024404e-009
4.329833596299912e-003	1.014210e+001	1.024352e-009
4.330833596299911e-003	1.014193e+001	1.024335e-009
4.331833596299912e-003	1.014176e+001	1.024318e-009
4.332833596299912e-003	1.014159e+001	1.024301e-009
4.333833596299912e-003	1.014142e+001	1.024283e-009
4.334833596299912e-003	1.014125e+001	1.024266e-009
4.335833596299912e-003	1.014108e+001	1.024249e-009
4.336833596299912e-003	1.014091e+001	1.024232e-009
4.337833596299912e-003	1.014074e+001	1.024214e-009
4.338833596299912e-003	1.014057e+001	1.024197e-009
4.341833596299912e-003	1.014006e+001	1.024146e-009
4.342833596299912e-003	1.013989e+001	1.024128e-009
4.343833596299911e-003	1.013972e+001	1.024111e-009
4.344833596299912e-003	1.013955e+001	1.024094e-009
4.345833596299912e-003	1.013938e+001	1.024077e-009
4.346833596299912e-003	1.013921e+001	1.024060e-009
4.347833596299912e-003	1.013904e+001	1.024043e-009
4.348833596299912e-003	1.013887e+001	1.024026e-009
4.349833596299912e-003	1.013870e+001	1.024008e-009
4.350833596299912e-003	1.013853e+001	1.023991e-009
4.353833596299912e-003	1.013802e+001	1.023940e-009
4.354833596299912e-003	1.013785e+001	1.023923e-009
4.355833596299912e-003	1.013768e+001	1.023906e-009
4.356833596299911e-003	1.013751e+001	1.023889e-009
4.357833596299912e-003	1.013734e+001	1.023872e-009
4.358833596299912e-003	1.013717e+001	1.023855e-009
4.359833596299912e-003	1.013700e+001	1.023837e-009
4.360833596299912e-003	1.013684e+001	1.023820e-009
4.361833596299912e-003	1.013667e+001	1.023803e-009
4.362833596299912e-003	1.013650e+001	1.023786e-009
4.365833596299912e-003	1.013599e+001	1.023735e-009
4.366833596299912e-003	1.013582e+001	1.023718e-009
4.367833596299912e-003	1.013566e+001	1.023701e-009
4.368833596299912e-003	1.013549e+001	1.023684e-009
4.369833596299911e-003	1.013532e+001	1.023667e-009
4.370833596299912e-003	1.013515e+001	1.023650e-009
4.371833596299912e-003	1.013498e+001	1.023633e-009
4.372833596299912e-003	1.013481e+001	1.023616e-009
4.373833596299912e-003	1.013465e+001	1.023599e-009
4.374833596299912e-003	1.013448e+001	1.023582e-009
4.378833596299912e-003	1.013381e+001	1.023514e-009
4.379833596299912e-003	1.013364e+001	1.023497e-009
4.380833596299912e-003	1.013347e+001	1.023481e-009
4.381833596299912e-003	1.013330e+001	1.023464e-009
4.382833596299911e-003	1.013314e+001	1.023447e-009
4.383833596299912e-003	1.013297e+001	1.023430e-009
4.384833596299912e-003	1.013280e+001	1.023413e-009
4.385833596299912e-003	1.013263e+001	1.023396e-009
4.387833596299912e-003	1.013230e+001	1.023362e-009
4.390833596299912e-003	1.013180e+001	1.023312e-009
4.391833596299912e-003	1.013163e+001	1.023295e-009
4.392833596299912e-003	1.013146e+001	1.023278e-009
4.393833596299912e-003	1.013130e+001	1.023261e-009
4.394833596299912e-003	1.013113e+001	1.023244e-009
4.395833596299911e-003	1.013096e+001	1.023227e-009
4.396833596299912e-003	1.013080e+001	1.023211e-009
4.397833596299912e-003	1.013063e+001	1.023194e-009
4.399833596299912e-003	1.013030e+001	1.023160e-009
4.402833596299912e-003	1.012980e+001	1.023110e-009
4.404833596299912e-003	1.012947e+001	1.023076e-009
4.405833596299912e-003	1.012930e+001	1.023059e-009
4.406833596299912e-003	1.012913e+001	1.023043e-009
4.407833596299912e-003	1.012897e+001	1.023026e-009
4.408833596299912e-003	1.012880e+001	1.023009e-009
4.410833596299912e-003	1.012847e+001	1.022976e-009
4.415833596299911e-003	1.012764e+001	1.022892e-009
4.417833596299912e-003	1.012731e+001	1.022859e-009
4.418833596299912e-003	1.012715e+001	1.022842e-009
4.419833596299912e-003	1.012698e+001	1.022825e-009
4.421833596299912e-003	1.012665e+001	1.022792e-009
4.423833596299912e-003	1.012632e+001	1.022759e-009
4.424690739157054e-003	1.012618e+001	1.022744e-009
4.425547882014197e-003	1.012604e+001	1.022730e-009
4.426405024871340e-003	1.012590e+001	1.022716e-009
4.427262167728483e-003	1.012576e+001	1.022701e-009
4.428119310585626e-003	1.012562e+001	1.022687e-009
4.428976453442769e-003	1.012547e+001	1.022673e-009
4.429833596299912e-003	1.012533e+001	1.022659e-009
4.431833596299912e-003	1.012500e+001	1.022625e-009
4.433833596299912e-003	1.012468e+001	1.022592e-009
4.436833596299912e-003	1.012418e+001	1.022542e-009
4.439833596299912e-003	1.012369e+001	1.022493e-009
4.441833596299911e-003	1.012336e+001	1.022460e-009
4.443833596299912e-003	1.012304e+001	1.022427e-009
4.445833596299912e-003	1.012271e+001	1.022394e-009
4.448833596299912e-003	1.012222e+001	1.022344e-009
4.449976453442769e-003	1.012203e+001	1.022325e-009
4.451119310585626e-003	1.012185e+001	1.022306e-009
4.452262167728483e-003	1.012166e+001	1.022288e-009
4.453405024871340e-003	1.012147e+001	1.022269e-009
4.454547882014198e-003	1.012129e+001	1.022250e-009
4.455690739157054e-003	1.012110e+001	1.022231e-009
4.456833596299912e-003	1.012091e+001	1.022212e-009
4.458833596299912e-003	1.012059e+001	1.022179e-009
4.459833596299912e-003	1.012043e+001	1.022163e-009
4.460833596299912e-003	1.012026e+001	1.022147e-009
4.461833596299912e-003	1.012010e+001	1.022130e-009
4.462833596299912e-003	1.011994e+001	1.022114e-009
4.463833596299912e-003	1.011978e+001	1.022097e-009
4.464833596299912e-003	1.011961e+001	1.022081e-009
4.465833596299912e-003	1.011945e+001	1.022065e-009
4.467833596299911e-003	1.011913e+001	1.022032e-009
4.469833596299912e-003	1.011880e+001	1.021999e-009
4.472833596299912e-003	1.011832e+001	1.021950e-009
4.474119310585626e-003	1.011811e+001	1.021929e-009
4.475405024871340e-003	1.011790e+001	1.021908e-009
4.476690739157054e-003	1.011769e+001	1.021887e-009
4.477976453442769e-003	1.011749e+001	1.021866e-009
4.479262167728483e-003	1.011728e+001	1.021845e-009
4.480547882014197e-003	1.011707e+001	1.021824e-009
4.481833596299912e-003	1.011686e+001	1.021803e-009
4.482976453442769e-003	1.011668e+001	1.021784e-009
4.484119310585626e-003	1.011649e+001	1.021766e-009
4.485262167728483e-003	1.011631e+001	1.021747e-009
4.486405024871340e-003	1.011613e+001	1.021729e-009
4.487547882014198e-003	1.011594e+001	1.021710e-009
4.488690739157054e-003	1.011576e+001	1.021692e-009
4.489833596299912e-003	1.011557e+001	1.021673e-009
4.492833596299912e-003	1.011509e+001	1.021624e-009
4.495833596299912e-003	1.011461e+001	1.021576e-009
4.497119310585626e-003	1.011440e+001	1.021555e-009
4.498405024871341e-003	1.011420e+001	1.021534e-009
4.499690739157055e-003	1.011399e+001	1.021513e-009
4.500976453442769e-003	1.011379e+001	1.021492e-009
4.502262167728483e-003	1.011358e+001	1.021472e-009
4.503547882014198e-003	1.011337e+001	1.021451e-009
4.504833596299912e-003	1.011317e+001	1.021430e-009
4.506119310585626e-003	1.011296e+001	1.021409e-009
4.507405024871340e-003	1.011276e+001	1.021389e-009
4.508690739157054e-003	1.011255e+001	1.021368e-009
4.509976453442769e-003	1.011235e+001	1.021347e-009
4.511262167728483e-003	1.011214e+001	1.021326e-009
4.512547882014197e-003	1.011194e+001	1.021306e-009
4.513833596299911e-003	1.011173e+001	1.021285e-009
4.516833596299912e-003	1.011125e+001	1.021237e-009
4.518262167728483e-003	1.011103e+001	1.021214e-009
4.519690739157055e-003	1.011080e+001	1.021191e-009
4.521119310585626e-003	1.011057e+001	1.021168e-009
4.522547882014197e-003	1.011035e+001	1.021145e-009
4.523976453442768e-003	1.011012e+001	1.021122e-009
4.525405024871340e-003	1.010989e+001	1.021099e-009
4.526833596299911e-003	1.010966e+001	1.021076e-009
4.528405024871340e-003	1.010942e+001	1.021051e-009
4.529976453442768e-003	1.010917e+001	1.021026e-009
4.531547882014197e-003	1.010892e+001	1.021001e-009
4.533119310585626e-003	1.010867e+001	1.020976e-009
4.534690739157055e-003	1.010842e+001	1.020951e-009
4.536262167728483e-003	1.010817e+001	1.020926e-009
4.537833596299912e-003	1.010793e+001	1.020900e-009
4.539547882014198e-003	1.010765e+001	1.020873e-009
4.541262167728484e-003	1.010738e+001	1.020846e-009
4.542976453442769e-003	1.010711e+001	1.020819e-009
4.544690739157055e-003	1.010684e+001	1.020791e-009
4.546405024871340e-003	1.010657e+001	1.020764e-009
4.548119310585626e-003	1.010630e+001	1.020737e-009
4.549833596299912e-003	1.010603e+001	1.020710e-009
4.551690739157055e-003	1.010574e+001	1.020680e-009
4.553547882014198e-003	1.010545e+001	1.020651e-009
4.555405024871340e-003	1.010516e+001	1.020621e-009
4.557262167728483e-003	1.010487e+001	1.020592e-009
4.559119310585626e-003	1.010458e+001	1.020562e-009
4.560976453442769e-003	1.010429e+001	1.020533e-009
4.562833596299912e-003	1.010400e+001	1.020504e-009
4.564690739157055e-003	1.010371e+001	1.020474e-009
4.566547882014198e-003	1.010342e+001	1.020445e-009
4.568405024871340e-003	1.010313e+001	1.020416e-009
4.570262167728483e-003	1.010284e+001	1.020386e-009
4.572119310585626e-003	1.010255e+001	1.020357e-009
4.573976453442769e-003	1.010226e+001	1.020328e-009
4.575833596299912e-003	1.010197e+001	1.020299e-009
4.577833596299912e-003	1.010166e+001	1.020267e-009
4.579833596299912e-003	1.010135e+001	1.020236e-009
4.581833596299912e-003	1.010103e+001	1.020205e-009
4.583833596299912e-003	1.010072e+001	1.020173e-009
4.585833596299912e-003	1.010041e+001	1.020142e-009
4.587833596299912e-003	1.010010e+001	1.020111e-009
4.589833596299912e-003	1.009979e+001	1.020079e-009
4.592262167728484e-003	1.009942e+001	1.020041e-009
4.594690739157054e-003	1.009904e+001	1.020003e-009
4.597119310585626e-003	1.009867e+001	1.019966e-009
4.599547882014198e-003	1.009829e+001	1.019928e-009
4.601976453442769e-003	1.009792e+001	1.019890e-009
4.604405024871340e-003	1.009755e+001	1.019852e-009
4.606833596299912e-003	1.009717e+001	1.019814e-009
4.609547882014197e-003	1.009675e+001	1.019772e-009
4.612262167728483e-003	1.009634e+001	1.019730e-009
4.614976453442768e-003	1.009592e+001	1.019688e-009
4.617690739157055e-003	1.009550e+001	1.019646e-009
4.620405024871340e-003	1.009509e+001	1.019604e-009
4.623119310585626e-003	1.009467e+001	1.019562e-009
4.625833596299912e-003	1.009426e+001	1.019520e-009
4.629690739157055e-003	1.009367e+001	1.019461e-009
4.633547882014197e-003	1.009308e+001	1.019401e-009
4.637405024871340e-003	1.009250e+001	1.019342e-009
4.641262167728483e-003	1.009191e+001	1.019283e-009
4.645119310585626e-003	1.009133e+001	1.019224e-009
4.648976453442769e-003	1.009074e+001	1.019165e-009
4.652833596299912e-003	1.009016e+001	1.019106e-009
4.656976453442769e-003	1.008953e+001	1.019043e-009
4.661119310585626e-003	1.008891e+001	1.018980e-009
4.665262167728483e-003	1.008828e+001	1.018917e-009
4.669405024871341e-003	1.008766e+001	1.018854e-009
4.673547882014198e-003	1.008704e+001	1.018791e-009
4.677690739157055e-003	1.008642e+001	1.018728e-009
4.681833596299912e-003	1.008580e+001	1.018666e-009
4.703119310585626e-003	1.008263e+001	1.018346e-009
4.724405024871340e-003	1.007949e+001	1.018028e-009
4.745690739157055e-003	1.007637e+001	1.017713e-009
4.766976453442770e-003	1.007328e+001	1.017401e-009
4.788262167728484e-003	1.007021e+001	1.017091e-009
4.809547882014198e-003	1.006716e+001	1.016784e-009
4.830833596299912e-003	1.006415e+001	1.016479e-009
4.837405024871341e-003	1.006322e+001	1.016385e-009
4.843976453442769e-003	1.006229e+001	1.016292e-009
4.850547882014198e-003	1.006137e+001	1.016199e-009
4.857119310585626e-003	1.006045e+001	1.016106e-009
4.863690739157055e-003	1.005953e+001	1.016013e-009
4.870262167728483e-003	1.005862e+001	1.015920e-009
4.876833596299912e-003	1.005770e+001	1.015828e-009
4.877833596299912e-003	1.005757e+001	1.015814e-009
4.886262167728484e-003	1.005640e+001	1.015696e-009
4.894690739157055e-003	1.005523e+001	1.015579e-009
4.903119310585627e-003	1.005407e+001	1.015462e-009
4.911547882014197e-003	1.005292e+001	1.015345e-009
4.919976453442769e-003	1.005177e+001	1.015228e-009
4.928405024871341e-003	1.005062e+001	1.015112e-009
4.936833596299912e-003	1.004947e+001	1.014997e-009
4.943547882014198e-003	1.004856e+001	1.014905e-009
4.950262167728483e-003	1.004765e+001	1.014813e-009
4.956976453442770e-003	1.004675e+001	1.014722e-009
4.963690739157055e-003	1.004584e+001	1.014630e-009
4.970405024871341e-003	1.004494e+001	1.014539e-009
4.977119310585626e-003	1.004404e+001	1.014449e-009
4.983833596299912e-003	1.004315e+001	1.014358e-009
4.985833596299913e-003	1.004288e+001	1.014331e-009
4.987833596299912e-003	1.004262e+001	1.014304e-009
4.989833596299912e-003	1.004235e+001	1.014277e-009
4.991833596299912e-003	1.004208e+001	1.014250e-009
4.993833596299912e-003	1.004182e+001	1.014224e-009
4.995833596299911e-003	1.004155e+001	1.014197e-009
4.997833596299912e-003	1.004129e+001	1.014170e-009
4.998833596299912e-003	1.004115e+001	1.014157e-009
4.999000000000000e-003	1.004113e+001	1.014154e-009
4.999332807400176e-003	1.004109e+001	1.014150e-009
4.999334385199648e-003	1.004109e+001	1.014150e-009
4.999337540798590e-003	1.004109e+001	1.014150e-009
4.999343851996477e-003	1.004109e+001	1.014150e-009
4.999352425368992e-003	1.004109e+001	1.014150e-009
4.999369572114023e-003	1.004108e+001	1.014149e-009
4.999403865604084e-003	1.004108e+001	1.014149e-009
4.999472452584206e-003	1.004107e+001	1.014148e-009
4.999609626544450e-003	1.004105e+001	1.014146e-009
4.999725652079513e-003	1.004104e+001	1.014145e-009
4.999767948929874e-003	1.004103e+001	1.014144e-009
4.999852542630595e-003	1.004102e+001	1.014143e-009
5.000000000000000e-003	1.004100e+001	1.014141e-009
5.000294914738811e-003	1.004096e+001	1.014137e-009
5.000884744216430e-003	1.004088e+001	1.014129e-009
5.001884744216431e-003	1.004075e+001	1.014116e-009
5.007456172787859e-003	1.004001e+001	1.014041e-009
5.013027601359288e-003	1.003928e+001	1.013967e-009
5.018599029930716e-003	1.003854e+001	1.013893e-009
5.024170458502145e-003	1.003781e+001	1.013819e-009
5.029741887073573e-003	1.003708e+001	1.013745e-009
5.035313315645002e-003	1.003635e+001	1.013671e-009
5.040884744216431e-003	1.003562e+001	1.013598e-009
5.045599029930716e-003	1.003501e+001	1.013536e-009
5.050313315645002e-003	1.003439e+001	1.013474e-009
5.055027601359288e-003	1.003378e+001	1.013412e-009
5.059741887073573e-003	1.003317e+001	1.013350e-009
5.064456172787859e-003	1.003256e+001	1.013288e-009
5.069170458502145e-003	1.003195e+001	1.013227e-009
5.073884744216431e-003	1.003134e+001	1.013165e-009
5.077884744216430e-003	1.003082e+001	1.013113e-009
5.081884744216431e-003	1.003031e+001	1.013061e-009
5.085884744216430e-003	1.002979e+001	1.013009e-009
5.089884744216430e-003	1.002928e+001	1.012957e-009
5.093884744216430e-003	1.002877e+001	1.012905e-009
5.097884744216430e-003	1.002825e+001	1.012854e-009
5.101884744216430e-003	1.002774e+001	1.012802e-009
5.105884744216430e-003	1.002723e+001	1.012750e-009
5.109884744216430e-003	1.002672e+001	1.012699e-009
5.113884744216430e-003	1.002621e+001	1.012647e-009
5.117884744216430e-003	1.002570e+001	1.012595e-009
5.121884744216430e-003	1.002519e+001	1.012544e-009
5.125884744216431e-003	1.002468e+001	1.012493e-009
5.129884744216430e-003	1.002417e+001	1.012441e-009
5.133884744216430e-003	1.002366e+001	1.012390e-009
5.137884744216430e-003	1.002316e+001	1.012339e-009
5.141884744216430e-003	1.002265e+001	1.012288e-009
5.145884744216431e-003	1.002214e+001	1.012236e-009
5.149884744216430e-003	1.002164e+001	1.012185e-009
5.153884744216431e-003	1.002113e+001	1.012134e-009
5.157884744216430e-003	1.002063e+001	1.012083e-009
5.159884744216431e-003	1.002037e+001	1.012058e-009
5.161884744216430e-003	1.002012e+001	1.012032e-009
5.163884744216430e-003	1.001987e+001	1.012007e-009
5.165884744216431e-003	1.001961e+001	1.011981e-009
5.167884744216430e-003	1.001936e+001	1.011956e-009
5.169884744216430e-003	1.001911e+001	1.011930e-009
5.171884744216431e-003	1.001886e+001	1.011905e-009
5.173884744216430e-003	1.001860e+001	1.011879e-009
5.175884744216430e-003	1.001835e+001	1.011854e-009
5.177884744216431e-003	1.001810e+001	1.011828e-009
5.179884744216431e-003	1.001785e+001	1.011803e-009
5.181884744216430e-003	1.001760e+001	1.011777e-009
5.183884744216430e-003	1.001734e+001	1.011752e-009
5.185884744216431e-003	1.001709e+001	1.011726e-009
5.188884744216430e-003	1.001671e+001	1.011688e-009
5.191884744216431e-003	1.001633e+001	1.011650e-009
5.194170458502145e-003	1.001605e+001	1.011621e-009
5.196456172787859e-003	1.001576e+001	1.011592e-009
5.198741887073573e-003	1.001547e+001	1.011563e-009
5.201027601359287e-003	1.001518e+001	1.011534e-009
5.203313315645002e-003	1.001490e+001	1.011504e-009
5.205599029930716e-003	1.001461e+001	1.011475e-009
5.207884744216430e-003	1.001432e+001	1.011446e-009
5.213884744216430e-003	1.001357e+001	1.011370e-009
5.219884744216430e-003	1.001281e+001	1.011294e-009
5.225884744216430e-003	1.001206e+001	1.011218e-009
5.231884744216431e-003	1.001130e+001	1.011142e-009
5.237884744216431e-003	1.001055e+001	1.011066e-009
5.243884744216431e-003	1.000980e+001	1.010990e-009
5.249884744216431e-003	1.000905e+001	1.010914e-009
5.260027601359288e-003	1.000778e+001	1.010785e-009
5.270170458502145e-003	1.000651e+001	1.010657e-009
5.280313315645002e-003	1.000524e+001	1.010529e-009
5.290456172787859e-003	1.000397e+001	1.010401e-009
5.300599029930716e-003	1.000271e+001	1.010273e-009
5.310741887073573e-003	1.000144e+001	1.010146e-009
5.320884744216430e-003	1.000018e+001	1.010018e-009
5.326884744216430e-003	9.999437e+000	1.009943e-009
5.332884744216430e-003	9.998692e+000	1.009868e-009
5.338884744216430e-003	9.997948e+000	1.009793e-009
5.344884744216431e-003	9.997205e+000	1.009718e-009
5.350884744216431e-003	9.996463e+000	1.009643e-009
5.356884744216431e-003	9.995721e+000	1.009568e-009
5.362884744216431e-003	9.994981e+000	1.009493e-009
5.364027601359287e-003	9.994840e+000	1.009479e-009
5.365170458502145e-003	9.994699e+000	1.009465e-009
5.366313315645002e-003	9.994558e+000	1.009450e-009
5.367456172787859e-003	9.994417e+000	1.009436e-009
5.368599029930716e-003	9.994277e+000	1.009422e-009
5.369741887073573e-003	9.994136e+000	1.009408e-009
5.370884744216430e-003	9.993996e+000	1.009394e-009
5.371884744216430e-003	9.993873e+000	1.009381e-009
5.372884744216430e-003	9.993750e+000	1.009369e-009
5.373884744216430e-003	9.993627e+000	1.009356e-009
5.374884744216431e-003	9.993504e+000	1.009344e-009
5.375884744216431e-003	9.993382e+000	1.009332e-009
5.376884744216430e-003	9.993258e+000	1.009319e-009
5.377884744216430e-003	9.993135e+000	1.009307e-009
5.378884744216430e-003	9.993013e+000	1.009294e-009
5.379884744216430e-003	9.992891e+000	1.009282e-009
5.380884744216431e-003	9.992768e+000	1.009270e-009
5.381884744216431e-003	9.992646e+000	1.009257e-009
5.382884744216431e-003	9.992524e+000	1.009245e-009
5.383884744216430e-003	9.992402e+000	1.009233e-009
5.384884744216430e-003	9.992281e+000	1.009220e-009
5.385884744216430e-003	9.992160e+000	1.009208e-009
5.386884744216430e-003	9.992039e+000	1.009196e-009
5.387884744216431e-003	9.991919e+000	1.009184e-009
5.388884744216431e-003	9.991800e+000	1.009172e-009
5.389884744216430e-003	9.991682e+000	1.009160e-009
5.390884744216430e-003	9.991566e+000	1.009148e-009
5.391884744216430e-003	9.991451e+000	1.009137e-009
5.392884744216430e-003	9.991339e+000	1.009125e-009
5.393884744216431e-003	9.991231e+000	1.009114e-009
5.394884744216431e-003	9.991128e+000	1.009104e-009
5.395884744216431e-003	9.991031e+000	1.009094e-009
5.396884744216430e-003	9.990942e+000	1.009085e-009
5.397884744216430e-003	9.990864e+000	1.009077e-009
5.398884744216430e-003	9.990800e+000	1.009071e-009
5.399884744216430e-003	9.990752e+000	1.009066e-009
5.400884744216431e-003	9.990725e+000	1.009063e-009
5.401884744216431e-003	9.990721e+000	1.009063e-009
5.402884744216430e-003	9.990742e+000	1.009065e-009
5.403884744216430e-003	9.990789e+000	1.009070e-009
5.404884744216430e-003	9.990864e+000	1.009077e-009
5.405884744216430e-003	9.990959e+000	1.009087e-009
5.406884744216431e-003	9.991074e+000	1.009098e-009
5.407884744216431e-003	9.991199e+000	1.009111e-009
5.408884744216431e-003	9.991329e+000	1.009124e-009
5.409884744216430e-003	9.991461e+000	1.009138e-009
5.410884744216430e-003	9.991589e+000	1.009150e-009
5.411884744216430e-003	9.991708e+000	1.009163e-009
5.412884744216430e-003	9.991817e+000	1.009174e-009
5.413884744216431e-003	9.991918e+000	1.009184e-009
5.414884744216431e-003	9.992006e+000	1.009193e-009
5.415884744216430e-003	9.992085e+000	1.009201e-009
5.416884744216430e-003	9.992154e+000	1.009208e-009
5.417884744216430e-003	9.992215e+000	1.009214e-009
5.418884744216430e-003	9.992270e+000	1.009219e-009
5.419884744216431e-003	9.992317e+000	1.009224e-009
5.420884744216431e-003	9.992359e+000	1.009228e-009
5.421884744216431e-003	9.992397e+000	1.009232e-009
5.422884744216430e-003	9.992431e+000	1.009235e-009
5.423884744216430e-003	9.992461e+000	1.009239e-009
5.424884744216430e-003	9.992489e+000	1.009241e-009
5.425884744216430e-003	9.992514e+000	1.009244e-009
5.426884744216431e-003	9.992537e+000	1.009246e-009
5.427884744216431e-003	9.992559e+000	1.009248e-009
5.428884744216430e-003	9.992580e+000	1.009251e-009
5.429884744216430e-003	9.992599e+000	1.009252e-009
5.430884744216430e-003	9.992618e+000	1.009254e-009
5.431884744216430e-003	9.992636e+000	1.009256e-009
5.432884744216431e-003	9.992652e+000	1.009258e-009
5.433884744216431e-003	9.992668e+000	1.009259e-009
5.434884744216431e-003	9.992683e+000	1.009261e-009
5.435884744216430e-003	9.992699e+000	1.009263e-009
5.436884744216430e-003	9.992714e+000	1.009264e-009
5.437884744216430e-003	9.992729e+000	1.009266e-009
5.438884744216430e-003	9.992743e+000	1.009267e-009
5.439884744216431e-003	9.992758e+000	1.009269e-009
5.440884744216431e-003	9.992771e+000	1.009270e-009
5.441884744216430e-003	9.992786e+000	1.009271e-009
5.442884744216430e-003	9.992800e+000	1.009273e-009
5.443884744216430e-003	9.992814e+000	1.009274e-009
5.444884744216430e-003	9.992827e+000	1.009276e-009
5.445884744216431e-003	9.992842e+000	1.009277e-009
5.446884744216431e-003	9.992855e+000	1.009278e-009
5.447884744216431e-003	9.992869e+000	1.009280e-009
5.448884744216430e-003	9.992883e+000	1.009281e-009
5.449884744216430e-003	9.992897e+000	1.009283e-009
5.450884744216430e-003	9.992910e+000	1.009284e-009
5.451884744216430e-003	9.992925e+000	1.009285e-009
5.452884744216431e-003	9.992938e+000	1.009287e-009
5.453884744216431e-003	9.992952e+000	1.009288e-009
5.454884744216431e-003	9.992966e+000	1.009290e-009
5.455884744216430e-003	9.992980e+000	1.009291e-009
5.456884744216430e-003	9.992993e+000	1.009292e-009
5.457884744216430e-003	9.993008e+000	1.009294e-009
5.458884744216431e-003	9.993021e+000	1.009295e-009
5.459884744216431e-003	9.993035e+000	1.009297e-009
5.460884744216431e-003	9.993049e+000	1.009298e-009
5.461884744216430e-003	9.993063e+000	1.009299e-009
5.462884744216430e-003	9.993076e+000	1.009301e-009
5.463884744216430e-003	9.993091e+000	1.009302e-009
5.464884744216430e-003	9.993104e+000	1.009304e-009
5.466884744216431e-003	9.993132e+000	1.009306e-009
5.468884744216430e-003	9.993159e+000	1.009309e-009
5.470884744216430e-003	9.993187e+000	1.009312e-009
5.472884744216431e-003	9.993214e+000	1.009315e-009
5.475884744216430e-003	9.993255e+000	1.009319e-009
5.478884744216431e-003	9.993295e+000	1.009323e-009
5.481884744216430e-003	9.993335e+000	1.009327e-009
5.484884744216430e-003	9.993374e+000	1.009331e-009
5.487884744216430e-003	9.993413e+000	1.009335e-009
5.490884744216430e-003	9.993451e+000	1.009339e-009
5.493884744216431e-003	9.993489e+000	1.009342e-009
5.496884744216430e-003	9.993526e+000	1.009346e-009
5.498884744216431e-003	9.993551e+000	1.009349e-009
5.500884744216430e-003	9.993576e+000	1.009351e-009
5.502884744216430e-003	9.993600e+000	1.009354e-009
5.504884744216431e-003	9.993624e+000	1.009356e-009
5.506884744216431e-003	9.993648e+000	1.009358e-009
5.508884744216430e-003	9.993672e+000	1.009361e-009
5.510884744216430e-003	9.993695e+000	1.009363e-009
5.512884744216431e-003	9.993719e+000	1.009366e-009
5.514884744216430e-003	9.993742e+000	1.009368e-009
5.516884744216430e-003	9.993765e+000	1.009370e-009
5.518884744216431e-003	9.993788e+000	1.009373e-009
5.520884744216431e-003	9.993810e+000	1.009375e-009
5.522884744216430e-003	9.993832e+000	1.009377e-009
5.524884744216431e-003	9.993854e+000	1.009379e-009
5.527027601359287e-003	9.993877e+000	1.009382e-009
5.529170458502145e-003	9.993901e+000	1.009384e-009
5.531313315645002e-003	9.993924e+000	1.009386e-009
5.533456172787860e-003	9.993947e+000	1.009389e-009
5.535599029930716e-003	9.993970e+000	1.009391e-009
5.537741887073574e-003	9.993992e+000	1.009393e-009
5.539884744216431e-003	9.994014e+000	1.009395e-009
5.543027601359288e-003	9.994046e+000	1.009399e-009
5.546170458502145e-003	9.994077e+000	1.009402e-009
5.549313315645002e-003	9.994108e+000	1.009405e-009
5.552456172787859e-003	9.994139e+000	1.009408e-009
5.555599029930716e-003	9.994169e+000	1.009411e-009
5.558741887073573e-003	9.994199e+000	1.009414e-009
5.561884744216430e-003	9.994229e+000	1.009417e-009
5.565741887073573e-003	9.994265e+000	1.009421e-009
5.569599029930716e-003	9.994299e+000	1.009424e-009
5.573456172787859e-003	9.994334e+000	1.009428e-009
5.577313315645002e-003	9.994367e+000	1.009431e-009
5.581170458502145e-003	9.994400e+000	1.009434e-009
5.585027601359287e-003	9.994433e+000	1.009438e-009
5.588884744216430e-003	9.994465e+000	1.009441e-009
5.592884744216430e-003	9.994497e+000	1.009444e-009
5.596884744216431e-003	9.994529e+000	1.009447e-009
5.600884744216430e-003	9.994560e+000	1.009451e-009
5.604884744216431e-003	9.994591e+000	1.009454e-009
5.608884744216430e-003	9.994621e+000	1.009457e-009
5.612884744216431e-003	9.994650e+000	1.009460e-009
5.616884744216431e-003	9.994679e+000	1.009463e-009
5.638170458502145e-003	9.994821e+000	1.009477e-009
5.659456172787859e-003	9.994952e+000	1.009490e-009
5.680741887073573e-003	9.995071e+000	1.009502e-009
5.702027601359288e-003	9.995178e+000	1.009513e-009
5.723313315645002e-003	9.995274e+000	1.009523e-009
5.744599029930716e-003	9.995359e+000	1.009531e-009
5.765884744216430e-003	9.995432e+000	1.009539e-009
5.783170458502145e-003	9.995487e+000	1.009544e-009
5.800456172787859e-003	9.995537e+000	1.009549e-009
5.817741887073573e-003	9.995584e+000	1.009554e-009
5.835027601359288e-003	9.995627e+000	1.009558e-009
5.852313315645002e-003	9.995667e+000	1.009562e-009
5.869599029930716e-003	9.995702e+000	1.009566e-009
5.886884744216430e-003	9.995733e+000	1.009569e-009
5.887884744216430e-003	9.995735e+000	1.009569e-009
5.905456172787859e-003	9.995764e+000	1.009572e-009
5.923027601359288e-003	9.995791e+000	1.009575e-009
5.940599029930716e-003	9.995815e+000	1.009577e-009
5.958170458502145e-003	9.995838e+000	1.009580e-009
5.975741887073573e-003	9.995858e+000	1.009582e-009
5.993313315645002e-003	9.995876e+000	1.009584e-009
6.010884744216431e-003	9.995893e+000	1.009585e-009
6.028170458502145e-003	9.995907e+000	1.009587e-009
6.045456172787859e-003	9.995921e+000	1.009588e-009
6.062741887073573e-003	9.995933e+000	1.009589e-009
6.080027601359288e-003	9.995945e+000	1.009590e-009
6.097313315645002e-003	9.995955e+000	1.009591e-009
6.114599029930716e-003	9.995964e+000	1.009592e-009
6.131884744216430e-003	9.995973e+000	1.009593e-009
6.149170458502145e-003	9.995980e+000	1.009594e-009
6.166456172787859e-003	9.995987e+000	1.009595e-009
6.183741887073574e-003	9.995993e+000	1.009595e-009
6.201027601359288e-003	9.995999e+000	1.009596e-009
6.218313315645002e-003	9.996005e+000	1.009596e-009
6.235599029930716e-003	9.996009e+000	1.009597e-009
6.252884744216431e-003	9.996014e+000	1.009597e-009
6.270741887073573e-003	9.996018e+000	1.009598e-009
6.288599029930717e-003	9.996021e+000	1.009598e-009
6.306456172787859e-003	9.996025e+000	1.009598e-009
6.324313315645002e-003	9.996027e+000	1.009599e-009
6.342170458502145e-003	9.996030e+000	1.009599e-009
6.360027601359288e-003	9.996033e+000	1.009599e-009
6.377884744216430e-003	9.996035e+000	1.009600e-009
6.396884744216430e-003	9.996037e+000	1.009600e-009
6.415884744216430e-003	9.996039e+000	1.009600e-009
6.434884744216430e-003	9.996040e+000	1.009600e-009
6.453884744216431e-003	9.996042e+000	1.009600e-009
6.472884744216431e-003	9.996044e+000	1.009600e-009
6.491884744216431e-003	9.996045e+000	1.009601e-009
6.510884744216430e-003	9.996046e+000	1.009601e-009
6.532170458502145e-003	9.996047e+000	1.009601e-009
6.553456172787859e-003	9.996048e+000	1.009601e-009
6.574741887073573e-003	9.996049e+000	1.009601e-009
6.596027601359288e-003	9.996049e+000	1.009601e-009
6.617313315645002e-003	9.996050e+000	1.009601e-009
6.638599029930716e-003	9.996051e+000	1.009601e-009
6.659884744216430e-003	9.996052e+000	1.009601e-009
6.685884744216430e-003	9.996052e+000	1.009601e-009
6.711884744216430e-003	9.996053e+000	1.009601e-009
6.737884744216430e-003	9.996053e+000	1.009601e-009
6.763884744216431e-003	9.996054e+000	1.009601e-009
6.789884744216431e-003	9.996054e+000	1.009601e-009
6.815884744216431e-003	9.996054e+000	1.009601e-009
6.841884744216431e-003	9.996055e+000	1.009602e-009
6.851741887073574e-003	9.996055e+000	1.009602e-009
6.861599029930716e-003	9.996055e+000	1.009602e-009
6.871456172787859e-003	9.996055e+000	1.009602e-009
6.881313315645002e-003	9.996055e+000	1.009602e-009
6.891170458502145e-003	9.996055e+000	1.009602e-009
6.901027601359288e-003	9.996055e+000	1.009602e-009
6.910884744216431e-003	9.996056e+000	1.009602e-009
6.911884744216431e-003	9.996056e+000	1.009602e-009
6.924313315645002e-003	9.996056e+000	1.009602e-009
6.936741887073574e-003	9.996056e+000	1.009602e-009
6.949170458502145e-003	9.996056e+000	1.009602e-009
6.961599029930717e-003	9.996056e+000	1.009602e-009
6.974027601359288e-003	9.996056e+000	1.009602e-009
6.986456172787860e-003	9.996056e+000	1.009602e-009
6.998884744216431e-003	9.996056e+000	1.009602e-009
6.999884744216430e-003	9.996056e+000	1.009602e-009
7.000000000000000e-003	9.996056e+000	1.009602e-009
