time	V(vout)	-I(Rl)
0.000000000000000e+000	9.996057e+000	1.009602e-009
1.009638400021875e-003	9.996057e+000	1.009602e-009
2.000000000000000e-003	9.996057e+000	1.009602e-009
2.000000686880272e-003	9.491428e+000	6.159409e-001
2.000002060640817e-003	9.141808e+000	9.141808e-001
2.000002306482409e-003	9.153388e+000	9.153388e-001
2.000002447803743e-003	9.165175e+000	9.165176e-001
2.000002503254308e-003	9.165161e+000	9.165161e-001
2.000002576409440e-003	9.165125e+000	9.165125e-001
2.000002655975179e-003	9.164949e+000	9.164950e-001
2.000002815106658e-003	9.164482e+000	9.164482e-001
2.000002978394672e-003	9.163931e+000	9.163932e-001
2.000003302003888e-003	9.162891e+000	9.162892e-001
2.000003634741866e-003	9.162044e+000	9.162043e-001
2.000004300217820e-003	9.161037e+000	9.161038e-001
2.000005287290919e-003	9.160656e+000	9.160656e-001
2.000006244066686e-003	9.161364e+000	9.161364e-001
2.000007186438075e-003	9.162995e+000	9.162995e-001
2.000008141353270e-003	9.165442e+000	9.165441e-001
2.000009361158932e-003	9.169532e+000	9.169532e-001
2.000011354353694e-003	9.177761e+000	9.177760e-001
2.000014137958731e-003	9.191096e+000	9.191096e-001
2.000017096267927e-003	9.206654e+000	9.206653e-001
2.000020701011906e-003	9.226418e+000	9.226418e-001
2.000025098835252e-003	9.250501e+000	9.250501e-001
2.000030262455143e-003	9.277901e+000	9.277901e-001
2.000035294730378e-003	9.303173e+000	9.303173e-001
2.000040686709670e-003	9.328374e+000	9.328374e-001
2.000046284978605e-003	9.352405e+000	9.352404e-001
2.000052510919137e-003	9.376675e+000	9.376675e-001
2.000058500065036e-003	9.397659e+000	9.397659e-001
2.000064876304789e-003	9.417513e+000	9.417512e-001
2.000071789433684e-003	9.436463e+000	9.436463e-001
2.000078949895011e-003	9.453398e+000	9.453398e-001
2.000088313412996e-003	9.471973e+000	9.471974e-001
2.000099859824578e-003	9.490673e+000	9.490673e-001
2.000112427487029e-003	9.506736e+000	9.506736e-001
2.000129406499548e-003	9.524009e+000	9.524009e-001
2.000143484406661e-003	9.536388e+000	9.536389e-001
2.000154688946123e-003	9.546252e+000	9.546252e-001
2.000165634751607e-003	9.557781e+000	9.557782e-001
2.000176520969953e-003	9.573823e+000	9.573823e-001
2.000189811384097e-003	9.603804e+000	9.603804e-001
2.000204405977431e-003	9.654065e+000	9.654065e-001
2.000218962428938e-003	9.726699e+000	9.726699e-001
2.000237284855112e-003	9.846561e+000	9.846561e-001
2.000254297746551e-003	9.977237e+000	9.977236e-001
2.000260238448097e-003	1.002670e+001	1.002670e+000
2.000263668415951e-003	1.005603e+001	1.005603e+000
2.000266399732397e-003	1.007943e+001	1.007943e+000
2.000268874118344e-003	1.010062e+001	1.010062e+000
2.000271380396379e-003	1.012203e+001	1.012203e+000
2.000273976038353e-003	1.014410e+001	1.014410e+000
2.000276817979534e-003	1.016812e+001	1.016812e+000
2.000279532707425e-003	1.019088e+001	1.019088e+000
2.000281845634005e-003	1.021012e+001	1.021012e+000
2.000283768723008e-003	1.022596e+001	1.022596e+000
2.000285882248382e-003	1.024320e+001	1.024320e+000
2.000288104675313e-003	1.026110e+001	1.026110e+000
2.000291640204724e-003	1.028912e+001	1.028912e+000
2.000295210852006e-003	1.031677e+001	1.031677e+000
2.000299960271262e-003	1.035246e+001	1.035246e+000
2.000304741230566e-003	1.038710e+001	1.038710e+000
2.000309478420263e-003	1.042003e+001	1.042003e+000
2.000313404190245e-003	1.044621e+001	1.044621e+000
2.000316444161043e-003	1.046565e+001	1.046565e+000
2.000319984399528e-003	1.048733e+001	1.048733e+000
2.000323652086457e-003	1.050893e+001	1.050893e+000
2.000325821074084e-003	1.052121e+001	1.052121e+000
2.000328122874383e-003	1.053373e+001	1.053373e+000
2.000331320994878e-003	1.055042e+001	1.055042e+000
2.000334202518307e-003	1.056474e+001	1.056474e+000
2.000337934885307e-003	1.058219e+001	1.058219e+000
2.000342180739106e-003	1.060060e+001	1.060060e+000
2.000347620365842e-003	1.062208e+001	1.062209e+000
2.000352385443949e-003	1.063883e+001	1.063883e+000
2.000358275805810e-003	1.065685e+001	1.065685e+000
2.000363738176286e-003	1.067112e+001	1.067112e+000
2.000369035592598e-003	1.068259e+001	1.068259e+000
2.000374018299244e-003	1.069122e+001	1.069122e+000
2.000380012977249e-003	1.069899e+001	1.069899e+000
2.000386287043902e-003	1.070378e+001	1.070378e+000
2.000398835177209e-003	1.070648e+001	1.070648e+000
2.000407373792654e-003	1.070413e+001	1.070413e+000
2.000414651313463e-003	1.069911e+001	1.069911e+000
2.000421506371019e-003	1.069275e+001	1.069275e+000
2.000428489601124e-003	1.068536e+001	1.068536e+000
2.000435529285493e-003	1.067758e+001	1.067758e+000
2.000443569067304e-003	1.066889e+001	1.066889e+000
2.000454121078105e-003	1.065822e+001	1.065822e+000
2.000468013398849e-003	1.064519e+001	1.064518e+000
2.000485606866363e-003	1.062953e+001	1.062953e+000
2.000502100237577e-003	1.061530e+001	1.061530e+000
2.000520780302413e-003	1.059951e+001	1.059951e+000
2.000537772998530e-003	1.058540e+001	1.058540e+000
2.000557620286162e-003	1.056924e+001	1.056924e+000
2.000577966867836e-003	1.055308e+001	1.055308e+000
2.000597873769970e-003	1.053850e+001	1.053850e+000
2.000619985991644e-003	1.052451e+001	1.052451e+000
2.000640209325195e-003	1.051258e+001	1.051258e+000
2.000665274002212e-003	1.049685e+001	1.049685e+000
2.000690809679246e-003	1.047953e+001	1.047953e+000
2.000718991751035e-003	1.045971e+001	1.045972e+000
2.000748186913193e-003	1.043910e+001	1.043910e+000
2.000779105633870e-003	1.041752e+001	1.041752e+000
2.000811160215563e-003	1.039559e+001	1.039559e+000
2.000845961818310e-003	1.037235e+001	1.037235e+000
2.000885899835702e-003	1.034651e+001	1.034651e+000
2.000951754206318e-003	1.030546e+001	1.030546e+000
2.001020361681229e-003	1.026444e+001	1.026444e+000
2.001082535034152e-003	1.022904e+001	1.022904e+000
2.001175611247028e-003	1.017861e+001	1.017861e+000
2.001253498445402e-003	1.013853e+001	1.013853e+000
2.001348256515477e-003	1.009213e+001	1.009213e+000
2.001404849902373e-003	1.006555e+001	1.006555e+000
2.001450588239179e-003	1.004484e+001	1.004484e+000
2.001498254547227e-003	1.002386e+001	1.002386e+000
2.001541453881579e-003	1.000536e+001	1.000536e+000
2.001597258985226e-003	9.982091e+000	9.982091e-001
2.001645861327407e-003	9.962335e+000	9.962335e-001
2.001694171301202e-003	9.943179e+000	9.943179e-001
2.001746762612116e-003	9.922775e+000	9.922775e-001
2.001787618423915e-003	9.907224e+000	9.907224e-001
2.001817609891995e-003	9.896004e+000	9.896004e-001
2.001851315952512e-003	9.883591e+000	9.883590e-001
2.001889323491421e-003	9.869804e+000	9.869804e-001
2.001925566806523e-003	9.856870e+000	9.856870e-001
2.001964082952662e-003	9.843356e+000	9.843356e-001
2.002005430194025e-003	9.829111e+000	9.829112e-001
2.002054532194190e-003	9.812535e+000	9.812536e-001
2.002107998802143e-003	9.794921e+000	9.794921e-001
2.002174910135207e-003	9.773591e+000	9.773591e-001
2.002250588390447e-003	9.751031e+000	9.751031e-001
2.002348979243350e-003	9.725361e+000	9.725361e-001
2.002408049408436e-003	9.713995e+000	9.713995e-001
2.002459014954985e-003	9.709432e+000	9.709432e-001
2.002516669533651e-003	9.710068e+000	9.710068e-001
2.002548490584111e-003	9.713128e+000	9.713128e-001
2.002580808583376e-003	9.718269e+000	9.718270e-001
2.002616027678443e-003	9.725093e+000	9.725093e-001
2.002648733934977e-003	9.732070e+000	9.732069e-001
2.002691622564726e-003	9.741456e+000	9.741456e-001
2.002742851282436e-003	9.752398e+000	9.752397e-001
2.002788924794417e-003	9.761742e+000	9.761741e-001
2.002833676381296e-003	9.770308e+000	9.770307e-001
2.002878012524927e-003	9.778405e+000	9.778405e-001
2.002938959655910e-003	9.789232e+000	9.789231e-001
2.003004431263105e-003	9.800785e+000	9.800785e-001
2.003094620305154e-003	9.816822e+000	9.816822e-001
2.003196298051506e-003	9.835102e+000	9.835102e-001
2.003303242947120e-003	9.854408e+000	9.854409e-001
2.003442788462157e-003	9.879474e+000	9.879473e-001
2.003545314476348e-003	9.897644e+000	9.897644e-001
2.003642151037639e-003	9.914377e+000	9.914377e-001
2.003749761863337e-003	9.932132e+000	9.932132e-001
2.003855203398659e-003	9.947843e+000	9.947842e-001
2.004001636885360e-003	9.966154e+000	9.966155e-001
2.004111347199054e-003	9.976459e+000	9.976459e-001
2.004226514526550e-003	9.983543e+000	9.983544e-001
2.004329210571623e-003	9.987198e+000	9.987198e-001
2.004447176012335e-003	9.989231e+000	9.989231e-001
2.004565594743165e-003	9.990085e+000	9.990084e-001
2.004684347203208e-003	9.990394e+000	9.990394e-001
2.004815980821784e-003	9.990544e+000	9.990544e-001
2.004962354283465e-003	9.990646e+000	9.990646e-001
2.005141410538408e-003	9.990708e+000	9.990708e-001
2.005453592255141e-003	9.990738e+000	9.990738e-001
2.006042715159642e-003	9.990749e+000	9.990750e-001
2.007042715159642e-003	9.990768e+000	9.990768e-001
2.008022250154067e-003	9.990786e+000	9.990785e-001
2.009022250154067e-003	9.990804e+000	9.990803e-001
2.010022250154067e-003	9.990821e+000	9.990821e-001
2.011022250154067e-003	9.990839e+000	9.990839e-001
2.012022250154067e-003	9.990856e+000	9.990857e-001
2.013022250154067e-003	9.990874e+000	9.990875e-001
2.014022250154067e-003	9.990892e+000	9.990892e-001
2.015022250154067e-003	9.990910e+000	9.990910e-001
2.016022250154067e-003	9.990928e+000	9.990928e-001
2.017022250154067e-003	9.990946e+000	9.990945e-001
2.018022250154067e-003	9.990963e+000	9.990963e-001
2.019022250154067e-003	9.990980e+000	9.990981e-001
2.020022250154067e-003	9.990998e+000	9.990998e-001
2.021022250154067e-003	9.991015e+000	9.991015e-001
2.022022250154067e-003	9.991033e+000	9.991033e-001
2.023022250154067e-003	9.991050e+000	9.991050e-001
2.024022250154067e-003	9.991068e+000	9.991068e-001
2.025022250154067e-003	9.991085e+000	9.991085e-001
2.026022250154067e-003	9.991102e+000	9.991102e-001
2.027022250154067e-003	9.991119e+000	9.991119e-001
2.028022250154067e-003	9.991137e+000	9.991136e-001
2.029022250154067e-003	9.991153e+000	9.991153e-001
2.030022250154067e-003	9.991170e+000	9.991170e-001
2.031022250154067e-003	9.991186e+000	9.991187e-001
2.032022250154067e-003	9.991203e+000	9.991204e-001
2.033022250154067e-003	9.991220e+000	9.991220e-001
2.034022250154067e-003	9.991238e+000	9.991237e-001
2.035022250154067e-003	9.991253e+000	9.991254e-001
2.036022250154067e-003	9.991270e+000	9.991270e-001
2.037022250154067e-003	9.991286e+000	9.991286e-001
2.038022250154067e-003	9.991302e+000	9.991303e-001
2.039022250154066e-003	9.991320e+000	9.991319e-001
2.040022250154067e-003	9.991335e+000	9.991335e-001
2.041022250154067e-003	9.991351e+000	9.991351e-001
2.042022250154067e-003	9.991367e+000	9.991367e-001
2.043022250154067e-003	9.991384e+000	9.991384e-001
2.044022250154067e-003	9.991400e+000	9.991400e-001
2.045022250154067e-003	9.991415e+000	9.991415e-001
2.046022250154067e-003	9.991431e+000	9.991431e-001
2.047022250154067e-003	9.991446e+000	9.991447e-001
2.048022250154067e-003	9.991463e+000	9.991462e-001
2.049022250154067e-003	9.991478e+000	9.991478e-001
2.050022250154067e-003	9.991493e+000	9.991493e-001
2.051022250154067e-003	9.991508e+000	9.991509e-001
2.052022250154067e-003	9.991524e+000	9.991524e-001
2.053022250154067e-003	9.991539e+000	9.991539e-001
2.054022250154067e-003	9.991554e+000	9.991555e-001
2.055022250154067e-003	9.991570e+000	9.991570e-001
2.056022250154067e-003	9.991585e+000	9.991585e-001
2.057022250154067e-003	9.991600e+000	9.991600e-001
2.058022250154067e-003	9.991615e+000	9.991615e-001
2.059022250154067e-003	9.991630e+000	9.991629e-001
2.060022250154067e-003	9.991645e+000	9.991645e-001
2.061022250154067e-003	9.991659e+000	9.991659e-001
2.062022250154067e-003	9.991673e+000	9.991674e-001
2.063022250154067e-003	9.991688e+000	9.991688e-001
2.064022250154067e-003	9.991703e+000	9.991703e-001
2.065022250154067e-003	9.991716e+000	9.991717e-001
2.066022250154067e-003	9.991732e+000	9.991732e-001
2.067022250154067e-003	9.991745e+000	9.991746e-001
2.068022250154067e-003	9.991760e+000	9.991760e-001
2.069022250154067e-003	9.991774e+000	9.991774e-001
2.070022250154067e-003	9.991788e+000	9.991788e-001
2.071022250154067e-003	9.991802e+000	9.991802e-001
2.072022250154067e-003	9.991816e+000	9.991816e-001
2.073022250154067e-003	9.991830e+000	9.991829e-001
2.074022250154067e-003	9.991844e+000	9.991844e-001
2.075022250154066e-003	9.991858e+000	9.991857e-001
2.076022250154067e-003	9.991871e+000	9.991871e-001
2.077022250154067e-003	9.991884e+000	9.991884e-001
2.078022250154067e-003	9.991898e+000	9.991898e-001
2.079022250154067e-003	9.991911e+000	9.991911e-001
2.080022250154067e-003	9.991924e+000	9.991925e-001
2.081022250154067e-003	9.991938e+000	9.991938e-001
2.082022250154067e-003	9.991951e+000	9.991952e-001
2.083022250154067e-003	9.991964e+000	9.991965e-001
2.084022250154067e-003	9.991978e+000	9.991978e-001
2.085022250154067e-003	9.991991e+000	9.991990e-001
2.086022250154067e-003	9.992004e+000	9.992003e-001
2.087022250154067e-003	9.992017e+000	9.992017e-001
2.088022250154066e-003	9.992030e+000	9.992030e-001
2.089022250154067e-003	9.992043e+000	9.992042e-001
2.090022250154067e-003	9.992055e+000	9.992055e-001
2.091022250154067e-003	9.992067e+000	9.992068e-001
2.092022250154067e-003	9.992081e+000	9.992080e-001
2.094022250154067e-003	9.992105e+000	9.992105e-001
2.095022250154067e-003	9.992118e+000	9.992118e-001
2.096022250154067e-003	9.992130e+000	9.992130e-001
2.097022250154067e-003	9.992143e+000	9.992142e-001
2.098022250154067e-003	9.992155e+000	9.992155e-001
2.099022250154067e-003	9.992167e+000	9.992167e-001
2.100022250154067e-003	9.992179e+000	9.992179e-001
2.101022250154067e-003	9.992191e+000	9.992191e-001
2.102022250154067e-003	9.992203e+000	9.992203e-001
2.103022250154067e-003	9.992215e+000	9.992215e-001
2.104022250154067e-003	9.992228e+000	9.992227e-001
2.105022250154067e-003	9.992239e+000	9.992238e-001
2.106022250154067e-003	9.992250e+000	9.992250e-001
2.107022250154067e-003	9.992262e+000	9.992262e-001
2.108022250154067e-003	9.992273e+000	9.992274e-001
2.109022250154067e-003	9.992285e+000	9.992285e-001
2.110022250154067e-003	9.992296e+000	9.992297e-001
2.111022250154067e-003	9.992308e+000	9.992309e-001
2.112022250154067e-003	9.992319e+000	9.992319e-001
2.113022250154067e-003	9.992331e+000	9.992331e-001
2.114022250154067e-003	9.992342e+000	9.992342e-001
2.115022250154067e-003	9.992353e+000	9.992354e-001
2.116022250154067e-003	9.992365e+000	9.992365e-001
2.117022250154067e-003	9.992375e+000	9.992376e-001
2.118022250154067e-003	9.992387e+000	9.992387e-001
2.119022250154067e-003	9.992397e+000	9.992398e-001
2.120022250154067e-003	9.992409e+000	9.992409e-001
2.121022250154067e-003	9.992420e+000	9.992419e-001
2.122022250154067e-003	9.992431e+000	9.992431e-001
2.123022250154067e-003	9.992441e+000	9.992442e-001
2.124022250154066e-003	9.992453e+000	9.992452e-001
2.125022250154067e-003	9.992462e+000	9.992463e-001
2.126022250154067e-003	9.992474e+000	9.992474e-001
2.127022250154067e-003	9.992484e+000	9.992484e-001
2.128022250154067e-003	9.992495e+000	9.992495e-001
2.129022250154067e-003	9.992505e+000	9.992505e-001
2.130022250154067e-003	9.992516e+000	9.992515e-001
2.131022250154067e-003	9.992525e+000	9.992526e-001
2.132022250154067e-003	9.992537e+000	9.992536e-001
2.133022250154067e-003	9.992546e+000	9.992546e-001
2.134022250154067e-003	9.992557e+000	9.992557e-001
2.135022250154067e-003	9.992567e+000	9.992567e-001
2.136022250154067e-003	9.992577e+000	9.992577e-001
2.137022250154066e-003	9.992587e+000	9.992587e-001
2.138022250154067e-003	9.992597e+000	9.992597e-001
2.139022250154067e-003	9.992607e+000	9.992607e-001
2.140022250154067e-003	9.992617e+000	9.992617e-001
2.141022250154067e-003	9.992626e+000	9.992626e-001
2.142022250154067e-003	9.992637e+000	9.992636e-001
2.143022250154067e-003	9.992646e+000	9.992646e-001
2.144022250154067e-003	9.992656e+000	9.992656e-001
2.145022250154067e-003	9.992665e+000	9.992665e-001
2.146022250154067e-003	9.992676e+000	9.992675e-001
2.147022250154067e-003	9.992685e+000	9.992684e-001
2.148022250154067e-003	9.992695e+000	9.992694e-001
2.149022250154067e-003	9.992703e+000	9.992703e-001
2.150022250154067e-003	9.992713e+000	9.992713e-001
2.151022250154067e-003	9.992722e+000	9.992722e-001
2.152022250154067e-003	9.992731e+000	9.992732e-001
2.153022250154067e-003	9.992741e+000	9.992741e-001
2.155022250154067e-003	9.992759e+000	9.992759e-001
2.156022250154067e-003	9.992768e+000	9.992769e-001
2.157022250154067e-003	9.992777e+000	9.992777e-001
2.158022250154067e-003	9.992786e+000	9.992787e-001
2.159022250154067e-003	9.992795e+000	9.992795e-001
2.160022250154067e-003	9.992805e+000	9.992805e-001
2.161022250154067e-003	9.992813e+000	9.992813e-001
2.162022250154067e-003	9.992823e+000	9.992822e-001
2.163022250154067e-003	9.992830e+000	9.992831e-001
2.164022250154067e-003	9.992840e+000	9.992840e-001
2.165022250154067e-003	9.992848e+000	9.992848e-001
2.167022250154067e-003	9.992866e+000	9.992865e-001
2.168022250154067e-003	9.992874e+000	9.992874e-001
2.169022250154067e-003	9.992883e+000	9.992883e-001
2.170022250154067e-003	9.992891e+000	9.992892e-001
2.171022250154067e-003	9.992899e+000	9.992900e-001
2.172022250154067e-003	9.992908e+000	9.992908e-001
2.173022250154066e-003	9.992916e+000	9.992917e-001
2.174022250154067e-003	9.992925e+000	9.992925e-001
2.175022250154067e-003	9.992933e+000	9.992933e-001
2.176022250154067e-003	9.992941e+000	9.992942e-001
2.177022250154067e-003	9.992949e+000	9.992949e-001
2.179022250154067e-003	9.992966e+000	9.992965e-001
2.180022250154067e-003	9.992973e+000	9.992974e-001
2.181022250154067e-003	9.992981e+000	9.992982e-001
2.182022250154067e-003	9.992990e+000	9.992989e-001
2.183022250154067e-003	9.992997e+000	9.992998e-001
2.184022250154067e-003	9.993006e+000	9.993005e-001
2.185022250154067e-003	9.993013e+000	9.993013e-001
2.186022250154066e-003	9.993021e+000	9.993021e-001
2.187022250154067e-003	9.993029e+000	9.993029e-001
2.188022250154067e-003	9.993036e+000	9.993037e-001
2.189022250154067e-003	9.993044e+000	9.993044e-001
2.191022250154067e-003	9.993059e+000	9.993060e-001
2.192022250154067e-003	9.993067e+000	9.993067e-001
2.193022250154067e-003	9.993074e+000	9.993075e-001
2.194022250154067e-003	9.993082e+000	9.993082e-001
2.195022250154067e-003	9.993090e+000	9.993089e-001
2.196022250154067e-003	9.993097e+000	9.993097e-001
2.197022250154067e-003	9.993104e+000	9.993104e-001
2.198022250154067e-003	9.993112e+000	9.993112e-001
2.199022250154067e-003	9.993118e+000	9.993119e-001
2.200022250154067e-003	9.993126e+000	9.993126e-001
2.201022250154067e-003	9.993134e+000	9.993134e-001
2.202022250154067e-003	9.993141e+000	9.993141e-001
2.203022250154067e-003	9.993148e+000	9.993148e-001
2.204022250154067e-003	9.993155e+000	9.993155e-001
2.205022250154067e-003	9.993162e+000	9.993162e-001
2.206022250154067e-003	9.993169e+000	9.993169e-001
2.207022250154067e-003	9.993176e+000	9.993176e-001
2.208022250154067e-003	9.993183e+000	9.993183e-001
2.209022250154067e-003	9.993190e+000	9.993190e-001
2.210022250154067e-003	9.993196e+000	9.993197e-001
2.211022250154067e-003	9.993204e+000	9.993203e-001
2.212022250154067e-003	9.993210e+000	9.993210e-001
2.213022250154067e-003	9.993217e+000	9.993217e-001
2.214022250154067e-003	9.993223e+000	9.993224e-001
2.215022250154067e-003	9.993231e+000	9.993230e-001
2.216022250154067e-003	9.993237e+000	9.993237e-001
2.217022250154067e-003	9.993244e+000	9.993244e-001
2.218022250154067e-003	9.993250e+000	9.993250e-001
2.219022250154067e-003	9.993258e+000	9.993258e-001
2.220022250154067e-003	9.993263e+000	9.993263e-001
2.221022250154067e-003	9.993270e+000	9.993270e-001
2.222022250154066e-003	9.993277e+000	9.993277e-001
2.223022250154067e-003	9.993282e+000	9.993283e-001
2.224022250154067e-003	9.993290e+000	9.993290e-001
2.225022250154067e-003	9.993296e+000	9.993296e-001
2.226022250154067e-003	9.993302e+000	9.993302e-001
2.228022250154067e-003	9.993315e+000	9.993315e-001
2.229022250154067e-003	9.993320e+000	9.993321e-001
2.230022250154067e-003	9.993327e+000	9.993327e-001
2.231022250154067e-003	9.993333e+000	9.993333e-001
2.232022250154067e-003	9.993340e+000	9.993340e-001
2.233022250154067e-003	9.993345e+000	9.993346e-001
2.234022250154067e-003	9.993352e+000	9.993352e-001
2.235022250154066e-003	9.993358e+000	9.993358e-001
2.236022250154067e-003	9.993364e+000	9.993364e-001
2.237022250154067e-003	9.993370e+000	9.993370e-001
2.238022250154067e-003	9.993376e+000	9.993376e-001
2.240022250154067e-003	9.993387e+000	9.993387e-001
2.241022250154067e-003	9.993393e+000	9.993393e-001
2.242022250154067e-003	9.993399e+000	9.993399e-001
2.243022250154067e-003	9.993404e+000	9.993405e-001
2.244022250154067e-003	9.993410e+000	9.993411e-001
2.245022250154067e-003	9.993416e+000	9.993416e-001
2.246022250154067e-003	9.993422e+000	9.993422e-001
2.247022250154067e-003	9.993427e+000	9.993428e-001
2.248022250154067e-003	9.993433e+000	9.993433e-001
2.249022250154067e-003	9.993439e+000	9.993439e-001
2.250022250154067e-003	9.993444e+000	9.993445e-001
2.252022250154067e-003	9.993456e+000	9.993455e-001
2.253022250154067e-003	9.993462e+000	9.993461e-001
2.254022250154067e-003	9.993467e+000	9.993467e-001
2.255022250154067e-003	9.993472e+000	9.993472e-001
2.256022250154067e-003	9.993478e+000	9.993478e-001
2.257022250154067e-003	9.993483e+000	9.993483e-001
2.258022250154067e-003	9.993488e+000	9.993489e-001
2.259022250154067e-003	9.993494e+000	9.993494e-001
2.260022250154067e-003	9.993499e+000	9.993499e-001
2.261022250154067e-003	9.993505e+000	9.993504e-001
2.262022250154067e-003	9.993509e+000	9.993509e-001
2.264022250154067e-003	9.993520e+000	9.993520e-001
2.265022250154067e-003	9.993525e+000	9.993525e-001
2.266022250154067e-003	9.993530e+000	9.993531e-001
2.267022250154067e-003	9.993535e+000	9.993535e-001
2.268022250154067e-003	9.993540e+000	9.993541e-001
2.269022250154067e-003	9.993546e+000	9.993545e-001
2.270022250154067e-003	9.993550e+000	9.993551e-001
2.271022250154066e-003	9.993555e+000	9.993556e-001
2.272022250154067e-003	9.993561e+000	9.993560e-001
2.273022250154067e-003	9.993565e+000	9.993565e-001
2.274022250154067e-003	9.993570e+000	9.993570e-001
2.277022250154067e-003	9.993586e+000	9.993585e-001
2.278022250154067e-003	9.993589e+000	9.993590e-001
2.279022250154067e-003	9.993595e+000	9.993595e-001
2.280022250154067e-003	9.993599e+000	9.993600e-001
2.281022250154067e-003	9.993605e+000	9.993604e-001
2.282022250154067e-003	9.993608e+000	9.993609e-001
2.283022250154067e-003	9.993613e+000	9.993613e-001
2.284022250154066e-003	9.993618e+000	9.993618e-001
2.285022250154067e-003	9.993622e+000	9.993622e-001
2.286022250154067e-003	9.993628e+000	9.993627e-001
2.289022250154067e-003	9.993641e+000	9.993641e-001
2.290022250154067e-003	9.993646e+000	9.993646e-001
2.291022250154067e-003	9.993650e+000	9.993650e-001
2.292022250154067e-003	9.993654e+000	9.993654e-001
2.293022250154067e-003	9.993659e+000	9.993659e-001
2.294022250154067e-003	9.993664e+000	9.993663e-001
2.295022250154067e-003	9.993668e+000	9.993668e-001
2.296022250154067e-003	9.993672e+000	9.993672e-001
2.297022250154067e-003	9.993676e+000	9.993677e-001
2.298022250154067e-003	9.993681e+000	9.993681e-001
2.301022250154067e-003	9.993693e+000	9.993694e-001
2.302022250154067e-003	9.993698e+000	9.993697e-001
2.303022250154067e-003	9.993702e+000	9.993702e-001
2.304022250154067e-003	9.993707e+000	9.993706e-001
2.305022250154067e-003	9.993711e+000	9.993711e-001
2.306022250154067e-003	9.993715e+000	9.993714e-001
2.307022250154067e-003	9.993719e+000	9.993719e-001
2.308022250154067e-003	9.993723e+000	9.993722e-001
2.309022250154067e-003	9.993727e+000	9.993727e-001
2.311022250154067e-003	9.993734e+000	9.993735e-001
2.314022250154067e-003	9.993748e+000	9.993747e-001
2.315022250154067e-003	9.993752e+000	9.993751e-001
2.316022250154067e-003	9.993755e+000	9.993755e-001
2.317022250154067e-003	9.993759e+000	9.993759e-001
2.318022250154067e-003	9.993763e+000	9.993763e-001
2.319022250154067e-003	9.993767e+000	9.993767e-001
2.320022250154066e-003	9.993771e+000	9.993771e-001
2.321022250154067e-003	9.993774e+000	9.993774e-001
2.323022250154067e-003	9.993782e+000	9.993782e-001
2.326022250154067e-003	9.993793e+000	9.993793e-001
2.327022250154067e-003	9.993797e+000	9.993797e-001
2.328022250154067e-003	9.993801e+000	9.993801e-001
2.329022250154067e-003	9.993805e+000	9.993805e-001
2.330022250154067e-003	9.993808e+000	9.993808e-001
2.331022250154067e-003	9.993812e+000	9.993812e-001
2.332022250154067e-003	9.993814e+000	9.993815e-001
2.333022250154066e-003	9.993818e+000	9.993819e-001
2.335022250154067e-003	9.993826e+000	9.993826e-001
2.338022250154067e-003	9.993836e+000	9.993837e-001
2.340022250154067e-003	9.993843e+000	9.993843e-001
2.341022250154067e-003	9.993847e+000	9.993846e-001
2.342022250154067e-003	9.993851e+000	9.993850e-001
2.343022250154067e-003	9.993854e+000	9.993854e-001
2.344022250154067e-003	9.993857e+000	9.993857e-001
2.346022250154066e-003	9.993864e+000	9.993864e-001
2.346879393011209e-003	9.993867e+000	9.993867e-001
2.347736535868352e-003	9.993870e+000	9.993870e-001
2.348593678725495e-003	9.993872e+000	9.993872e-001
2.349450821582638e-003	9.993875e+000	9.993875e-001
2.350307964439781e-003	9.993878e+000	9.993878e-001
2.351165107296924e-003	9.993880e+000	9.993881e-001
2.352022250154067e-003	9.993883e+000	9.993883e-001
2.353022250154067e-003	9.993887e+000	9.993887e-001
2.354022250154067e-003	9.993890e+000	9.993890e-001
2.355022250154067e-003	9.993893e+000	9.993893e-001
2.357022250154067e-003	9.993899e+000	9.993899e-001
2.359022250154067e-003	9.993906e+000	9.993906e-001
2.359879393011210e-003	9.993908e+000	9.993909e-001
2.360736535868353e-003	9.993911e+000	9.993911e-001
2.361593678725496e-003	9.993913e+000	9.993914e-001
2.362450821582638e-003	9.993916e+000	9.993916e-001
2.363307964439781e-003	9.993919e+000	9.993919e-001
2.364165107296924e-003	9.993921e+000	9.993921e-001
2.365022250154067e-003	9.993924e+000	9.993924e-001
2.367022250154067e-003	9.993931e+000	9.993930e-001
2.369022250154066e-003	9.993937e+000	9.993936e-001
2.372022250154067e-003	9.993944e+000	9.993945e-001
2.375022250154067e-003	9.993954e+000	9.993954e-001
2.377022250154067e-003	9.993959e+000	9.993960e-001
2.379022250154067e-003	9.993965e+000	9.993965e-001
2.381022250154067e-003	9.993971e+000	9.993970e-001
2.384022250154067e-003	9.993979e+000	9.993979e-001
2.385165107296924e-003	9.993982e+000	9.993982e-001
2.386307964439781e-003	9.993985e+000	9.993985e-001
2.387450821582638e-003	9.993988e+000	9.993988e-001
2.388593678725495e-003	9.993991e+000	9.993991e-001
2.389736535868352e-003	9.993994e+000	9.993994e-001
2.390879393011209e-003	9.993997e+000	9.993997e-001
2.392022250154067e-003	9.993999e+000	9.994000e-001
2.395022250154066e-003	9.994007e+000	9.994008e-001
2.396165107296924e-003	9.994010e+000	9.994011e-001
2.397307964439781e-003	9.994013e+000	9.994014e-001
2.398450821582638e-003	9.994016e+000	9.994017e-001
2.399593678725495e-003	9.994019e+000	9.994019e-001
2.400736535868352e-003	9.994022e+000	9.994022e-001
2.401879393011210e-003	9.994025e+000	9.994025e-001
2.403022250154067e-003	9.994028e+000	9.994028e-001
2.406022250154067e-003	9.994036e+000	9.994035e-001
2.407165107296924e-003	9.994039e+000	9.994037e-001
2.408307964439781e-003	9.994041e+000	9.994040e-001
2.409450821582638e-003	9.994044e+000	9.994043e-001
2.410593678725495e-003	9.994047e+000	9.994046e-001
2.411736535868353e-003	9.994049e+000	9.994048e-001
2.412879393011210e-003	9.994051e+000	9.994051e-001
2.414022250154067e-003	9.994054e+000	9.994054e-001
2.417022250154067e-003	9.994061e+000	9.994061e-001
2.418165107296924e-003	9.994063e+000	9.994064e-001
2.419307964439781e-003	9.994066e+000	9.994067e-001
2.420450821582638e-003	9.994069e+000	9.994069e-001
2.421593678725495e-003	9.994071e+000	9.994072e-001
2.422736535868352e-003	9.994074e+000	9.994074e-001
2.423879393011209e-003	9.994077e+000	9.994077e-001
2.425022250154067e-003	9.994080e+000	9.994079e-001
2.428022250154067e-003	9.994085e+000	9.994085e-001
2.431022250154066e-003	9.994092e+000	9.994092e-001
2.432450821582638e-003	9.994095e+000	9.994095e-001
2.433879393011209e-003	9.994098e+000	9.994098e-001
2.435307964439781e-003	9.994101e+000	9.994101e-001
2.436736535868352e-003	9.994104e+000	9.994104e-001
2.438165107296924e-003	9.994107e+000	9.994106e-001
2.439593678725495e-003	9.994109e+000	9.994109e-001
2.441022250154067e-003	9.994112e+000	9.994112e-001
2.442307964439781e-003	9.994114e+000	9.994115e-001
2.443593678725495e-003	9.994117e+000	9.994117e-001
2.444879393011210e-003	9.994119e+000	9.994120e-001
2.446165107296924e-003	9.994122e+000	9.994122e-001
2.447450821582638e-003	9.994124e+000	9.994125e-001
2.448736535868352e-003	9.994127e+000	9.994128e-001
2.450022250154067e-003	9.994129e+000	9.994130e-001
2.451450821582638e-003	9.994132e+000	9.994133e-001
2.452879393011210e-003	9.994135e+000	9.994136e-001
2.454307964439781e-003	9.994137e+000	9.994138e-001
2.455736535868352e-003	9.994140e+000	9.994141e-001
2.457165107296924e-003	9.994143e+000	9.994144e-001
2.458593678725495e-003	9.994146e+000	9.994146e-001
2.460022250154067e-003	9.994148e+000	9.994149e-001
2.461736535868353e-003	9.994152e+000	9.994152e-001
2.463450821582638e-003	9.994155e+000	9.994155e-001
2.465165107296924e-003	9.994158e+000	9.994158e-001
2.466879393011210e-003	9.994161e+000	9.994161e-001
2.468593678725495e-003	9.994164e+000	9.994164e-001
2.470307964439781e-003	9.994167e+000	9.994167e-001
2.472022250154067e-003	9.994169e+000	9.994169e-001
2.473879393011210e-003	9.994173e+000	9.994173e-001
2.475736535868352e-003	9.994176e+000	9.994176e-001
2.477593678725495e-003	9.994179e+000	9.994179e-001
2.479450821582638e-003	9.994182e+000	9.994182e-001
2.481307964439781e-003	9.994185e+000	9.994185e-001
2.483165107296924e-003	9.994188e+000	9.994188e-001
2.485022250154067e-003	9.994191e+000	9.994191e-001
2.486879393011210e-003	9.994194e+000	9.994194e-001
2.488736535868352e-003	9.994197e+000	9.994197e-001
2.490593678725495e-003	9.994199e+000	9.994200e-001
2.492450821582638e-003	9.994202e+000	9.994202e-001
2.494307964439781e-003	9.994205e+000	9.994205e-001
2.496165107296924e-003	9.994208e+000	9.994208e-001
2.498022250154067e-003	9.994210e+000	9.994211e-001
2.499879393011210e-003	9.994213e+000	9.994213e-001
2.501736535868352e-003	9.994216e+000	9.994216e-001
2.503593678725495e-003	9.994218e+000	9.994219e-001
2.505450821582638e-003	9.994221e+000	9.994221e-001
2.507307964439781e-003	9.994224e+000	9.994224e-001
2.509165107296924e-003	9.994227e+000	9.994227e-001
2.511022250154067e-003	9.994229e+000	9.994229e-001
2.513165107296924e-003	9.994232e+000	9.994232e-001
2.515307964439781e-003	9.994235e+000	9.994235e-001
2.517450821582638e-003	9.994237e+000	9.994238e-001
2.519593678725495e-003	9.994240e+000	9.994241e-001
2.521736535868352e-003	9.994243e+000	9.994244e-001
2.523879393011209e-003	9.994246e+000	9.994246e-001
2.526022250154067e-003	9.994249e+000	9.994249e-001
2.529307964439781e-003	9.994253e+000	9.994253e-001
2.532593678725495e-003	9.994257e+000	9.994257e-001
2.535879393011210e-003	9.994261e+000	9.994261e-001
2.539165107296923e-003	9.994265e+000	9.994265e-001
2.542450821582638e-003	9.994268e+000	9.994269e-001
2.545736535868352e-003	9.994272e+000	9.994272e-001
2.549022250154067e-003	9.994276e+000	9.994276e-001
2.552736535868352e-003	9.994280e+000	9.994280e-001
2.556450821582638e-003	9.994284e+000	9.994284e-001
2.560165107296924e-003	9.994288e+000	9.994289e-001
2.563879393011209e-003	9.994292e+000	9.994292e-001
2.567593678725495e-003	9.994296e+000	9.994296e-001
2.571307964439781e-003	9.994299e+000	9.994300e-001
2.575022250154067e-003	9.994303e+000	9.994304e-001
2.578879393011209e-003	9.994307e+000	9.994307e-001
2.582736535868352e-003	9.994311e+000	9.994311e-001
2.586593678725495e-003	9.994314e+000	9.994314e-001
2.590450821582638e-003	9.994318e+000	9.994318e-001
2.594307964439781e-003	9.994321e+000	9.994321e-001
2.598165107296924e-003	9.994324e+000	9.994324e-001
2.602022250154067e-003	9.994328e+000	9.994327e-001
2.619165107296924e-003	9.994341e+000	9.994341e-001
2.636307964439781e-003	9.994354e+000	9.994353e-001
2.653450821582638e-003	9.994365e+000	9.994365e-001
2.670593678725495e-003	9.994376e+000	9.994375e-001
2.687736535868352e-003	9.994385e+000	9.994385e-001
2.704879393011209e-003	9.994394e+000	9.994393e-001
2.722022250154067e-003	9.994401e+000	9.994401e-001
2.739450821582638e-003	9.994408e+000	9.994408e-001
2.756879393011209e-003	9.994415e+000	9.994414e-001
2.774307964439781e-003	9.994421e+000	9.994421e-001
2.791736535868352e-003	9.994427e+000	9.994426e-001
2.809165107296924e-003	9.994432e+000	9.994431e-001
2.826593678725495e-003	9.994436e+000	9.994436e-001
2.844022250154067e-003	9.994440e+000	9.994439e-001
2.851165107296924e-003	9.994441e+000	9.994441e-001
2.858307964439781e-003	9.994443e+000	9.994443e-001
2.865450821582638e-003	9.994444e+000	9.994444e-001
2.872593678725495e-003	9.994446e+000	9.994446e-001
2.879736535868352e-003	9.994447e+000	9.994447e-001
2.886879393011210e-003	9.994448e+000	9.994448e-001
2.894022250154067e-003	9.994450e+000	9.994449e-001
2.895022250154066e-003	9.994450e+000	9.994450e-001
2.913450821582638e-003	9.994452e+000	9.994452e-001
2.931879393011209e-003	9.994455e+000	9.994455e-001
2.950307964439781e-003	9.994457e+000	9.994457e-001
2.968736535868352e-003	9.994459e+000	9.994460e-001
2.987165107296924e-003	9.994461e+000	9.994462e-001
3.005593678725495e-003	9.994463e+000	9.994463e-001
3.024022250154067e-003	9.994465e+000	9.994465e-001
3.044165107296924e-003	9.994466e+000	9.994467e-001
3.064307964439781e-003	9.994468e+000	9.994468e-001
3.084450821582638e-003	9.994469e+000	9.994469e-001
3.104593678725495e-003	9.994470e+000	9.994470e-001
3.124736535868353e-003	9.994471e+000	9.994471e-001
3.144879393011210e-003	9.994472e+000	9.994472e-001
3.165022250154067e-003	9.994473e+000	9.994473e-001
3.188450821582638e-003	9.994473e+000	9.994474e-001
3.211879393011210e-003	9.994474e+000	9.994475e-001
3.235307964439781e-003	9.994475e+000	9.994476e-001
3.258736535868353e-003	9.994476e+000	9.994476e-001
3.282165107296924e-003	9.994476e+000	9.994477e-001
3.305593678725495e-003	9.994477e+000	9.994477e-001
3.329022250154067e-003	9.994477e+000	9.994477e-001
3.359593678725495e-003	9.994478e+000	9.994477e-001
3.390165107296924e-003	9.994478e+000	9.994478e-001
3.420736535868353e-003	9.994478e+000	9.994478e-001
3.451307964439781e-003	9.994478e+000	9.994478e-001
3.481879393011210e-003	9.994479e+000	9.994479e-001
3.512450821582638e-003	9.994479e+000	9.994479e-001
3.543022250154067e-003	9.994479e+000	9.994479e-001
3.589593678725495e-003	9.994480e+000	9.994479e-001
3.636165107296924e-003	9.994480e+000	9.994479e-001
3.682736535868352e-003	9.994480e+000	9.994479e-001
3.729307964439781e-003	9.994480e+000	9.994479e-001
3.775879393011209e-003	9.994480e+000	9.994479e-001
3.822450821582638e-003	9.994480e+000	9.994479e-001
3.869022250154067e-003	9.994480e+000	9.994479e-001
3.919022250154066e-003	9.994480e+000	9.994479e-001
3.999022250154066e-003	9.994480e+000	9.994480e-001
4.000000000000000e-003	1.041432e+001	5.007270e-001
4.000001959912005e-003	1.057893e+001	3.331515e-001
4.000005879736014e-003	1.094711e+001	1.105658e-009
4.000006387312884e-003	1.093760e+001	1.104698e-009
4.000006592671480e-003	1.093380e+001	1.104314e-009
4.000006824503396e-003	1.093663e+001	1.104600e-009
4.000007073805243e-003	1.093709e+001	1.104646e-009
4.000007302009620e-003	1.093714e+001	1.104651e-009
4.000007613626682e-003	1.093708e+001	1.104645e-009
4.000007934540042e-003	1.093698e+001	1.104635e-009
4.000008338728256e-003	1.093682e+001	1.104619e-009
4.000008835783807e-003	1.093659e+001	1.104596e-009
4.000009425393054e-003	1.093630e+001	1.104567e-009
4.000010167237241e-003	1.093594e+001	1.104530e-009
4.000011063687849e-003	1.093551e+001	1.104486e-009
4.000012014064560e-003	1.093506e+001	1.104441e-009
4.000013165006013e-003	1.093454e+001	1.104389e-009
4.000014392754939e-003	1.093401e+001	1.104335e-009
4.000015698774428e-003	1.093344e+001	1.104278e-009
4.000017827405801e-003	1.093254e+001	1.104186e-009
4.000019595159133e-003	1.093181e+001	1.104112e-009
4.000021369398178e-003	1.093109e+001	1.104040e-009
4.000023287197764e-003	1.093034e+001	1.103964e-009
4.000025437209915e-003	1.092952e+001	1.103882e-009
4.000027867594777e-003	1.092862e+001	1.103790e-009
4.000030810614440e-003	1.092754e+001	1.103682e-009
4.000034901344045e-003	1.092607e+001	1.103533e-009
4.000038399457096e-003	1.092482e+001	1.103407e-009
4.000042310108629e-003	1.092345e+001	1.103268e-009
4.000047003907745e-003	1.092182e+001	1.103104e-009
4.000052594354315e-003	1.091990e+001	1.102910e-009
4.000062267997794e-003	1.091661e+001	1.102578e-009
4.000075270000150e-003	1.091225e+001	1.102137e-009
4.000087732793792e-003	1.090811e+001	1.101719e-009
4.000102206363419e-003	1.090336e+001	1.101240e-009
4.000117408226131e-003	1.089846e+001	1.100744e-009
4.000134335970063e-003	1.089338e+001	1.100232e-009
4.000154841525144e-003	1.088848e+001	1.099736e-009
4.000167958332032e-003	1.088648e+001	1.099535e-009
4.000179950114148e-003	1.088516e+001	1.099401e-009
4.000192156856289e-003	1.088348e+001	1.099232e-009
4.000205332556423e-003	1.088110e+001	1.098992e-009
4.000218935131494e-003	1.087812e+001	1.098690e-009
4.000234130856056e-003	1.087431e+001	1.098305e-009
4.000250893426739e-003	1.086974e+001	1.097843e-009
4.000268412253628e-003	1.086471e+001	1.097336e-009
4.000284208585769e-003	1.086005e+001	1.096865e-009
4.000301220483438e-003	1.085497e+001	1.096352e-009
4.000318027883166e-003	1.084993e+001	1.095843e-009
4.000337004549573e-003	1.084426e+001	1.095270e-009
4.000357806896482e-003	1.083808e+001	1.094646e-009
4.000386854779312e-003	1.082955e+001	1.093785e-009
4.000406780357232e-003	1.082377e+001	1.093200e-009
4.000427768469389e-003	1.081775e+001	1.092593e-009
4.000452966373716e-003	1.081063e+001	1.091874e-009
4.000480718353103e-003	1.080291e+001	1.091094e-009
4.000517692339872e-003	1.079284e+001	1.090077e-009
4.000576993740546e-003	1.077710e+001	1.088487e-009
4.000636672438307e-003	1.076175e+001	1.086937e-009
4.000700215109228e-003	1.074600e+001	1.085346e-009
4.000786818828447e-003	1.072554e+001	1.083279e-009
4.000935787373696e-003	1.069237e+001	1.079929e-009
4.001089718942493e-003	1.066095e+001	1.076756e-009
4.001397582080089e-003	1.060572e+001	1.071178e-009
4.001886773450274e-003	1.053135e+001	1.063666e-009
4.002420133632580e-003	1.046546e+001	1.057011e-009
4.003036298822693e-003	1.040567e+001	1.050973e-009
4.003743802109619e-003	1.035379e+001	1.045733e-009
4.004743802109619e-003	1.030069e+001	1.040369e-009
4.005654962131458e-003	1.026669e+001	1.036935e-009
4.006462824326533e-003	1.024586e+001	1.034832e-009
4.007339154620772e-003	1.022967e+001	1.033197e-009
4.007989605710542e-003	1.022126e+001	1.032347e-009
4.008447293835554e-003	1.021699e+001	1.031916e-009
4.008793650104993e-003	1.021440e+001	1.031654e-009
4.009158244267168e-003	1.021215e+001	1.031427e-009
4.009491658635282e-003	1.021040e+001	1.031250e-009
4.009818423788502e-003	1.020894e+001	1.031103e-009
4.010113332560221e-003	1.020781e+001	1.030989e-009
4.010441897727952e-003	1.020673e+001	1.030880e-009
4.010772651620809e-003	1.020580e+001	1.030786e-009
4.011114604289679e-003	1.020498e+001	1.030703e-009
4.011498226385165e-003	1.020420e+001	1.030624e-009
4.011933670751778e-003	1.020346e+001	1.030549e-009
4.012414844911856e-003	1.020279e+001	1.030481e-009
4.012978423615853e-003	1.020215e+001	1.030417e-009
4.013663015605420e-003	1.020154e+001	1.030356e-009
4.014525712638842e-003	1.020095e+001	1.030296e-009
4.015525712638842e-003	1.020042e+001	1.030242e-009
4.016525712638842e-003	1.019999e+001	1.030199e-009
4.017525712638842e-003	1.019963e+001	1.030163e-009
4.018525712638842e-003	1.019932e+001	1.030131e-009
4.019525712638842e-003	1.019903e+001	1.030102e-009
4.020525712638842e-003	1.019876e+001	1.030075e-009
4.021525712638842e-003	1.019850e+001	1.030049e-009
4.022525712638842e-003	1.019825e+001	1.030024e-009
4.023525712638842e-003	1.019801e+001	1.029999e-009
4.024525712638842e-003	1.019777e+001	1.029975e-009
4.025525712638842e-003	1.019753e+001	1.029951e-009
4.026525712638842e-003	1.019730e+001	1.029927e-009
4.027525712638842e-003	1.019707e+001	1.029904e-009
4.028525712638842e-003	1.019684e+001	1.029881e-009
4.029525712638842e-003	1.019661e+001	1.029858e-009
4.030525712638842e-003	1.019639e+001	1.029835e-009
4.031525712638842e-003	1.019617e+001	1.029813e-009
4.032525712638842e-003	1.019595e+001	1.029791e-009
4.033525712638842e-003	1.019573e+001	1.029769e-009
4.034525712638842e-003	1.019551e+001	1.029747e-009
4.035525712638842e-003	1.019530e+001	1.029725e-009
4.036525712638842e-003	1.019509e+001	1.029704e-009
4.037525712638842e-003	1.019487e+001	1.029682e-009
4.038525712638842e-003	1.019466e+001	1.029661e-009
4.039525712638842e-003	1.019445e+001	1.029640e-009
4.040525712638842e-003	1.019425e+001	1.029619e-009
4.041525712638842e-003	1.019404e+001	1.029598e-009
4.042525712638842e-003	1.019383e+001	1.029577e-009
4.043525712638842e-003	1.019363e+001	1.029556e-009
4.044525712638842e-003	1.019342e+001	1.029536e-009
4.045525712638842e-003	1.019322e+001	1.029515e-009
4.046525712638842e-003	1.019302e+001	1.029495e-009
4.047525712638842e-003	1.019281e+001	1.029474e-009
4.048525712638842e-003	1.019261e+001	1.029454e-009
4.049525712638842e-003	1.019241e+001	1.029434e-009
4.050525712638842e-003	1.019221e+001	1.029414e-009
4.051525712638842e-003	1.019201e+001	1.029393e-009
4.052525712638842e-003	1.019182e+001	1.029373e-009
4.053525712638842e-003	1.019162e+001	1.029353e-009
4.054525712638842e-003	1.019142e+001	1.029334e-009
4.055525712638842e-003	1.019122e+001	1.029314e-009
4.056525712638842e-003	1.019103e+001	1.029294e-009
4.057525712638842e-003	1.019083e+001	1.029274e-009
4.058525712638842e-003	1.019064e+001	1.029254e-009
4.059525712638842e-003	1.019044e+001	1.029234e-009
4.060525712638842e-003	1.019025e+001	1.029215e-009
4.061525712638842e-003	1.019005e+001	1.029195e-009
4.062525712638842e-003	1.018986e+001	1.029176e-009
4.063525712638842e-003	1.018966e+001	1.029156e-009
4.064525712638842e-003	1.018947e+001	1.029137e-009
4.065525712638842e-003	1.018928e+001	1.029117e-009
4.066525712638842e-003	1.018909e+001	1.029098e-009
4.067525712638842e-003	1.018889e+001	1.029078e-009
4.068525712638842e-003	1.018870e+001	1.029059e-009
4.069525712638842e-003	1.018851e+001	1.029039e-009
4.070525712638842e-003	1.018832e+001	1.029020e-009
4.071525712638842e-003	1.018813e+001	1.029001e-009
4.072525712638842e-003	1.018794e+001	1.028982e-009
4.073525712638842e-003	1.018775e+001	1.028962e-009
4.074525712638842e-003	1.018755e+001	1.028943e-009
4.075525712638842e-003	1.018736e+001	1.028924e-009
4.076525712638842e-003	1.018717e+001	1.028905e-009
4.077525712638842e-003	1.018698e+001	1.028885e-009
4.078525712638842e-003	1.018679e+001	1.028866e-009
4.079525712638842e-003	1.018660e+001	1.028847e-009
4.080525712638842e-003	1.018641e+001	1.028828e-009
4.081525712638842e-003	1.018623e+001	1.028809e-009
4.082525712638842e-003	1.018604e+001	1.028790e-009
4.083525712638842e-003	1.018585e+001	1.028771e-009
4.084525712638842e-003	1.018566e+001	1.028752e-009
4.085525712638842e-003	1.018547e+001	1.028733e-009
4.086525712638842e-003	1.018528e+001	1.028714e-009
4.087525712638842e-003	1.018509e+001	1.028694e-009
4.088525712638842e-003	1.018491e+001	1.028675e-009
4.089525712638842e-003	1.018472e+001	1.028656e-009
4.090525712638842e-003	1.018453e+001	1.028638e-009
4.091525712638842e-003	1.018434e+001	1.028619e-009
4.092525712638842e-003	1.018415e+001	1.028600e-009
4.093525712638842e-003	1.018397e+001	1.028581e-009
4.094525712638842e-003	1.018378e+001	1.028562e-009
4.095525712638842e-003	1.018359e+001	1.028543e-009
4.096525712638842e-003	1.018340e+001	1.028524e-009
4.097525712638842e-003	1.018322e+001	1.028505e-009
4.098525712638842e-003	1.018303e+001	1.028486e-009
4.099525712638842e-003	1.018284e+001	1.028467e-009
4.100525712638842e-003	1.018266e+001	1.028448e-009
4.101525712638842e-003	1.018247e+001	1.028429e-009
4.102525712638842e-003	1.018228e+001	1.028411e-009
4.103525712638842e-003	1.018210e+001	1.028392e-009
4.104525712638842e-003	1.018191e+001	1.028373e-009
4.105525712638842e-003	1.018172e+001	1.028354e-009
4.106525712638842e-003	1.018154e+001	1.028335e-009
4.107525712638842e-003	1.018135e+001	1.028317e-009
4.108525712638842e-003	1.018117e+001	1.028298e-009
4.109525712638842e-003	1.018098e+001	1.028279e-009
4.110525712638842e-003	1.018079e+001	1.028260e-009
4.111525712638842e-003	1.018061e+001	1.028241e-009
4.112525712638842e-003	1.018042e+001	1.028223e-009
4.113525712638842e-003	1.018024e+001	1.028204e-009
4.114525712638842e-003	1.018005e+001	1.028185e-009
4.115525712638842e-003	1.017987e+001	1.028167e-009
4.116525712638842e-003	1.017968e+001	1.028148e-009
4.117525712638842e-003	1.017950e+001	1.028129e-009
4.118525712638842e-003	1.017931e+001	1.028110e-009
4.119525712638842e-003	1.017913e+001	1.028092e-009
4.120525712638842e-003	1.017894e+001	1.028073e-009
4.121525712638842e-003	1.017876e+001	1.028054e-009
4.122525712638842e-003	1.017857e+001	1.028036e-009
4.123525712638842e-003	1.017839e+001	1.028017e-009
4.124525712638842e-003	1.017820e+001	1.027998e-009
4.125525712638842e-003	1.017802e+001	1.027980e-009
4.126525712638842e-003	1.017783e+001	1.027961e-009
4.127525712638842e-003	1.017765e+001	1.027942e-009
4.128525712638842e-003	1.017746e+001	1.027924e-009
4.129525712638842e-003	1.017728e+001	1.027905e-009
4.130525712638842e-003	1.017710e+001	1.027887e-009
4.131525712638842e-003	1.017691e+001	1.027868e-009
4.132525712638842e-003	1.017673e+001	1.027849e-009
4.133525712638842e-003	1.017654e+001	1.027831e-009
4.134525712638842e-003	1.017636e+001	1.027812e-009
4.135525712638842e-003	1.017618e+001	1.027794e-009
4.136525712638842e-003	1.017599e+001	1.027775e-009
4.137525712638842e-003	1.017581e+001	1.027757e-009
4.138525712638842e-003	1.017562e+001	1.027738e-009
4.139525712638842e-003	1.017544e+001	1.027719e-009
4.140525712638842e-003	1.017526e+001	1.027701e-009
4.141525712638842e-003	1.017507e+001	1.027682e-009
4.142525712638842e-003	1.017489e+001	1.027664e-009
4.143525712638842e-003	1.017471e+001	1.027645e-009
4.144525712638842e-003	1.017452e+001	1.027627e-009
4.145525712638842e-003	1.017434e+001	1.027608e-009
4.146525712638842e-003	1.017416e+001	1.027590e-009
4.147525712638842e-003	1.017397e+001	1.027571e-009
4.148525712638842e-003	1.017379e+001	1.027553e-009
4.149525712638842e-003	1.017361e+001	1.027535e-009
4.150525712638842e-003	1.017343e+001	1.027516e-009
4.151525712638842e-003	1.017324e+001	1.027498e-009
4.152525712638842e-003	1.017306e+001	1.027479e-009
4.153525712638842e-003	1.017288e+001	1.027461e-009
4.154525712638842e-003	1.017270e+001	1.027442e-009
4.155525712638842e-003	1.017251e+001	1.027424e-009
4.156525712638842e-003	1.017233e+001	1.027405e-009
4.157525712638842e-003	1.017215e+001	1.027387e-009
4.158525712638842e-003	1.017197e+001	1.027369e-009
4.159525712638842e-003	1.017178e+001	1.027350e-009
4.160525712638842e-003	1.017160e+001	1.027332e-009
4.161525712638842e-003	1.017142e+001	1.027313e-009
4.162525712638842e-003	1.017124e+001	1.027295e-009
4.163525712638842e-003	1.017106e+001	1.027277e-009
4.164525712638842e-003	1.017087e+001	1.027258e-009
4.165525712638842e-003	1.017069e+001	1.027240e-009
4.166525712638842e-003	1.017051e+001	1.027222e-009
4.167525712638842e-003	1.017033e+001	1.027203e-009
4.168525712638842e-003	1.017015e+001	1.027185e-009
4.169525712638842e-003	1.016997e+001	1.027167e-009
4.170525712638842e-003	1.016978e+001	1.027148e-009
4.171525712638842e-003	1.016960e+001	1.027130e-009
4.172525712638842e-003	1.016942e+001	1.027112e-009
4.173525712638842e-003	1.016924e+001	1.027093e-009
4.174525712638842e-003	1.016906e+001	1.027075e-009
4.175525712638842e-003	1.016888e+001	1.027057e-009
4.176525712638842e-003	1.016870e+001	1.027038e-009
4.177525712638842e-003	1.016852e+001	1.027020e-009
4.178525712638842e-003	1.016834e+001	1.027002e-009
4.179525712638842e-003	1.016816e+001	1.026984e-009
4.180525712638842e-003	1.016798e+001	1.026965e-009
4.181525712638842e-003	1.016779e+001	1.026947e-009
4.183525712638842e-003	1.016743e+001	1.026911e-009
4.184525712638842e-003	1.016725e+001	1.026893e-009
4.185525712638842e-003	1.016707e+001	1.026874e-009
4.186525712638842e-003	1.016689e+001	1.026856e-009
4.187525712638842e-003	1.016671e+001	1.026838e-009
4.188525712638842e-003	1.016653e+001	1.026820e-009
4.189525712638842e-003	1.016635e+001	1.026802e-009
4.190525712638842e-003	1.016617e+001	1.026783e-009
4.191525712638842e-003	1.016599e+001	1.026765e-009
4.192525712638842e-003	1.016581e+001	1.026747e-009
4.193525712638842e-003	1.016563e+001	1.026729e-009
4.195525712638842e-003	1.016527e+001	1.026693e-009
4.196525712638842e-003	1.016509e+001	1.026674e-009
4.197525712638842e-003	1.016491e+001	1.026656e-009
4.198525712638842e-003	1.016473e+001	1.026638e-009
4.199525712638842e-003	1.016455e+001	1.026620e-009
4.200525712638842e-003	1.016438e+001	1.026602e-009
4.201525712638842e-003	1.016420e+001	1.026584e-009
4.202525712638842e-003	1.016402e+001	1.026566e-009
4.203525712638842e-003	1.016384e+001	1.026548e-009
4.204525712638842e-003	1.016366e+001	1.026530e-009
4.205525712638842e-003	1.016348e+001	1.026512e-009
4.206525712638842e-003	1.016330e+001	1.026493e-009
4.207525712638842e-003	1.016312e+001	1.026475e-009
4.208525712638842e-003	1.016294e+001	1.026457e-009
4.209525712638842e-003	1.016276e+001	1.026439e-009
4.210525712638842e-003	1.016259e+001	1.026421e-009
4.211525712638842e-003	1.016241e+001	1.026403e-009
4.212525712638842e-003	1.016223e+001	1.026385e-009
4.213525712638842e-003	1.016205e+001	1.026367e-009
4.214525712638842e-003	1.016187e+001	1.026349e-009
4.215525712638842e-003	1.016169e+001	1.026331e-009
4.216525712638842e-003	1.016152e+001	1.026313e-009
4.217525712638842e-003	1.016134e+001	1.026295e-009
4.218525712638842e-003	1.016116e+001	1.026277e-009
4.219525712638842e-003	1.016098e+001	1.026259e-009
4.220525712638842e-003	1.016080e+001	1.026241e-009
4.221525712638842e-003	1.016063e+001	1.026223e-009
4.222525712638842e-003	1.016045e+001	1.026205e-009
4.223525712638842e-003	1.016027e+001	1.026187e-009
4.224525712638842e-003	1.016009e+001	1.026169e-009
4.225525712638842e-003	1.015991e+001	1.026151e-009
4.226525712638842e-003	1.015974e+001	1.026133e-009
4.227525712638842e-003	1.015956e+001	1.026115e-009
4.228525712638842e-003	1.015938e+001	1.026098e-009
4.229525712638842e-003	1.015920e+001	1.026080e-009
4.230525712638842e-003	1.015903e+001	1.026062e-009
4.231525712638842e-003	1.015885e+001	1.026044e-009
4.232525712638842e-003	1.015867e+001	1.026026e-009
4.233525712638842e-003	1.015850e+001	1.026008e-009
4.234525712638842e-003	1.015832e+001	1.025990e-009
4.235525712638842e-003	1.015814e+001	1.025972e-009
4.236525712638842e-003	1.015796e+001	1.025954e-009
4.237525712638842e-003	1.015779e+001	1.025937e-009
4.238525712638842e-003	1.015761e+001	1.025919e-009
4.239525712638842e-003	1.015743e+001	1.025901e-009
4.240525712638842e-003	1.015726e+001	1.025883e-009
4.241525712638842e-003	1.015708e+001	1.025865e-009
4.242525712638842e-003	1.015690e+001	1.025847e-009
4.243525712638842e-003	1.015673e+001	1.025830e-009
4.244525712638842e-003	1.015655e+001	1.025812e-009
4.245525712638842e-003	1.015638e+001	1.025794e-009
4.246525712638842e-003	1.015620e+001	1.025776e-009
4.247525712638842e-003	1.015602e+001	1.025758e-009
4.248525712638842e-003	1.015585e+001	1.025740e-009
4.249525712638842e-003	1.015567e+001	1.025723e-009
4.250525712638842e-003	1.015549e+001	1.025705e-009
4.251525712638842e-003	1.015532e+001	1.025687e-009
4.252525712638842e-003	1.015514e+001	1.025669e-009
4.253525712638842e-003	1.015497e+001	1.025652e-009
4.254525712638842e-003	1.015479e+001	1.025634e-009
4.256525712638842e-003	1.015444e+001	1.025598e-009
4.257525712638842e-003	1.015426e+001	1.025581e-009
4.258525712638842e-003	1.015409e+001	1.025563e-009
4.259525712638842e-003	1.015391e+001	1.025545e-009
4.260525712638842e-003	1.015374e+001	1.025528e-009
4.261525712638842e-003	1.015356e+001	1.025510e-009
4.262525712638842e-003	1.015339e+001	1.025492e-009
4.263525712638842e-003	1.015321e+001	1.025474e-009
4.264525712638842e-003	1.015304e+001	1.025457e-009
4.265525712638842e-003	1.015286e+001	1.025439e-009
4.266525712638842e-003	1.015269e+001	1.025422e-009
4.268525712638842e-003	1.015234e+001	1.025386e-009
4.269525712638842e-003	1.015216e+001	1.025369e-009
4.270525712638842e-003	1.015199e+001	1.025351e-009
4.271525712638842e-003	1.015182e+001	1.025333e-009
4.272525712638842e-003	1.015164e+001	1.025316e-009
4.273525712638842e-003	1.015147e+001	1.025298e-009
4.274525712638842e-003	1.015129e+001	1.025280e-009
4.275525712638842e-003	1.015112e+001	1.025263e-009
4.276525712638842e-003	1.015094e+001	1.025245e-009
4.277525712638842e-003	1.015077e+001	1.025228e-009
4.278525712638842e-003	1.015059e+001	1.025210e-009
4.280525712638842e-003	1.015025e+001	1.025175e-009
4.281525712638842e-003	1.015007e+001	1.025157e-009
4.282525712638842e-003	1.014990e+001	1.025140e-009
4.283525712638842e-003	1.014972e+001	1.025122e-009
4.284525712638842e-003	1.014955e+001	1.025105e-009
4.285525712638842e-003	1.014938e+001	1.025087e-009
4.286525712638842e-003	1.014920e+001	1.025070e-009
4.287525712638842e-003	1.014903e+001	1.025052e-009
4.288525712638842e-003	1.014886e+001	1.025035e-009
4.289525712638842e-003	1.014868e+001	1.025017e-009
4.290525712638842e-003	1.014851e+001	1.025000e-009
4.292525712638842e-003	1.014816e+001	1.024965e-009
4.293525712638842e-003	1.014799e+001	1.024947e-009
4.294525712638842e-003	1.014782e+001	1.024930e-009
4.295525712638842e-003	1.014764e+001	1.024912e-009
4.296525712638842e-003	1.014747e+001	1.024895e-009
4.297525712638842e-003	1.014730e+001	1.024877e-009
4.298525712638842e-003	1.014713e+001	1.024860e-009
4.299525712638842e-003	1.014695e+001	1.024842e-009
4.300525712638842e-003	1.014678e+001	1.024825e-009
4.301525712638842e-003	1.014661e+001	1.024807e-009
4.302525712638842e-003	1.014643e+001	1.024790e-009
4.304525712638842e-003	1.014609e+001	1.024755e-009
4.305525712638842e-003	1.014592e+001	1.024738e-009
4.306525712638842e-003	1.014575e+001	1.024720e-009
4.307525712638842e-003	1.014557e+001	1.024703e-009
4.308525712638842e-003	1.014540e+001	1.024685e-009
4.309525712638842e-003	1.014523e+001	1.024668e-009
4.310525712638842e-003	1.014506e+001	1.024651e-009
4.311525712638842e-003	1.014489e+001	1.024633e-009
4.312525712638842e-003	1.014471e+001	1.024616e-009
4.313525712638842e-003	1.014454e+001	1.024599e-009
4.314525712638842e-003	1.014437e+001	1.024581e-009
4.317525712638842e-003	1.014385e+001	1.024529e-009
4.318525712638842e-003	1.014368e+001	1.024512e-009
4.319525712638842e-003	1.014351e+001	1.024495e-009
4.320525712638842e-003	1.014334e+001	1.024477e-009
4.321525712638842e-003	1.014317e+001	1.024460e-009
4.322525712638842e-003	1.014300e+001	1.024443e-009
4.323525712638842e-003	1.014283e+001	1.024426e-009
4.324525712638842e-003	1.014266e+001	1.024408e-009
4.325525712638842e-003	1.014248e+001	1.024391e-009
4.326525712638842e-003	1.014231e+001	1.024374e-009
4.329525712638842e-003	1.014180e+001	1.024322e-009
4.330525712638842e-003	1.014163e+001	1.024305e-009
4.331525712638842e-003	1.014146e+001	1.024287e-009
4.332525712638842e-003	1.014129e+001	1.024270e-009
4.333525712638842e-003	1.014112e+001	1.024253e-009
4.334525712638842e-003	1.014095e+001	1.024236e-009
4.335525712638842e-003	1.014078e+001	1.024218e-009
4.336525712638842e-003	1.014061e+001	1.024201e-009
4.337525712638842e-003	1.014044e+001	1.024184e-009
4.338525712638842e-003	1.014027e+001	1.024167e-009
4.341525712638842e-003	1.013976e+001	1.024115e-009
4.342525712638842e-003	1.013959e+001	1.024098e-009
4.343525712638842e-003	1.013942e+001	1.024081e-009
4.344525712638842e-003	1.013925e+001	1.024064e-009
4.345525712638842e-003	1.013908e+001	1.024047e-009
4.346525712638842e-003	1.013891e+001	1.024030e-009
4.347525712638842e-003	1.013874e+001	1.024013e-009
4.348525712638842e-003	1.013857e+001	1.023995e-009
4.349525712638842e-003	1.013840e+001	1.023978e-009
4.350525712638842e-003	1.013823e+001	1.023961e-009
4.353525712638842e-003	1.013772e+001	1.023910e-009
4.354525712638842e-003	1.013755e+001	1.023893e-009
4.355525712638842e-003	1.013738e+001	1.023876e-009
4.356525712638842e-003	1.013721e+001	1.023859e-009
4.357525712638842e-003	1.013704e+001	1.023841e-009
4.358525712638842e-003	1.013688e+001	1.023824e-009
4.359525712638842e-003	1.013671e+001	1.023807e-009
4.360525712638842e-003	1.013654e+001	1.023790e-009
4.361525712638842e-003	1.013637e+001	1.023773e-009
4.362525712638842e-003	1.013620e+001	1.023756e-009
4.366525712638842e-003	1.013553e+001	1.023688e-009
4.367525712638842e-003	1.013536e+001	1.023671e-009
4.368525712638842e-003	1.013519e+001	1.023654e-009
4.369525712638842e-003	1.013502e+001	1.023637e-009
4.370525712638842e-003	1.013485e+001	1.023620e-009
4.371525712638842e-003	1.013469e+001	1.023603e-009
4.372525712638842e-003	1.013452e+001	1.023586e-009
4.373525712638842e-003	1.013435e+001	1.023569e-009
4.374525712638842e-003	1.013418e+001	1.023552e-009
4.378525712638842e-003	1.013351e+001	1.023485e-009
4.379525712638842e-003	1.013334e+001	1.023468e-009
4.380525712638842e-003	1.013318e+001	1.023451e-009
4.381525712638842e-003	1.013301e+001	1.023434e-009
4.382525712638842e-003	1.013284e+001	1.023417e-009
4.383525712638842e-003	1.013267e+001	1.023400e-009
4.384525712638842e-003	1.013251e+001	1.023383e-009
4.385525712638842e-003	1.013234e+001	1.023366e-009
4.386525712638842e-003	1.013217e+001	1.023349e-009
4.387239998353128e-003	1.013205e+001	1.023337e-009
4.387954284067413e-003	1.013193e+001	1.023325e-009
4.388668569781699e-003	1.013181e+001	1.023313e-009
4.389382855495985e-003	1.013169e+001	1.023301e-009
4.390097141210271e-003	1.013158e+001	1.023289e-009
4.390811426924556e-003	1.013146e+001	1.023277e-009
4.391525712638842e-003	1.013134e+001	1.023265e-009
4.392525712638842e-003	1.013117e+001	1.023248e-009
4.393525712638842e-003	1.013100e+001	1.023231e-009
4.394525712638842e-003	1.013084e+001	1.023215e-009
4.395525712638842e-003	1.013067e+001	1.023198e-009
4.396525712638842e-003	1.013050e+001	1.023181e-009
4.397525712638842e-003	1.013034e+001	1.023164e-009
4.399525712638842e-003	1.013000e+001	1.023130e-009
4.402525712638842e-003	1.012951e+001	1.023080e-009
4.404525712638842e-003	1.012917e+001	1.023047e-009
4.405525712638842e-003	1.012901e+001	1.023030e-009
4.406525712638842e-003	1.012884e+001	1.023013e-009
4.407525712638842e-003	1.012868e+001	1.022996e-009
4.408525712638842e-003	1.012851e+001	1.022980e-009
4.409525712638842e-003	1.012834e+001	1.022963e-009
4.411525712638842e-003	1.012801e+001	1.022929e-009
4.412239998353128e-003	1.012790e+001	1.022917e-009
4.412954284067414e-003	1.012778e+001	1.022905e-009
4.413668569781699e-003	1.012766e+001	1.022894e-009
4.414382855495985e-003	1.012754e+001	1.022882e-009
4.415097141210271e-003	1.012742e+001	1.022870e-009
4.415811426924557e-003	1.012730e+001	1.022858e-009
4.416525712638842e-003	1.012719e+001	1.022846e-009
4.417525712638842e-003	1.012702e+001	1.022829e-009
4.418525712638842e-003	1.012686e+001	1.022813e-009
4.419525712638842e-003	1.012669e+001	1.022796e-009
4.420525712638842e-003	1.012653e+001	1.022779e-009
4.422525712638842e-003	1.012620e+001	1.022746e-009
4.423382855495985e-003	1.012605e+001	1.022732e-009
4.424239998353128e-003	1.012591e+001	1.022717e-009
4.425097141210270e-003	1.012577e+001	1.022703e-009
4.425954284067414e-003	1.012563e+001	1.022689e-009
4.426811426924557e-003	1.012549e+001	1.022675e-009
4.427668569781699e-003	1.012535e+001	1.022660e-009
4.428525712638842e-003	1.012521e+001	1.022646e-009
4.430525712638842e-003	1.012488e+001	1.022613e-009
4.432525712638842e-003	1.012455e+001	1.022580e-009
4.434525712638842e-003	1.012422e+001	1.022546e-009
4.440525712638842e-003	1.012324e+001	1.022447e-009
4.442525712638842e-003	1.012291e+001	1.022414e-009
4.444525712638842e-003	1.012258e+001	1.022381e-009
4.446525712638842e-003	1.012226e+001	1.022348e-009
4.447525712638842e-003	1.012209e+001	1.022332e-009
4.448525712638842e-003	1.012193e+001	1.022315e-009
4.449525712638842e-003	1.012177e+001	1.022299e-009
4.450525712638842e-003	1.012161e+001	1.022282e-009
4.451525712638842e-003	1.012144e+001	1.022266e-009
4.452525712638842e-003	1.012128e+001	1.022249e-009
4.453525712638842e-003	1.012112e+001	1.022233e-009
4.455525712638842e-003	1.012079e+001	1.022200e-009
4.457525712638842e-003	1.012047e+001	1.022167e-009
4.460525712638842e-003	1.011998e+001	1.022118e-009
4.461668569781700e-003	1.011979e+001	1.022099e-009
4.462811426924556e-003	1.011961e+001	1.022080e-009
4.463954284067414e-003	1.011942e+001	1.022061e-009
4.465097141210270e-003	1.011923e+001	1.022043e-009
4.466239998353128e-003	1.011905e+001	1.022024e-009
4.467382855495985e-003	1.011886e+001	1.022005e-009
4.468525712638842e-003	1.011868e+001	1.021987e-009
4.471525712638842e-003	1.011819e+001	1.021938e-009
4.472668569781699e-003	1.011801e+001	1.021919e-009
4.473811426924556e-003	1.011782e+001	1.021900e-009
4.474954284067413e-003	1.011764e+001	1.021882e-009
4.476097141210270e-003	1.011745e+001	1.021863e-009
4.477239998353128e-003	1.011727e+001	1.021844e-009
4.478382855495984e-003	1.011709e+001	1.021826e-009
4.479525712638842e-003	1.011690e+001	1.021807e-009
4.482525712638842e-003	1.011642e+001	1.021758e-009
4.483668569781700e-003	1.011623e+001	1.021740e-009
4.484811426924557e-003	1.011605e+001	1.021721e-009
4.485954284067414e-003	1.011587e+001	1.021702e-009
4.487097141210271e-003	1.011568e+001	1.021684e-009
4.488239998353128e-003	1.011550e+001	1.021665e-009
4.489382855495985e-003	1.011531e+001	1.021647e-009
4.490525712638843e-003	1.011513e+001	1.021628e-009
4.493525712638842e-003	1.011465e+001	1.021579e-009
4.494811426924556e-003	1.011444e+001	1.021559e-009
4.496097141210271e-003	1.011424e+001	1.021538e-009
4.497382855495985e-003	1.011403e+001	1.021517e-009
4.498668569781699e-003	1.011382e+001	1.021496e-009
4.499954284067413e-003	1.011362e+001	1.021475e-009
4.501239998353128e-003	1.011341e+001	1.021455e-009
4.502525712638842e-003	1.011321e+001	1.021434e-009
4.505525712638842e-003	1.011273e+001	1.021385e-009
4.506811426924556e-003	1.011252e+001	1.021365e-009
4.508097141210271e-003	1.011232e+001	1.021344e-009
4.509382855495985e-003	1.011211e+001	1.021323e-009
4.510668569781699e-003	1.011191e+001	1.021303e-009
4.511954284067413e-003	1.011170e+001	1.021282e-009
4.513239998353128e-003	1.011150e+001	1.021261e-009
4.514525712638842e-003	1.011129e+001	1.021241e-009
4.517525712638842e-003	1.011082e+001	1.021192e-009
4.518954284067413e-003	1.011059e+001	1.021169e-009
4.520382855495985e-003	1.011036e+001	1.021146e-009
4.521811426924556e-003	1.011013e+001	1.021124e-009
4.523239998353128e-003	1.010991e+001	1.021101e-009
4.524668569781699e-003	1.010968e+001	1.021078e-009
4.526097141210271e-003	1.010945e+001	1.021055e-009
4.527525712638842e-003	1.010923e+001	1.021032e-009
4.529097141210271e-003	1.010898e+001	1.021007e-009
4.530668569781699e-003	1.010873e+001	1.020982e-009
4.532239998353128e-003	1.010848e+001	1.020957e-009
4.533811426924556e-003	1.010823e+001	1.020932e-009
4.535382855495985e-003	1.010799e+001	1.020906e-009
4.536954284067413e-003	1.010774e+001	1.020881e-009
4.538525712638842e-003	1.010749e+001	1.020856e-009
4.540239998353127e-003	1.010722e+001	1.020829e-009
4.541954284067414e-003	1.010695e+001	1.020802e-009
4.543668569781699e-003	1.010668e+001	1.020775e-009
4.545382855495985e-003	1.010641e+001	1.020747e-009
4.547097141210270e-003	1.010614e+001	1.020720e-009
4.548811426924556e-003	1.010587e+001	1.020693e-009
4.550525712638842e-003	1.010560e+001	1.020666e-009
4.552239998353127e-003	1.010533e+001	1.020638e-009
4.553954284067414e-003	1.010506e+001	1.020611e-009
4.555668569781699e-003	1.010479e+001	1.020584e-009
4.557382855495985e-003	1.010453e+001	1.020557e-009
4.559097141210271e-003	1.010426e+001	1.020530e-009
4.560811426924557e-003	1.010399e+001	1.020503e-009
4.562525712638843e-003	1.010372e+001	1.020476e-009
4.564382855495985e-003	1.010343e+001	1.020446e-009
4.566239998353128e-003	1.010314e+001	1.020417e-009
4.568097141210271e-003	1.010285e+001	1.020388e-009
4.569954284067414e-003	1.010256e+001	1.020359e-009
4.571811426924557e-003	1.010227e+001	1.020329e-009
4.573668569781700e-003	1.010198e+001	1.020300e-009
4.575525712638843e-003	1.010169e+001	1.020271e-009
4.577525712638843e-003	1.010138e+001	1.020240e-009
4.579525712638842e-003	1.010107e+001	1.020208e-009
4.581525712638842e-003	1.010076e+001	1.020177e-009
4.583525712638842e-003	1.010045e+001	1.020146e-009
4.585525712638842e-003	1.010014e+001	1.020114e-009
4.587525712638842e-003	1.009983e+001	1.020083e-009
4.589525712638842e-003	1.009952e+001	1.020052e-009
4.591954284067413e-003	1.009915e+001	1.020014e-009
4.594382855495985e-003	1.009877e+001	1.019976e-009
4.596811426924557e-003	1.009840e+001	1.019938e-009
4.599239998353127e-003	1.009802e+001	1.019900e-009
4.601668569781699e-003	1.009765e+001	1.019862e-009
4.604097141210271e-003	1.009727e+001	1.019825e-009
4.606525712638842e-003	1.009690e+001	1.019787e-009
4.609239998353128e-003	1.009648e+001	1.019745e-009
4.611954284067413e-003	1.009607e+001	1.019703e-009
4.614668569781699e-003	1.009565e+001	1.019661e-009
4.617382855495985e-003	1.009523e+001	1.019619e-009
4.620097141210271e-003	1.009482e+001	1.019577e-009
4.622811426924557e-003	1.009440e+001	1.019535e-009
4.625525712638842e-003	1.009399e+001	1.019493e-009
4.629382855495985e-003	1.009340e+001	1.019434e-009
4.633239998353128e-003	1.009282e+001	1.019374e-009
4.637097141210271e-003	1.009223e+001	1.019315e-009
4.640954284067414e-003	1.009164e+001	1.019256e-009
4.644811426924557e-003	1.009106e+001	1.019197e-009
4.648668569781699e-003	1.009047e+001	1.019138e-009
4.652525712638842e-003	1.008989e+001	1.019079e-009
4.656525712638842e-003	1.008929e+001	1.019018e-009
4.660525712638843e-003	1.008869e+001	1.018957e-009
4.664525712638842e-003	1.008808e+001	1.018896e-009
4.668525712638842e-003	1.008748e+001	1.018836e-009
4.672525712638842e-003	1.008688e+001	1.018775e-009
4.676525712638842e-003	1.008628e+001	1.018715e-009
4.680525712638842e-003	1.008568e+001	1.018654e-009
4.701668569781699e-003	1.008254e+001	1.018336e-009
4.722811426924556e-003	1.007942e+001	1.018021e-009
4.743954284067414e-003	1.007632e+001	1.017708e-009
4.765097141210270e-003	1.007325e+001	1.017398e-009
4.786239998353128e-003	1.007020e+001	1.017090e-009
4.807382855495985e-003	1.006718e+001	1.016785e-009
4.828525712638842e-003	1.006418e+001	1.016482e-009
4.834382855495985e-003	1.006335e+001	1.016399e-009
4.840239998353128e-003	1.006253e+001	1.016315e-009
4.846097141210271e-003	1.006171e+001	1.016232e-009
4.851954284067414e-003	1.006088e+001	1.016149e-009
4.857811426924557e-003	1.006007e+001	1.016067e-009
4.863668569781700e-003	1.005925e+001	1.015984e-009
4.869525712638843e-003	1.005843e+001	1.015902e-009
4.870525712638842e-003	1.005829e+001	1.015888e-009
4.879239998353127e-003	1.005708e+001	1.015766e-009
4.887954284067414e-003	1.005588e+001	1.015644e-009
4.896668569781699e-003	1.005468e+001	1.015522e-009
4.905382855495985e-003	1.005348e+001	1.015401e-009
4.914097141210270e-003	1.005229e+001	1.015281e-009
4.922811426924557e-003	1.005110e+001	1.015161e-009
4.931525712638842e-003	1.004991e+001	1.015041e-009
4.938239998353128e-003	1.004900e+001	1.014949e-009
4.944954284067413e-003	1.004809e+001	1.014857e-009
4.951668569781700e-003	1.004718e+001	1.014766e-009
4.958382855495985e-003	1.004628e+001	1.014674e-009
4.965097141210271e-003	1.004538e+001	1.014583e-009
4.971811426924556e-003	1.004448e+001	1.014492e-009
4.978525712638842e-003	1.004358e+001	1.014402e-009
4.981239998353128e-003	1.004322e+001	1.014365e-009
4.983954284067413e-003	1.004286e+001	1.014329e-009
4.986668569781699e-003	1.004250e+001	1.014292e-009
4.989382855495985e-003	1.004213e+001	1.014256e-009
4.992097141210271e-003	1.004177e+001	1.014219e-009
4.994811426924557e-003	1.004141e+001	1.014183e-009
4.997525712638842e-003	1.004105e+001	1.014146e-009
4.998525712638842e-003	1.004092e+001	1.014133e-009
4.999000000000000e-003	1.004086e+001	1.014127e-009
4.999154275833053e-003	1.004084e+001	1.014125e-009
4.999359976943790e-003	1.004081e+001	1.014122e-009
4.999588597778527e-003	1.004078e+001	1.014119e-009
5.000000000000000e-003	1.004073e+001	1.014113e-009
5.000822804442947e-003	1.004062e+001	1.014102e-009
5.006251375871519e-003	1.003990e+001	1.014030e-009
5.011679947300091e-003	1.003918e+001	1.013957e-009
5.017108518728662e-003	1.003847e+001	1.013885e-009
5.022537090157234e-003	1.003775e+001	1.013813e-009
5.027965661585805e-003	1.003704e+001	1.013741e-009
5.033394233014377e-003	1.003633e+001	1.013669e-009
5.038822804442948e-003	1.003562e+001	1.013598e-009
5.043537090157234e-003	1.003501e+001	1.013536e-009
5.048251375871520e-003	1.003439e+001	1.013474e-009
5.052965661585806e-003	1.003378e+001	1.013412e-009
5.057679947300091e-003	1.003317e+001	1.013350e-009
5.062394233014377e-003	1.003256e+001	1.013288e-009
5.067108518728662e-003	1.003195e+001	1.013227e-009
5.071822804442948e-003	1.003134e+001	1.013165e-009
5.075822804442948e-003	1.003082e+001	1.013113e-009
5.079822804442948e-003	1.003031e+001	1.013061e-009
5.083822804442948e-003	1.002979e+001	1.013009e-009
5.087822804442948e-003	1.002928e+001	1.012957e-009
5.091822804442947e-003	1.002876e+001	1.012905e-009
5.095822804442948e-003	1.002825e+001	1.012853e-009
5.099822804442948e-003	1.002774e+001	1.012802e-009
5.103822804442947e-003	1.002723e+001	1.012750e-009
5.107822804442948e-003	1.002672e+001	1.012698e-009
5.111822804442947e-003	1.002621e+001	1.012647e-009
5.115822804442948e-003	1.002570e+001	1.012595e-009
5.119822804442948e-003	1.002519e+001	1.012544e-009
5.123822804442948e-003	1.002468e+001	1.012493e-009
5.127822804442948e-003	1.002417e+001	1.012441e-009
5.131965661585805e-003	1.002364e+001	1.012388e-009
5.136108518728662e-003	1.002312e+001	1.012335e-009
5.140251375871519e-003	1.002259e+001	1.012282e-009
5.144394233014377e-003	1.002207e+001	1.012229e-009
5.148537090157234e-003	1.002155e+001	1.012176e-009
5.152679947300091e-003	1.002102e+001	1.012123e-009
5.156822804442948e-003	1.002050e+001	1.012070e-009
5.158822804442948e-003	1.002024e+001	1.012045e-009
5.160822804442948e-003	1.001999e+001	1.012019e-009
5.162822804442948e-003	1.001974e+001	1.011994e-009
5.164822804442948e-003	1.001949e+001	1.011968e-009
5.166822804442948e-003	1.001923e+001	1.011943e-009
5.168822804442948e-003	1.001898e+001	1.011917e-009
5.170822804442947e-003	1.001873e+001	1.011892e-009
5.172822804442948e-003	1.001848e+001	1.011866e-009
5.174822804442948e-003	1.001822e+001	1.011841e-009
5.176822804442948e-003	1.001797e+001	1.011815e-009
5.178822804442948e-003	1.001772e+001	1.011790e-009
5.180822804442948e-003	1.001747e+001	1.011764e-009
5.182822804442948e-003	1.001721e+001	1.011739e-009
5.184822804442948e-003	1.001696e+001	1.011713e-009
5.187822804442948e-003	1.001658e+001	1.011675e-009
5.190822804442948e-003	1.001621e+001	1.011637e-009
5.193108518728662e-003	1.001592e+001	1.011608e-009
5.195394233014376e-003	1.001563e+001	1.011579e-009
5.197679947300090e-003	1.001534e+001	1.011550e-009
5.199965661585805e-003	1.001505e+001	1.011521e-009
5.202251375871519e-003	1.001477e+001	1.011491e-009
5.204537090157234e-003	1.001448e+001	1.011462e-009
5.206822804442948e-003	1.001419e+001	1.011433e-009
5.212965661585805e-003	1.001342e+001	1.011355e-009
5.219108518728662e-003	1.001265e+001	1.011277e-009
5.225251375871519e-003	1.001188e+001	1.011199e-009
5.231394233014376e-003	1.001110e+001	1.011122e-009
5.237537090157234e-003	1.001033e+001	1.011044e-009
5.243679947300090e-003	1.000956e+001	1.010966e-009
5.249822804442948e-003	1.000879e+001	1.010888e-009
5.259965661585805e-003	1.000752e+001	1.010760e-009
5.270108518728662e-003	1.000625e+001	1.010632e-009
5.280251375871519e-003	1.000499e+001	1.010504e-009
5.290394233014376e-003	1.000372e+001	1.010376e-009
5.300537090157233e-003	1.000246e+001	1.010248e-009
5.310679947300091e-003	1.000119e+001	1.010120e-009
5.320822804442948e-003	9.999930e+000	1.009993e-009
5.326679947300091e-003	9.999203e+000	1.009919e-009
5.332537090157234e-003	9.998476e+000	1.009846e-009
5.338394233014377e-003	9.997750e+000	1.009773e-009
5.344251375871519e-003	9.997024e+000	1.009699e-009
5.350108518728662e-003	9.996300e+000	1.009626e-009
5.355965661585805e-003	9.995577e+000	1.009553e-009
5.361822804442948e-003	9.994854e+000	1.009480e-009
5.362965661585805e-003	9.994713e+000	1.009466e-009
5.364108518728662e-003	9.994572e+000	1.009452e-009
5.365251375871519e-003	9.994431e+000	1.009438e-009
5.366394233014376e-003	9.994290e+000	1.009423e-009
5.367537090157234e-003	9.994150e+000	1.009409e-009
5.368679947300090e-003	9.994009e+000	1.009395e-009
5.369822804442948e-003	9.993868e+000	1.009381e-009
5.370822804442948e-003	9.993746e+000	1.009368e-009
5.371822804442948e-003	9.993622e+000	1.009356e-009
5.372822804442948e-003	9.993500e+000	1.009343e-009
5.373822804442948e-003	9.993377e+000	1.009331e-009
5.374822804442948e-003	9.993254e+000	1.009319e-009
5.375822804442948e-003	9.993132e+000	1.009306e-009
5.376822804442948e-003	9.993009e+000	1.009294e-009
5.377822804442948e-003	9.992886e+000	1.009281e-009
5.378822804442948e-003	9.992764e+000	1.009269e-009
5.379822804442948e-003	9.992641e+000	1.009257e-009
5.380822804442948e-003	9.992519e+000	1.009244e-009
5.381822804442948e-003	9.992397e+000	1.009232e-009
5.382822804442948e-003	9.992276e+000	1.009220e-009
5.383822804442948e-003	9.992154e+000	1.009208e-009
5.384822804442948e-003	9.992033e+000	1.009195e-009
5.385822804442948e-003	9.991913e+000	1.009183e-009
5.386822804442948e-003	9.991794e+000	1.009171e-009
5.387822804442948e-003	9.991674e+000	1.009159e-009
5.388822804442948e-003	9.991557e+000	1.009147e-009
5.389822804442948e-003	9.991441e+000	1.009136e-009
5.390822804442948e-003	9.991327e+000	1.009124e-009
5.391822804442948e-003	9.991217e+000	1.009113e-009
5.392822804442948e-003	9.991111e+000	1.009102e-009
5.393822804442948e-003	9.991010e+000	1.009092e-009
5.394822804442948e-003	9.990916e+000	1.009082e-009
5.395822804442948e-003	9.990831e+000	1.009074e-009
5.396822804442948e-003	9.990760e+000	1.009067e-009
5.397822804442948e-003	9.990704e+000	1.009061e-009
5.398822804442948e-003	9.990667e+000	1.009057e-009
5.399822804442948e-003	9.990655e+000	1.009056e-009
5.400822804442948e-003	9.990670e+000	1.009058e-009
5.401822804442948e-003	9.990715e+000	1.009062e-009
5.402822804442948e-003	9.990792e+000	1.009070e-009
5.403822804442948e-003	9.990898e+000	1.009081e-009
5.404822804442948e-003	9.991030e+000	1.009094e-009
5.405822804442948e-003	9.991180e+000	1.009109e-009
5.406822804442948e-003	9.991339e+000	1.009125e-009
5.407822804442948e-003	9.991499e+000	1.009141e-009
5.408822804442948e-003	9.991652e+000	1.009157e-009
5.409822804442948e-003	9.991793e+000	1.009171e-009
5.410822804442948e-003	9.991919e+000	1.009184e-009
5.411822804442948e-003	9.992028e+000	1.009195e-009
5.412822804442948e-003	9.992122e+000	1.009204e-009
5.413822804442948e-003	9.992202e+000	1.009212e-009
5.414822804442948e-003	9.992270e+000	1.009219e-009
5.415822804442948e-003	9.992327e+000	1.009225e-009
5.416822804442948e-003	9.992375e+000	1.009230e-009
5.417822804442948e-003	9.992416e+000	1.009234e-009
5.418822804442948e-003	9.992453e+000	1.009238e-009
5.419822804442948e-003	9.992484e+000	1.009241e-009
5.420822804442948e-003	9.992512e+000	1.009244e-009
5.421822804442948e-003	9.992537e+000	1.009246e-009
5.422822804442948e-003	9.992559e+000	1.009248e-009
5.423822804442948e-003	9.992580e+000	1.009251e-009
5.424822804442948e-003	9.992599e+000	1.009252e-009
5.425822804442948e-003	9.992617e+000	1.009254e-009
5.426822804442948e-003	9.992634e+000	1.009256e-009
5.427822804442948e-003	9.992650e+000	1.009258e-009
5.428822804442948e-003	9.992665e+000	1.009259e-009
5.429822804442948e-003	9.992681e+000	1.009261e-009
5.430822804442948e-003	9.992695e+000	1.009262e-009
5.431822804442948e-003	9.992709e+000	1.009264e-009
5.432822804442948e-003	9.992723e+000	1.009265e-009
5.433822804442948e-003	9.992737e+000	1.009266e-009
5.434822804442948e-003	9.992750e+000	1.009268e-009
5.435822804442948e-003	9.992764e+000	1.009269e-009
5.436822804442948e-003	9.992777e+000	1.009270e-009
5.437822804442948e-003	9.992790e+000	1.009272e-009
5.438822804442948e-003	9.992804e+000	1.009273e-009
5.439822804442948e-003	9.992817e+000	1.009275e-009
5.440822804442948e-003	9.992830e+000	1.009276e-009
5.441822804442948e-003	9.992844e+000	1.009277e-009
5.442822804442948e-003	9.992857e+000	1.009279e-009
5.443822804442948e-003	9.992871e+000	1.009280e-009
5.444822804442948e-003	9.992885e+000	1.009281e-009
5.445822804442948e-003	9.992899e+000	1.009283e-009
5.446822804442948e-003	9.992912e+000	1.009284e-009
5.447822804442948e-003	9.992926e+000	1.009286e-009
5.448822804442948e-003	9.992939e+000	1.009287e-009
5.449822804442948e-003	9.992953e+000	1.009288e-009
5.450822804442948e-003	9.992967e+000	1.009290e-009
5.451822804442948e-003	9.992981e+000	1.009291e-009
5.452822804442948e-003	9.992994e+000	1.009292e-009
5.453822804442948e-003	9.993009e+000	1.009294e-009
5.454822804442948e-003	9.993022e+000	1.009295e-009
5.455822804442948e-003	9.993036e+000	1.009297e-009
5.456822804442948e-003	9.993050e+000	1.009298e-009
5.457822804442948e-003	9.993064e+000	1.009299e-009
5.458822804442948e-003	9.993077e+000	1.009301e-009
5.459822804442948e-003	9.993092e+000	1.009302e-009
5.460822804442948e-003	9.993105e+000	1.009304e-009
5.462822804442948e-003	9.993133e+000	1.009306e-009
5.464822804442948e-003	9.993160e+000	1.009309e-009
5.466822804442948e-003	9.993187e+000	1.009312e-009
5.469822804442948e-003	9.993229e+000	1.009316e-009
5.472822804442948e-003	9.993269e+000	1.009320e-009
5.475822804442948e-003	9.993309e+000	1.009324e-009
5.478822804442948e-003	9.993348e+000	1.009328e-009
5.481822804442948e-003	9.993387e+000	1.009332e-009
5.484822804442948e-003	9.993426e+000	1.009336e-009
5.487822804442948e-003	9.993464e+000	1.009340e-009
5.490822804442948e-003	9.993502e+000	1.009344e-009
5.493108518728663e-003	9.993530e+000	1.009347e-009
5.495394233014377e-003	9.993558e+000	1.009349e-009
5.497679947300091e-003	9.993586e+000	1.009352e-009
5.499965661585805e-003	9.993614e+000	1.009355e-009
5.502251375871519e-003	9.993641e+000	1.009358e-009
5.504537090157234e-003	9.993668e+000	1.009360e-009
5.506822804442948e-003	9.993695e+000	1.009363e-009
5.508822804442948e-003	9.993718e+000	1.009366e-009
5.510822804442947e-003	9.993741e+000	1.009368e-009
5.512822804442948e-003	9.993764e+000	1.009370e-009
5.514822804442948e-003	9.993787e+000	1.009373e-009
5.516822804442948e-003	9.993809e+000	1.009375e-009
5.518822804442948e-003	9.993831e+000	1.009377e-009
5.520822804442948e-003	9.993854e+000	1.009379e-009
5.522822804442948e-003	9.993875e+000	1.009381e-009
5.524822804442948e-003	9.993897e+000	1.009384e-009
5.526822804442948e-003	9.993918e+000	1.009386e-009
5.528822804442948e-003	9.993940e+000	1.009388e-009
5.530822804442948e-003	9.993961e+000	1.009390e-009
5.532822804442948e-003	9.993982e+000	1.009392e-009
5.534822804442948e-003	9.994002e+000	1.009394e-009
5.536965661585805e-003	9.994024e+000	1.009396e-009
5.539108518728663e-003	9.994046e+000	1.009399e-009
5.541251375871519e-003	9.994068e+000	1.009401e-009
5.543394233014377e-003	9.994089e+000	1.009403e-009
5.545537090157234e-003	9.994110e+000	1.009405e-009
5.547679947300092e-003	9.994131e+000	1.009407e-009
5.549822804442948e-003	9.994152e+000	1.009409e-009
5.553108518728663e-003	9.994183e+000	1.009413e-009
5.556394233014377e-003	9.994214e+000	1.009416e-009
5.559679947300091e-003	9.994245e+000	1.009419e-009
5.562965661585805e-003	9.994275e+000	1.009422e-009
5.566251375871519e-003	9.994304e+000	1.009425e-009
5.569537090157234e-003	9.994333e+000	1.009428e-009
5.572822804442948e-003	9.994362e+000	1.009431e-009
5.576679947300091e-003	9.994395e+000	1.009434e-009
5.580537090157233e-003	9.994428e+000	1.009437e-009
5.584394233014376e-003	9.994460e+000	1.009440e-009
5.588251375871520e-003	9.994492e+000	1.009444e-009
5.592108518728663e-003	9.994523e+000	1.009447e-009
5.595965661585805e-003	9.994553e+000	1.009450e-009
5.599822804442948e-003	9.994582e+000	1.009453e-009
5.603965661585805e-003	9.994613e+000	1.009456e-009
5.608108518728662e-003	9.994644e+000	1.009459e-009
5.612251375871519e-003	9.994674e+000	1.009462e-009
5.616394233014376e-003	9.994704e+000	1.009465e-009
5.620537090157233e-003	9.994733e+000	1.009468e-009
5.624679947300090e-003	9.994761e+000	1.009471e-009
5.628822804442948e-003	9.994789e+000	1.009474e-009
5.649679947300090e-003	9.994918e+000	1.009487e-009
5.670537090157233e-003	9.995036e+000	1.009499e-009
5.691394233014376e-003	9.995144e+000	1.009510e-009
5.712251375871520e-003	9.995242e+000	1.009519e-009
5.733108518728662e-003	9.995330e+000	1.009528e-009
5.753965661585805e-003	9.995407e+000	1.009536e-009
5.774822804442948e-003	9.995474e+000	1.009543e-009
5.791108518728662e-003	9.995522e+000	1.009548e-009
5.807394233014377e-003	9.995567e+000	1.009552e-009
5.823679947300091e-003	9.995609e+000	1.009556e-009
5.839965661585805e-003	9.995647e+000	1.009560e-009
5.856251375871520e-003	9.995682e+000	1.009564e-009
5.872537090157234e-003	9.995714e+000	1.009567e-009
5.888822804442948e-003	9.995743e+000	1.009570e-009
5.889822804442948e-003	9.995745e+000	1.009570e-009
5.907394233014377e-003	9.995773e+000	1.009573e-009
5.924965661585805e-003	9.995798e+000	1.009576e-009
5.942537090157234e-003	9.995822e+000	1.009578e-009
5.960108518728663e-003	9.995844e+000	1.009580e-009
5.977679947300091e-003	9.995864e+000	1.009582e-009
5.995251375871520e-003	9.995882e+000	1.009584e-009
6.012822804442948e-003	9.995897e+000	1.009586e-009
6.030108518728663e-003	9.995912e+000	1.009587e-009
6.047394233014376e-003	9.995925e+000	1.009588e-009
6.064679947300091e-003	9.995937e+000	1.009590e-009
6.081965661585805e-003	9.995948e+000	1.009591e-009
6.099251375871520e-003	9.995958e+000	1.009592e-009
6.116537090157233e-003	9.995967e+000	1.009593e-009
6.133822804442948e-003	9.995975e+000	1.009593e-009
6.151251375871520e-003	9.995982e+000	1.009594e-009
6.168679947300091e-003	9.995989e+000	1.009595e-009
6.186108518728663e-003	9.995995e+000	1.009596e-009
6.203537090157234e-003	9.996001e+000	1.009596e-009
6.220965661585805e-003	9.996006e+000	1.009597e-009
6.238394233014376e-003	9.996011e+000	1.009597e-009
6.255822804442948e-003	9.996015e+000	1.009598e-009
6.273679947300092e-003	9.996019e+000	1.009598e-009
6.291537090157234e-003	9.996022e+000	1.009598e-009
6.309394233014377e-003	9.996025e+000	1.009599e-009
6.327251375871520e-003	9.996028e+000	1.009599e-009
6.345108518728663e-003	9.996031e+000	1.009599e-009
6.362965661585805e-003	9.996034e+000	1.009599e-009
6.380822804442948e-003	9.996036e+000	1.009600e-009
6.399822804442948e-003	9.996038e+000	1.009600e-009
6.418822804442948e-003	9.996040e+000	1.009600e-009
6.437822804442948e-003	9.996041e+000	1.009600e-009
6.456822804442948e-003	9.996043e+000	1.009600e-009
6.475822804442948e-003	9.996044e+000	1.009600e-009
6.494822804442948e-003	9.996045e+000	1.009601e-009
6.513822804442948e-003	9.996046e+000	1.009601e-009
6.535251375871519e-003	9.996047e+000	1.009601e-009
6.556679947300091e-003	9.996048e+000	1.009601e-009
6.578108518728663e-003	9.996049e+000	1.009601e-009
6.599537090157233e-003	9.996050e+000	1.009601e-009
6.620965661585805e-003	9.996051e+000	1.009601e-009
6.642394233014376e-003	9.996051e+000	1.009601e-009
6.663822804442948e-003	9.996052e+000	1.009601e-009
6.690108518728662e-003	9.996052e+000	1.009601e-009
6.716394233014377e-003	9.996053e+000	1.009601e-009
6.742679947300091e-003	9.996053e+000	1.009601e-009
6.768965661585805e-003	9.996054e+000	1.009601e-009
6.795251375871519e-003	9.996054e+000	1.009601e-009
6.821537090157234e-003	9.996054e+000	1.009601e-009
6.847822804442948e-003	9.996055e+000	1.009602e-009
6.857108518728662e-003	9.996055e+000	1.009602e-009
6.866394233014377e-003	9.996055e+000	1.009602e-009
6.875679947300091e-003	9.996055e+000	1.009602e-009
6.884965661585805e-003	9.996055e+000	1.009602e-009
6.894251375871519e-003	9.996055e+000	1.009602e-009
6.903537090157234e-003	9.996055e+000	1.009602e-009
6.912822804442948e-003	9.996056e+000	1.009602e-009
6.913822804442948e-003	9.996056e+000	1.009602e-009
6.925965661585805e-003	9.996056e+000	1.009602e-009
6.938108518728663e-003	9.996056e+000	1.009602e-009
6.950251375871520e-003	9.996056e+000	1.009602e-009
6.962394233014376e-003	9.996056e+000	1.009602e-009
6.974537090157234e-003	9.996056e+000	1.009602e-009
6.986679947300091e-003	9.996056e+000	1.009602e-009
6.998822804442948e-003	9.996056e+000	1.009602e-009
6.999822804442948e-003	9.996056e+000	1.009602e-009
7.000000000000000e-003	9.996056e+000	1.009602e-009
