time	V(vout)	-I(Rl)
0.000000000000000e+000	9.996057e+000	1.009602e-009
1.009638400021875e-003	9.996057e+000	1.009602e-009
2.000000000000000e-003	9.996057e+000	1.009602e-009
2.000000686880261e-003	9.476598e+000	6.144580e-001
2.000002060640781e-003	9.131221e+000	9.131221e-001
2.000002302498126e-003	9.144083e+000	9.144083e-001
2.000002450923829e-003	9.156242e+000	9.156242e-001
2.000002505949101e-003	9.156211e+000	9.156212e-001
2.000002578527761e-003	9.156446e+000	9.156446e-001
2.000002653675562e-003	9.156568e+000	9.156568e-001
2.000002803971166e-003	9.156686e+000	9.156686e-001
2.000002987946507e-003	9.156726e+000	9.156726e-001
2.000003298136590e-003	9.156738e+000	9.156739e-001
2.000003680461996e-003	9.156803e+000	9.156803e-001
2.000004445112810e-003	9.157180e+000	9.157180e-001
2.000005410086191e-003	9.158080e+000	9.158080e-001
2.000006391064009e-003	9.159517e+000	9.159517e-001
2.000007285845284e-003	9.161355e+000	9.161355e-001
2.000008311499917e-003	9.164101e+000	9.164100e-001
2.000009542785298e-003	9.168318e+000	9.168318e-001
2.000011954742705e-003	9.178500e+000	9.178500e-001
2.000014438657917e-003	9.190800e+000	9.190800e-001
2.000017963217503e-003	9.210170e+000	9.210170e-001
2.000021325357622e-003	9.229428e+000	9.229428e-001
2.000026369986205e-003	9.258312e+000	9.258312e-001
2.000031335176834e-003	9.285734e+000	9.285734e-001
2.000036715574587e-003	9.313733e+000	9.313733e-001
2.000041944125526e-003	9.338930e+000	9.338930e-001
2.000047906660783e-003	9.365157e+000	9.365157e-001
2.000054096491859e-003	9.389783e+000	9.389783e-001
2.000059750853044e-003	9.409898e+000	9.409897e-001
2.000066071427357e-003	9.429803e+000	9.429803e-001
2.000072924433136e-003	9.448669e+000	9.448670e-001
2.000080709460842e-003	9.466930e+000	9.466931e-001
2.000090573104764e-003	9.486030e+000	9.486030e-001
2.000102582004710e-003	9.504633e+000	9.504633e-001
2.000116181379976e-003	9.521074e+000	9.521075e-001
2.000133260719141e-003	9.537702e+000	9.537702e-001
2.000146691848480e-003	9.549527e+000	9.549527e-001
2.000157061494802e-003	9.559503e+000	9.559503e-001
2.000169317718219e-003	9.574866e+000	9.574866e-001
2.000180649633065e-003	9.595816e+000	9.595816e-001
2.000193250527191e-003	9.631915e+000	9.631915e-001
2.000207765267315e-003	9.693871e+000	9.693871e-001
2.000222906104329e-003	9.784132e+000	9.784132e-001
2.000241499634901e-003	9.923781e+000	9.923781e-001
2.000253609873556e-003	1.002796e+001	1.002795e+000
2.000259872358368e-003	1.008551e+001	1.008551e+000
2.000263239475464e-003	1.011702e+001	1.011702e+000
2.000265720626635e-003	1.014030e+001	1.014030e+000
2.000268365253793e-003	1.016510e+001	1.016510e+000
2.000270936686500e-003	1.018915e+001	1.018915e+000
2.000273695476367e-003	1.021484e+001	1.021484e+000
2.000275811770888e-003	1.023444e+001	1.023444e+000
2.000277720354744e-003	1.025200e+001	1.025200e+000
2.000279732126165e-003	1.027037e+001	1.027037e+000
2.000282260297143e-003	1.029322e+001	1.029322e+000
2.000285706101764e-003	1.032392e+001	1.032392e+000
2.000289375830170e-003	1.035597e+001	1.035597e+000
2.000294406738921e-003	1.039886e+001	1.039886e+000
2.000298352705150e-003	1.043158e+001	1.043158e+000
2.000302919714887e-003	1.046837e+001	1.046837e+000
2.000305738098038e-003	1.049042e+001	1.049042e+000
2.000308608149526e-003	1.051222e+001	1.051221e+000
2.000311759042642e-003	1.053541e+001	1.053541e+000
2.000315388780132e-003	1.056134e+001	1.056134e+000
2.000316999724272e-003	1.057251e+001	1.057251e+000
2.000318925627123e-003	1.058550e+001	1.058550e+000
2.000321433282999e-003	1.060198e+001	1.060198e+000
2.000323783269499e-003	1.061696e+001	1.061696e+000
2.000326541724069e-003	1.063393e+001	1.063393e+000
2.000329495740207e-003	1.065132e+001	1.065132e+000
2.000333680021061e-003	1.067478e+001	1.067478e+000
2.000336720241605e-003	1.069097e+001	1.069097e+000
2.000339393987413e-003	1.070445e+001	1.070445e+000
2.000342276260749e-003	1.071823e+001	1.071823e+000
2.000345343006092e-003	1.073203e+001	1.073203e+000
2.000349084364136e-003	1.074743e+001	1.074743e+000
2.000356567080224e-003	1.077419e+001	1.077419e+000
2.000366325640302e-003	1.080245e+001	1.080245e+000
2.000376120551699e-003	1.082211e+001	1.082211e+000
2.000391016275423e-003	1.083650e+001	1.083650e+000
2.000410573303212e-003	1.083603e+001	1.083603e+000
2.000428417082137e-003	1.082231e+001	1.082231e+000
2.000442643634373e-003	1.080643e+001	1.080643e+000
2.000456448251045e-003	1.079070e+001	1.079070e+000
2.000470025302183e-003	1.077626e+001	1.077626e+000
2.000487716448589e-003	1.075845e+001	1.075845e+000
2.000504522346535e-003	1.074204e+001	1.074204e+000
2.000523270680514e-003	1.072413e+001	1.072413e+000
2.000540730080437e-003	1.070778e+001	1.070778e+000
2.000560619866754e-003	1.068952e+001	1.068952e+000
2.000581364745511e-003	1.067086e+001	1.067086e+000
2.000601608695677e-003	1.065308e+001	1.065308e+000
2.000623960632496e-003	1.063455e+001	1.063455e+000
2.000645468086056e-003	1.061897e+001	1.061897e+000
2.000664767601524e-003	1.060651e+001	1.060651e+000
2.000685294117296e-003	1.059274e+001	1.059274e+000
2.000709768895685e-003	1.057485e+001	1.057485e+000
2.000734882649153e-003	1.055566e+001	1.055566e+000
2.000763461420605e-003	1.053361e+001	1.053361e+000
2.000795825792033e-003	1.050891e+001	1.050891e+000
2.000831049561440e-003	1.048262e+001	1.048262e+000
2.000871385088109e-003	1.045336e+001	1.045336e+000
2.000912801649871e-003	1.042434e+001	1.042434e+000
2.000976399366669e-003	1.038153e+001	1.038153e+000
2.001040233650079e-003	1.034040e+001	1.034040e+000
2.001107287330909e-003	1.029937e+001	1.029937e+000
2.001198371211790e-003	1.024693e+001	1.024693e+000
2.001337608486060e-003	1.017174e+001	1.017174e+000
2.001429583026055e-003	1.012510e+001	1.012510e+000
2.001502918506999e-003	1.009001e+001	1.009001e+000
2.001568910404973e-003	1.005979e+001	1.005979e+000
2.001621506333428e-003	1.003654e+001	1.003654e+000
2.001669152860316e-003	1.001612e+001	1.001612e+000
2.001717544116727e-003	9.995910e+000	9.995910e-001
2.001763446768993e-003	9.977168e+000	9.977168e-001
2.001811600332390e-003	9.957932e+000	9.957932e-001
2.001864228445630e-003	9.937371e+000	9.937372e-001
2.001922631921607e-003	9.915026e+000	9.915026e-001
2.001951624760805e-003	9.904145e+000	9.904146e-001
2.001980876253182e-003	9.893361e+000	9.893362e-001
2.002018114256906e-003	9.879846e+000	9.879846e-001
2.002057632420195e-003	9.865734e+000	9.865734e-001
2.002094201328639e-003	9.852901e+000	9.852901e-001
2.002134612042256e-003	9.838976e+000	9.838976e-001
2.002182044002588e-003	9.822946e+000	9.822945e-001
2.002233365090029e-003	9.805987e+000	9.805987e-001
2.002299727323476e-003	9.784641e+000	9.784641e-001
2.002368927499212e-003	9.763300e+000	9.763300e-001
2.002470066246815e-003	9.734488e+000	9.734488e-001
2.002552187613743e-003	9.714648e+000	9.714649e-001
2.002605924739332e-003	9.705853e+000	9.705853e-001
2.002661989868503e-003	9.702358e+000	9.702358e-001
2.002713232173466e-003	9.704112e+000	9.704111e-001
2.002746077117166e-003	9.707916e+000	9.707916e-001
2.002784288810856e-003	9.714474e+000	9.714473e-001
2.002819123049190e-003	9.721507e+000	9.721507e-001
2.002857806964047e-003	9.729871e+000	9.729871e-001
2.002903086817064e-003	9.739662e+000	9.739662e-001
2.002953089377418e-003	9.750065e+000	9.750065e-001
2.002999789701886e-003	9.759237e+000	9.759237e-001
2.003051513503866e-003	9.768854e+000	9.768853e-001
2.003103686251219e-003	9.778201e+000	9.778201e-001
2.003167165930553e-003	9.789400e+000	9.789400e-001
2.003252350553093e-003	9.804482e+000	9.804482e-001
2.003351939795314e-003	9.822311e+000	9.822311e-001
2.003459532963602e-003	9.841709e+000	9.841709e-001
2.003582623416385e-003	9.863852e+000	9.863851e-001
2.003690116457599e-003	9.882983e+000	9.882984e-001
2.003786431847510e-003	9.899796e+000	9.899796e-001
2.003883636204219e-003	9.916169e+000	9.916169e-001
2.003990810521035e-003	9.933041e+000	9.933041e-001
2.004103934824058e-003	9.948429e+000	9.948429e-001
2.004274990016890e-003	9.966785e+000	9.966786e-001
2.004400088481043e-003	9.976410e+000	9.976410e-001
2.004507694811473e-003	9.981846e+000	9.981846e-001
2.004631729089287e-003	9.986038e+000	9.986038e-001
2.004765340357786e-003	9.989097e+000	9.989096e-001
2.004906803287003e-003	9.991215e+000	9.991214e-001
2.005058721795044e-003	9.992591e+000	9.992591e-001
2.005290013750803e-003	9.993710e+000	9.993710e-001
2.005605516316100e-003	9.994422e+000	9.994422e-001
2.005962687020448e-003	9.994720e+000	9.994720e-001
2.006361404965293e-003	9.994808e+000	9.994808e-001
2.007158840854985e-003	9.994837e+000	9.994837e-001
2.008158840854985e-003	9.994837e+000	9.994837e-001
2.009158840854985e-003	9.994832e+000	9.994832e-001
2.010158840854985e-003	9.994828e+000	9.994828e-001
2.011158840854985e-003	9.994824e+000	9.994824e-001
2.012158840854985e-003	9.994821e+000	9.994820e-001
2.013158840854985e-003	9.994816e+000	9.994817e-001
2.014158840854985e-003	9.994812e+000	9.994813e-001
2.015158840854985e-003	9.994809e+000	9.994809e-001
2.016158840854985e-003	9.994805e+000	9.994805e-001
2.017158840854985e-003	9.994802e+000	9.994802e-001
2.018158840854985e-003	9.994799e+000	9.994798e-001
2.019158840854985e-003	9.994795e+000	9.994795e-001
2.020158840854985e-003	9.994792e+000	9.994792e-001
2.021158840854985e-003	9.994788e+000	9.994788e-001
2.022158840854985e-003	9.994785e+000	9.994785e-001
2.023158840854985e-003	9.994781e+000	9.994782e-001
2.024158840854985e-003	9.994779e+000	9.994779e-001
2.025158840854985e-003	9.994776e+000	9.994776e-001
2.026158840854985e-003	9.994772e+000	9.994773e-001
2.027158840854985e-003	9.994770e+000	9.994769e-001
2.028158840854985e-003	9.994766e+000	9.994767e-001
2.029158840854985e-003	9.994763e+000	9.994763e-001
2.030158840854985e-003	9.994761e+000	9.994761e-001
2.031158840854985e-003	9.994758e+000	9.994758e-001
2.032158840854985e-003	9.994755e+000	9.994755e-001
2.033158840854985e-003	9.994752e+000	9.994752e-001
2.034158840854985e-003	9.994749e+000	9.994749e-001
2.035158840854985e-003	9.994746e+000	9.994746e-001
2.036158840854985e-003	9.994743e+000	9.994743e-001
2.037158840854985e-003	9.994741e+000	9.994741e-001
2.038158840854985e-003	9.994739e+000	9.994739e-001
2.039158840854985e-003	9.994736e+000	9.994736e-001
2.040158840854985e-003	9.994733e+000	9.994733e-001
2.041158840854985e-003	9.994731e+000	9.994730e-001
2.042158840854985e-003	9.994728e+000	9.994728e-001
2.043158840854985e-003	9.994726e+000	9.994726e-001
2.044158840854985e-003	9.994723e+000	9.994723e-001
2.045158840854985e-003	9.994720e+000	9.994721e-001
2.046158840854985e-003	9.994718e+000	9.994718e-001
2.047158840854985e-003	9.994716e+000	9.994715e-001
2.048158840854985e-003	9.994713e+000	9.994714e-001
2.049158840854985e-003	9.994711e+000	9.994711e-001
2.050158840854985e-003	9.994709e+000	9.994709e-001
2.051158840854985e-003	9.994707e+000	9.994707e-001
2.052158840854985e-003	9.994704e+000	9.994704e-001
2.053158840854985e-003	9.994702e+000	9.994702e-001
2.054158840854985e-003	9.994699e+000	9.994700e-001
2.055158840854985e-003	9.994698e+000	9.994698e-001
2.056158840854985e-003	9.994696e+000	9.994696e-001
2.057158840854985e-003	9.994694e+000	9.994693e-001
2.058158840854985e-003	9.994691e+000	9.994691e-001
2.059158840854985e-003	9.994689e+000	9.994689e-001
2.060158840854985e-003	9.994687e+000	9.994687e-001
2.061158840854985e-003	9.994685e+000	9.994684e-001
2.062158840854985e-003	9.994682e+000	9.994683e-001
2.063158840854985e-003	9.994680e+000	9.994681e-001
2.064158840854985e-003	9.994678e+000	9.994679e-001
2.065158840854985e-003	9.994677e+000	9.994677e-001
2.066158840854985e-003	9.994675e+000	9.994675e-001
2.067158840854985e-003	9.994673e+000	9.994673e-001
2.069158840854985e-003	9.994669e+000	9.994669e-001
2.070158840854985e-003	9.994667e+000	9.994667e-001
2.071158840854985e-003	9.994665e+000	9.994665e-001
2.072158840854985e-003	9.994663e+000	9.994664e-001
2.073158840854985e-003	9.994661e+000	9.994662e-001
2.074158840854985e-003	9.994659e+000	9.994660e-001
2.075158840854985e-003	9.994658e+000	9.994658e-001
2.076158840854985e-003	9.994657e+000	9.994656e-001
2.077158840854985e-003	9.994655e+000	9.994655e-001
2.078158840854985e-003	9.994653e+000	9.994653e-001
2.079158840854985e-003	9.994651e+000	9.994651e-001
2.080158840854985e-003	9.994650e+000	9.994650e-001
2.081158840854985e-003	9.994648e+000	9.994648e-001
2.082158840854985e-003	9.994646e+000	9.994646e-001
2.083158840854985e-003	9.994644e+000	9.994645e-001
2.084158840854985e-003	9.994643e+000	9.994643e-001
2.085158840854985e-003	9.994641e+000	9.994642e-001
2.086158840854985e-003	9.994639e+000	9.994640e-001
2.087158840854985e-003	9.994638e+000	9.994638e-001
2.088158840854985e-003	9.994637e+000	9.994637e-001
2.089158840854985e-003	9.994635e+000	9.994635e-001
2.090158840854985e-003	9.994634e+000	9.994633e-001
2.091158840854985e-003	9.994632e+000	9.994632e-001
2.092158840854985e-003	9.994631e+000	9.994630e-001
2.093158840854985e-003	9.994629e+000	9.994629e-001
2.094158840854985e-003	9.994628e+000	9.994627e-001
2.095158840854985e-003	9.994626e+000	9.994626e-001
2.096158840854985e-003	9.994624e+000	9.994625e-001
2.097158840854985e-003	9.994623e+000	9.994623e-001
2.098158840854985e-003	9.994622e+000	9.994622e-001
2.099158840854985e-003	9.994620e+000	9.994620e-001
2.100158840854985e-003	9.994619e+000	9.994619e-001
2.101158840854985e-003	9.994617e+000	9.994618e-001
2.102158840854985e-003	9.994617e+000	9.994617e-001
2.103158840854985e-003	9.994615e+000	9.994615e-001
2.104158840854985e-003	9.994614e+000	9.994614e-001
2.105158840854985e-003	9.994612e+000	9.994612e-001
2.106158840854985e-003	9.994611e+000	9.994611e-001
2.107158840854985e-003	9.994610e+000	9.994609e-001
2.108158840854985e-003	9.994609e+000	9.994608e-001
2.109158840854985e-003	9.994607e+000	9.994607e-001
2.110158840854985e-003	9.994606e+000	9.994606e-001
2.111158840854985e-003	9.994604e+000	9.994605e-001
2.112158840854985e-003	9.994603e+000	9.994603e-001
2.113158840854985e-003	9.994602e+000	9.994602e-001
2.114158840854985e-003	9.994601e+000	9.994601e-001
2.115158840854985e-003	9.994599e+000	9.994600e-001
2.116158840854985e-003	9.994598e+000	9.994599e-001
2.117158840854985e-003	9.994597e+000	9.994597e-001
2.118158840854985e-003	9.994596e+000	9.994596e-001
2.119158840854985e-003	9.994595e+000	9.994595e-001
2.120158840854985e-003	9.994594e+000	9.994594e-001
2.121158840854985e-003	9.994593e+000	9.994593e-001
2.122158840854985e-003	9.994592e+000	9.994591e-001
2.123158840854985e-003	9.994591e+000	9.994590e-001
2.124158840854985e-003	9.994590e+000	9.994589e-001
2.125158840854985e-003	9.994589e+000	9.994588e-001
2.126158840854985e-003	9.994587e+000	9.994587e-001
2.127158840854985e-003	9.994586e+000	9.994587e-001
2.128158840854985e-003	9.994585e+000	9.994586e-001
2.129158840854985e-003	9.994584e+000	9.994584e-001
2.130158840854985e-003	9.994583e+000	9.994583e-001
2.131158840854985e-003	9.994582e+000	9.994582e-001
2.132158840854985e-003	9.994581e+000	9.994581e-001
2.133158840854985e-003	9.994580e+000	9.994580e-001
2.134158840854985e-003	9.994579e+000	9.994579e-001
2.135158840854985e-003	9.994578e+000	9.994578e-001
2.136158840854985e-003	9.994577e+000	9.994577e-001
2.137158840854985e-003	9.994576e+000	9.994577e-001
2.138158840854985e-003	9.994576e+000	9.994575e-001
2.139158840854985e-003	9.994575e+000	9.994575e-001
2.140158840854985e-003	9.994574e+000	9.994574e-001
2.142158840854985e-003	9.994572e+000	9.994572e-001
2.143158840854985e-003	9.994571e+000	9.994571e-001
2.144158840854985e-003	9.994570e+000	9.994570e-001
2.145158840854985e-003	9.994569e+000	9.994569e-001
2.146158840854985e-003	9.994568e+000	9.994568e-001
2.147158840854985e-003	9.994567e+000	9.994568e-001
2.148158840854985e-003	9.994566e+000	9.994566e-001
2.149158840854985e-003	9.994566e+000	9.994566e-001
2.150158840854985e-003	9.994565e+000	9.994565e-001
2.151158840854985e-003	9.994564e+000	9.994564e-001
2.152158840854985e-003	9.994563e+000	9.994563e-001
2.154158840854985e-003	9.994562e+000	9.994561e-001
2.155158840854985e-003	9.994560e+000	9.994560e-001
2.156158840854985e-003	9.994560e+000	9.994560e-001
2.157158840854985e-003	9.994558e+000	9.994559e-001
2.158158840854985e-003	9.994558e+000	9.994558e-001
2.159158840854985e-003	9.994557e+000	9.994557e-001
2.160158840854985e-003	9.994556e+000	9.994557e-001
2.161158840854985e-003	9.994556e+000	9.994556e-001
2.162158840854985e-003	9.994555e+000	9.994555e-001
2.163158840854985e-003	9.994555e+000	9.994555e-001
2.164158840854985e-003	9.994555e+000	9.994554e-001
2.166158840854985e-003	9.994553e+000	9.994552e-001
2.167158840854985e-003	9.994552e+000	9.994552e-001
2.168158840854985e-003	9.994551e+000	9.994551e-001
2.169158840854985e-003	9.994551e+000	9.994550e-001
2.170158840854985e-003	9.994550e+000	9.994550e-001
2.171158840854985e-003	9.994549e+000	9.994549e-001
2.172158840854985e-003	9.994549e+000	9.994548e-001
2.173158840854985e-003	9.994547e+000	9.994547e-001
2.174158840854985e-003	9.994547e+000	9.994547e-001
2.175158840854985e-003	9.994546e+000	9.994546e-001
2.176158840854985e-003	9.994546e+000	9.994546e-001
2.177158840854985e-003	9.994545e+000	9.994545e-001
2.178158840854985e-003	9.994545e+000	9.994544e-001
2.179158840854985e-003	9.994543e+000	9.994544e-001
2.180158840854985e-003	9.994543e+000	9.994543e-001
2.181158840854985e-003	9.994542e+000	9.994543e-001
2.182158840854985e-003	9.994542e+000	9.994542e-001
2.183158840854985e-003	9.994541e+000	9.994541e-001
2.184158840854985e-003	9.994541e+000	9.994541e-001
2.185158840854985e-003	9.994540e+000	9.994540e-001
2.186158840854985e-003	9.994539e+000	9.994540e-001
2.187158840854985e-003	9.994539e+000	9.994539e-001
2.188158840854985e-003	9.994538e+000	9.994538e-001
2.189158840854985e-003	9.994537e+000	9.994538e-001
2.190158840854985e-003	9.994537e+000	9.994537e-001
2.191158840854985e-003	9.994536e+000	9.994537e-001
2.192158840854985e-003	9.994536e+000	9.994536e-001
2.193158840854985e-003	9.994535e+000	9.994535e-001
2.194158840854985e-003	9.994535e+000	9.994535e-001
2.195158840854985e-003	9.994534e+000	9.994534e-001
2.196158840854985e-003	9.994534e+000	9.994534e-001
2.197158840854985e-003	9.994534e+000	9.994533e-001
2.198158840854985e-003	9.994533e+000	9.994533e-001
2.199158840854985e-003	9.994533e+000	9.994532e-001
2.200158840854985e-003	9.994532e+000	9.994532e-001
2.201158840854985e-003	9.994532e+000	9.994531e-001
2.203158840854985e-003	9.994530e+000	9.994530e-001
2.204158840854985e-003	9.994530e+000	9.994530e-001
2.205158840854985e-003	9.994529e+000	9.994529e-001
2.206158840854985e-003	9.994529e+000	9.994529e-001
2.207158840854985e-003	9.994528e+000	9.994528e-001
2.208158840854985e-003	9.994528e+000	9.994528e-001
2.209158840854985e-003	9.994528e+000	9.994527e-001
2.210158840854985e-003	9.994527e+000	9.994527e-001
2.211158840854985e-003	9.994527e+000	9.994527e-001
2.212158840854985e-003	9.994526e+000	9.994526e-001
2.213158840854985e-003	9.994526e+000	9.994525e-001
2.215158840854985e-003	9.994525e+000	9.994525e-001
2.216158840854985e-003	9.994524e+000	9.994524e-001
2.217158840854985e-003	9.994524e+000	9.994524e-001
2.218158840854985e-003	9.994523e+000	9.994524e-001
2.219158840854985e-003	9.994523e+000	9.994523e-001
2.220158840854985e-003	9.994522e+000	9.994522e-001
2.221158840854985e-003	9.994522e+000	9.994522e-001
2.222158840854985e-003	9.994522e+000	9.994522e-001
2.223158840854985e-003	9.994521e+000	9.994521e-001
2.224158840854985e-003	9.994521e+000	9.994521e-001
2.225158840854985e-003	9.994520e+000	9.994521e-001
2.227158840854985e-003	9.994520e+000	9.994519e-001
2.228158840854985e-003	9.994519e+000	9.994519e-001
2.229158840854985e-003	9.994519e+000	9.994519e-001
2.230158840854985e-003	9.994518e+000	9.994519e-001
2.231158840854985e-003	9.994518e+000	9.994518e-001
2.232158840854985e-003	9.994518e+000	9.994518e-001
2.233158840854985e-003	9.994517e+000	9.994518e-001
2.234158840854985e-003	9.994517e+000	9.994517e-001
2.235158840854985e-003	9.994516e+000	9.994516e-001
2.236158840854985e-003	9.994516e+000	9.994516e-001
2.237158840854985e-003	9.994516e+000	9.994516e-001
2.239158840854985e-003	9.994515e+000	9.994515e-001
2.240158840854985e-003	9.994514e+000	9.994515e-001
2.241158840854985e-003	9.994514e+000	9.994515e-001
2.242158840854985e-003	9.994514e+000	9.994515e-001
2.243158840854985e-003	9.994514e+000	9.994514e-001
2.244158840854985e-003	9.994514e+000	9.994514e-001
2.245158840854985e-003	9.994514e+000	9.994513e-001
2.246158840854985e-003	9.994513e+000	9.994513e-001
2.247158840854985e-003	9.994513e+000	9.994513e-001
2.248158840854985e-003	9.994513e+000	9.994512e-001
2.249158840854985e-003	9.994513e+000	9.994512e-001
2.252158840854985e-003	9.994511e+000	9.994511e-001
2.253158840854985e-003	9.994511e+000	9.994511e-001
2.254158840854985e-003	9.994511e+000	9.994510e-001
2.255158840854985e-003	9.994511e+000	9.994510e-001
2.256158840854985e-003	9.994510e+000	9.994510e-001
2.257158840854985e-003	9.994510e+000	9.994510e-001
2.258158840854985e-003	9.994509e+000	9.994509e-001
2.259158840854985e-003	9.994509e+000	9.994509e-001
2.260158840854985e-003	9.994509e+000	9.994509e-001
2.261158840854985e-003	9.994509e+000	9.994509e-001
2.264158840854985e-003	9.994508e+000	9.994507e-001
2.265158840854985e-003	9.994507e+000	9.994507e-001
2.266158840854985e-003	9.994507e+000	9.994507e-001
2.267158840854985e-003	9.994507e+000	9.994507e-001
2.268158840854985e-003	9.994507e+000	9.994507e-001
2.269158840854985e-003	9.994507e+000	9.994506e-001
2.270158840854985e-003	9.994506e+000	9.994506e-001
2.271158840854985e-003	9.994506e+000	9.994506e-001
2.272158840854985e-003	9.994505e+000	9.994506e-001
2.273158840854985e-003	9.994505e+000	9.994506e-001
2.276158840854985e-003	9.994505e+000	9.994504e-001
2.277158840854985e-003	9.994505e+000	9.994504e-001
2.278158840854985e-003	9.994504e+000	9.994504e-001
2.279158840854985e-003	9.994504e+000	9.994504e-001
2.280158840854985e-003	9.994503e+000	9.994504e-001
2.281158840854985e-003	9.994503e+000	9.994503e-001
2.282158840854985e-003	9.994503e+000	9.994503e-001
2.283158840854985e-003	9.994503e+000	9.994503e-001
2.284158840854985e-003	9.994503e+000	9.994503e-001
2.285158840854985e-003	9.994503e+000	9.994503e-001
2.288158840854985e-003	9.994502e+000	9.994502e-001
2.289158840854985e-003	9.994502e+000	9.994502e-001
2.290158840854985e-003	9.994501e+000	9.994501e-001
2.291158840854985e-003	9.994501e+000	9.994501e-001
2.292158840854985e-003	9.994501e+000	9.994501e-001
2.293158840854985e-003	9.994501e+000	9.994501e-001
2.294158840854985e-003	9.994501e+000	9.994501e-001
2.295158840854985e-003	9.994501e+000	9.994501e-001
2.296158840854985e-003	9.994500e+000	9.994500e-001
2.297158840854985e-003	9.994500e+000	9.994500e-001
2.301158840854985e-003	9.994499e+000	9.994500e-001
2.302158840854985e-003	9.994499e+000	9.994499e-001
2.303158840854985e-003	9.994499e+000	9.994499e-001
2.304158840854985e-003	9.994499e+000	9.994498e-001
2.305158840854985e-003	9.994499e+000	9.994498e-001
2.306158840854985e-003	9.994498e+000	9.994498e-001
2.307158840854985e-003	9.994498e+000	9.994498e-001
2.308158840854985e-003	9.994498e+000	9.994498e-001
2.310158840854985e-003	9.994497e+000	9.994497e-001
2.313158840854985e-003	9.994497e+000	9.994497e-001
2.314158840854985e-003	9.994497e+000	9.994497e-001
2.315158840854985e-003	9.994497e+000	9.994497e-001
2.316158840854985e-003	9.994496e+000	9.994497e-001
2.317158840854985e-003	9.994496e+000	9.994497e-001
2.318158840854985e-003	9.994496e+000	9.994496e-001
2.319158840854985e-003	9.994496e+000	9.994496e-001
2.320158840854985e-003	9.994495e+000	9.994496e-001
2.322158840854985e-003	9.994495e+000	9.994496e-001
2.325158840854985e-003	9.994495e+000	9.994496e-001
2.327158840854985e-003	9.994495e+000	9.994495e-001
2.328158840854985e-003	9.994494e+000	9.994495e-001
2.329158840854985e-003	9.994494e+000	9.994495e-001
2.330158840854985e-003	9.994494e+000	9.994494e-001
2.331158840854985e-003	9.994494e+000	9.994494e-001
2.332158840854985e-003	9.994494e+000	9.994494e-001
2.334158840854985e-003	9.994493e+000	9.994494e-001
2.334873126569271e-003	9.994493e+000	9.994494e-001
2.335587412283556e-003	9.994493e+000	9.994494e-001
2.336301697997842e-003	9.994493e+000	9.994494e-001
2.337015983712128e-003	9.994493e+000	9.994494e-001
2.337730269426414e-003	9.994493e+000	9.994494e-001
2.338444555140699e-003	9.994493e+000	9.994494e-001
2.339158840854985e-003	9.994493e+000	9.994494e-001
2.340158840854985e-003	9.994493e+000	9.994493e-001
2.341158840854985e-003	9.994493e+000	9.994493e-001
2.342158840854985e-003	9.994493e+000	9.994493e-001
2.343158840854985e-003	9.994493e+000	9.994493e-001
2.345158840854985e-003	9.994493e+000	9.994493e-001
2.346015983712128e-003	9.994493e+000	9.994492e-001
2.346873126569271e-003	9.994493e+000	9.994492e-001
2.347730269426414e-003	9.994493e+000	9.994492e-001
2.348587412283556e-003	9.994492e+000	9.994492e-001
2.349444555140699e-003	9.994492e+000	9.994492e-001
2.350301697997842e-003	9.994492e+000	9.994492e-001
2.351158840854985e-003	9.994492e+000	9.994492e-001
2.353158840854985e-003	9.994492e+000	9.994492e-001
2.355158840854985e-003	9.994492e+000	9.994491e-001
2.357158840854985e-003	9.994492e+000	9.994491e-001
2.358015983712128e-003	9.994491e+000	9.994491e-001
2.358873126569271e-003	9.994491e+000	9.994491e-001
2.359730269426414e-003	9.994491e+000	9.994491e-001
2.360587412283556e-003	9.994491e+000	9.994491e-001
2.361444555140699e-003	9.994491e+000	9.994491e-001
2.362301697997842e-003	9.994491e+000	9.994491e-001
2.363158840854985e-003	9.994491e+000	9.994491e-001
2.365158840854985e-003	9.994491e+000	9.994490e-001
2.367158840854985e-003	9.994491e+000	9.994490e-001
2.369158840854985e-003	9.994490e+000	9.994490e-001
2.370158840854985e-003	9.994490e+000	9.994490e-001
2.371158840854985e-003	9.994490e+000	9.994490e-001
2.372158840854985e-003	9.994490e+000	9.994490e-001
2.373158840854985e-003	9.994490e+000	9.994490e-001
2.374158840854985e-003	9.994490e+000	9.994489e-001
2.375158840854985e-003	9.994490e+000	9.994489e-001
2.376158840854985e-003	9.994490e+000	9.994490e-001
2.378158840854985e-003	9.994489e+000	9.994489e-001
2.380158840854985e-003	9.994489e+000	9.994489e-001
2.383158840854985e-003	9.994489e+000	9.994489e-001
2.384301697997842e-003	9.994489e+000	9.994489e-001
2.385444555140699e-003	9.994489e+000	9.994489e-001
2.386587412283556e-003	9.994489e+000	9.994488e-001
2.387730269426414e-003	9.994489e+000	9.994488e-001
2.388873126569271e-003	9.994488e+000	9.994488e-001
2.390015983712128e-003	9.994488e+000	9.994488e-001
2.391158840854985e-003	9.994488e+000	9.994488e-001
2.394158840854985e-003	9.994488e+000	9.994488e-001
2.395301697997842e-003	9.994488e+000	9.994488e-001
2.396444555140699e-003	9.994488e+000	9.994488e-001
2.397587412283556e-003	9.994488e+000	9.994488e-001
2.398730269426413e-003	9.994488e+000	9.994488e-001
2.399873126569271e-003	9.994488e+000	9.994488e-001
2.401015983712128e-003	9.994488e+000	9.994487e-001
2.402158840854985e-003	9.994488e+000	9.994487e-001
2.405158840854985e-003	9.994487e+000	9.994487e-001
2.406301697997842e-003	9.994487e+000	9.994487e-001
2.407444555140699e-003	9.994487e+000	9.994487e-001
2.408587412283556e-003	9.994487e+000	9.994487e-001
2.409730269426414e-003	9.994487e+000	9.994487e-001
2.410873126569271e-003	9.994487e+000	9.994486e-001
2.412015983712128e-003	9.994487e+000	9.994487e-001
2.413158840854985e-003	9.994487e+000	9.994487e-001
2.416158840854985e-003	9.994487e+000	9.994487e-001
2.417301697997842e-003	9.994486e+000	9.994486e-001
2.418444555140699e-003	9.994486e+000	9.994486e-001
2.419587412283556e-003	9.994486e+000	9.994486e-001
2.420730269426414e-003	9.994486e+000	9.994486e-001
2.421873126569271e-003	9.994486e+000	9.994486e-001
2.423015983712128e-003	9.994486e+000	9.994486e-001
2.424158840854985e-003	9.994486e+000	9.994486e-001
2.427158840854985e-003	9.994486e+000	9.994485e-001
2.428444555140699e-003	9.994486e+000	9.994485e-001
2.429730269426414e-003	9.994486e+000	9.994485e-001
2.431015983712128e-003	9.994486e+000	9.994485e-001
2.432301697997842e-003	9.994486e+000	9.994485e-001
2.433587412283556e-003	9.994486e+000	9.994485e-001
2.434873126569271e-003	9.994486e+000	9.994485e-001
2.436158840854985e-003	9.994486e+000	9.994485e-001
2.439158840854985e-003	9.994485e+000	9.994485e-001
2.440587412283556e-003	9.994485e+000	9.994485e-001
2.442015983712128e-003	9.994485e+000	9.994485e-001
2.443444555140699e-003	9.994485e+000	9.994485e-001
2.444873126569270e-003	9.994485e+000	9.994485e-001
2.446301697997842e-003	9.994485e+000	9.994485e-001
2.447730269426413e-003	9.994485e+000	9.994485e-001
2.449158840854985e-003	9.994485e+000	9.994485e-001
2.450730269426413e-003	9.994485e+000	9.994485e-001
2.452301697997842e-003	9.994484e+000	9.994484e-001
2.453873126569271e-003	9.994484e+000	9.994484e-001
2.455444555140699e-003	9.994484e+000	9.994484e-001
2.457015983712128e-003	9.994484e+000	9.994484e-001
2.458587412283557e-003	9.994484e+000	9.994484e-001
2.460158840854985e-003	9.994484e+000	9.994484e-001
2.461873126569271e-003	9.994484e+000	9.994484e-001
2.463587412283556e-003	9.994484e+000	9.994484e-001
2.465301697997842e-003	9.994484e+000	9.994484e-001
2.467015983712128e-003	9.994484e+000	9.994484e-001
2.468730269426414e-003	9.994484e+000	9.994484e-001
2.470444555140699e-003	9.994484e+000	9.994484e-001
2.472158840854985e-003	9.994484e+000	9.994484e-001
2.474015983712128e-003	9.994484e+000	9.994484e-001
2.475873126569271e-003	9.994484e+000	9.994483e-001
2.477730269426414e-003	9.994484e+000	9.994483e-001
2.479587412283556e-003	9.994484e+000	9.994483e-001
2.481444555140699e-003	9.994484e+000	9.994483e-001
2.483301697997842e-003	9.994484e+000	9.994483e-001
2.485158840854985e-003	9.994484e+000	9.994483e-001
2.487015983712128e-003	9.994484e+000	9.994483e-001
2.488873126569271e-003	9.994483e+000	9.994483e-001
2.490730269426414e-003	9.994483e+000	9.994483e-001
2.492587412283556e-003	9.994483e+000	9.994483e-001
2.494444555140699e-003	9.994483e+000	9.994483e-001
2.496301697997842e-003	9.994483e+000	9.994483e-001
2.498158840854985e-003	9.994483e+000	9.994483e-001
2.500158840854985e-003	9.994483e+000	9.994483e-001
2.502158840854985e-003	9.994482e+000	9.994483e-001
2.504158840854985e-003	9.994482e+000	9.994483e-001
2.506158840854985e-003	9.994482e+000	9.994483e-001
2.508158840854985e-003	9.994482e+000	9.994483e-001
2.510158840854985e-003	9.994482e+000	9.994483e-001
2.512158840854985e-003	9.994482e+000	9.994483e-001
2.514444555140699e-003	9.994482e+000	9.994483e-001
2.516730269426414e-003	9.994482e+000	9.994483e-001
2.519015983712128e-003	9.994482e+000	9.994482e-001
2.521301697997842e-003	9.994482e+000	9.994482e-001
2.523587412283557e-003	9.994482e+000	9.994482e-001
2.525873126569271e-003	9.994482e+000	9.994482e-001
2.528158840854985e-003	9.994482e+000	9.994482e-001
2.531015983712128e-003	9.994482e+000	9.994482e-001
2.533873126569271e-003	9.994482e+000	9.994482e-001
2.536730269426414e-003	9.994482e+000	9.994482e-001
2.539587412283557e-003	9.994482e+000	9.994482e-001
2.542444555140700e-003	9.994482e+000	9.994482e-001
2.545301697997842e-003	9.994482e+000	9.994482e-001
2.548158840854985e-003	9.994482e+000	9.994482e-001
2.552015983712128e-003	9.994482e+000	9.994482e-001
2.555873126569271e-003	9.994482e+000	9.994482e-001
2.559730269426414e-003	9.994482e+000	9.994482e-001
2.563587412283556e-003	9.994482e+000	9.994482e-001
2.567444555140699e-003	9.994482e+000	9.994482e-001
2.571301697997842e-003	9.994482e+000	9.994482e-001
2.575158840854985e-003	9.994482e+000	9.994482e-001
2.579158840854985e-003	9.994482e+000	9.994482e-001
2.583158840854985e-003	9.994482e+000	9.994481e-001
2.587158840854985e-003	9.994482e+000	9.994481e-001
2.591158840854985e-003	9.994482e+000	9.994481e-001
2.595158840854985e-003	9.994482e+000	9.994481e-001
2.599158840854985e-003	9.994481e+000	9.994481e-001
2.603158840854985e-003	9.994481e+000	9.994481e-001
2.623158840854985e-003	9.994481e+000	9.994481e-001
2.643158840854985e-003	9.994480e+000	9.994481e-001
2.663158840854985e-003	9.994480e+000	9.994481e-001
2.683158840854985e-003	9.994480e+000	9.994481e-001
2.703158840854985e-003	9.994480e+000	9.994481e-001
2.723158840854985e-003	9.994480e+000	9.994481e-001
2.743158840854985e-003	9.994480e+000	9.994481e-001
2.765158840854985e-003	9.994480e+000	9.994480e-001
2.787158840854985e-003	9.994480e+000	9.994480e-001
2.809158840854985e-003	9.994480e+000	9.994480e-001
2.831158840854985e-003	9.994480e+000	9.994480e-001
2.853158840854985e-003	9.994480e+000	9.994480e-001
2.875158840854985e-003	9.994480e+000	9.994480e-001
2.897158840854985e-003	9.994480e+000	9.994480e-001
2.898158840854985e-003	9.994480e+000	9.994480e-001
2.973015983712128e-003	9.994480e+000	9.994480e-001
3.047873126569271e-003	9.994480e+000	9.994480e-001
3.122730269426413e-003	9.994480e+000	9.994480e-001
3.197587412283556e-003	9.994480e+000	9.994480e-001
3.272444555140699e-003	9.994480e+000	9.994480e-001
3.347301697997842e-003	9.994480e+000	9.994480e-001
3.422158840854985e-003	9.994480e+000	9.994480e-001
3.922158840854985e-003	9.994480e+000	9.994480e-001
3.999000000000000e-003	9.994480e+000	9.994480e-001
4.000000000000000e-003	1.042113e+001	5.007206e-001
4.000002004501369e-003	1.058397e+001	3.331472e-001
4.000006013504107e-003	1.093393e+001	1.104326e-009
4.000006901007948e-003	1.093139e+001	1.104071e-009
4.000007477298720e-003	1.093052e+001	1.103983e-009
4.000007999579292e-003	1.093278e+001	1.104211e-009
4.000008290656124e-003	1.093239e+001	1.104172e-009
4.000008614355234e-003	1.093310e+001	1.104243e-009
4.000008911467022e-003	1.093318e+001	1.104251e-009
4.000009363669782e-003	1.093337e+001	1.104270e-009
4.000010040774795e-003	1.093354e+001	1.104287e-009
4.000010703700921e-003	1.093365e+001	1.104299e-009
4.000011443634726e-003	1.093372e+001	1.104305e-009
4.000012179822980e-003	1.093373e+001	1.104307e-009
4.000013128880828e-003	1.093368e+001	1.104302e-009
4.000014231134210e-003	1.093354e+001	1.104288e-009
4.000015529498185e-003	1.093328e+001	1.104261e-009
4.000016854619553e-003	1.093292e+001	1.104225e-009
4.000018218177916e-003	1.093247e+001	1.104180e-009
4.000019751491258e-003	1.093191e+001	1.104123e-009
4.000021335868232e-003	1.093130e+001	1.104062e-009
4.000022886732467e-003	1.093070e+001	1.104000e-009
4.000025084143167e-003	1.092984e+001	1.103914e-009
4.000027419915849e-003	1.092894e+001	1.103823e-009
4.000030358518394e-003	1.092784e+001	1.103712e-009
4.000033835732004e-003	1.092657e+001	1.103583e-009
4.000038475315933e-003	1.092491e+001	1.103416e-009
4.000042787641523e-003	1.092340e+001	1.103264e-009
4.000047841693636e-003	1.092165e+001	1.103087e-009
4.000053146495624e-003	1.091983e+001	1.102903e-009
4.000062774429100e-003	1.091657e+001	1.102573e-009
4.000076388189820e-003	1.091199e+001	1.102112e-009
4.000089059877686e-003	1.090779e+001	1.101687e-009
4.000103514771094e-003	1.090305e+001	1.101208e-009
4.000118711901608e-003	1.089813e+001	1.100712e-009
4.000135793843411e-003	1.089281e+001	1.100174e-009
4.000153550909255e-003	1.088800e+001	1.099688e-009
4.000165821840161e-003	1.088579e+001	1.099465e-009
4.000178513296266e-003	1.088445e+001	1.099329e-009
4.000191179282698e-003	1.088304e+001	1.099187e-009
4.000204747499657e-003	1.088093e+001	1.098973e-009
4.000217863591954e-003	1.087827e+001	1.098705e-009
4.000232748685992e-003	1.087471e+001	1.098346e-009
4.000248803721056e-003	1.087045e+001	1.097915e-009
4.000264266927942e-003	1.086608e+001	1.097474e-009
4.000281247731357e-003	1.086112e+001	1.096973e-009
4.000297133092568e-003	1.085639e+001	1.096495e-009
4.000314678708842e-003	1.085114e+001	1.095965e-009
4.000332327581947e-003	1.084585e+001	1.095431e-009
4.000353141113784e-003	1.083966e+001	1.094806e-009
4.000378607429255e-003	1.083216e+001	1.094048e-009
4.000399099434112e-003	1.082618e+001	1.093444e-009
4.000419465149258e-003	1.082032e+001	1.092852e-009
4.000444732654313e-003	1.081314e+001	1.092127e-009
4.000470196943695e-003	1.080601e+001	1.091407e-009
4.000504431545400e-003	1.079660e+001	1.090457e-009
4.000551046275680e-003	1.078408e+001	1.089192e-009
4.000598736954928e-003	1.077161e+001	1.087932e-009
4.000663701641491e-003	1.075515e+001	1.086270e-009
4.000729410391188e-003	1.073918e+001	1.084657e-009
4.000860827890581e-003	1.070888e+001	1.081597e-009
4.000990787526932e-003	1.068107e+001	1.078788e-009
4.001250706799633e-003	1.063126e+001	1.073758e-009
4.001639958983603e-003	1.056729e+001	1.067296e-009
4.002220396864508e-003	1.048986e+001	1.059475e-009
4.002934098163598e-003	1.041584e+001	1.052000e-009
4.003701572026435e-003	1.035630e+001	1.045986e-009
4.004529658181617e-003	1.031009e+001	1.041319e-009
4.005529658181617e-003	1.027091e+001	1.037362e-009
4.006356350079848e-003	1.024835e+001	1.035084e-009
4.007256060773980e-003	1.023144e+001	1.033376e-009
4.008137705659255e-003	1.022034e+001	1.032255e-009
4.008903923148197e-003	1.021414e+001	1.031628e-009
4.009681215315630e-003	1.020990e+001	1.031200e-009
4.010448289629737e-003	1.020706e+001	1.030913e-009
4.011448289629737e-003	1.020460e+001	1.030665e-009
4.012448289629737e-003	1.020297e+001	1.030500e-009
4.013448289629737e-003	1.020189e+001	1.030391e-009
4.014448289629737e-003	1.020115e+001	1.030316e-009
4.015448289629736e-003	1.020059e+001	1.030260e-009
4.016448289629737e-003	1.020016e+001	1.030216e-009
4.017448289629737e-003	1.019980e+001	1.030180e-009
4.018448289629737e-003	1.019948e+001	1.030148e-009
4.019448289629737e-003	1.019919e+001	1.030118e-009
4.020448289629737e-003	1.019892e+001	1.030091e-009
4.021448289629737e-003	1.019866e+001	1.030065e-009
4.022448289629737e-003	1.019841e+001	1.030039e-009
4.023448289629737e-003	1.019816e+001	1.030015e-009
4.024448289629737e-003	1.019792e+001	1.029990e-009
4.025448289629737e-003	1.019769e+001	1.029966e-009
4.026448289629737e-003	1.019745e+001	1.029943e-009
4.027448289629737e-003	1.019722e+001	1.029919e-009
4.028448289629736e-003	1.019699e+001	1.029896e-009
4.029448289629737e-003	1.019677e+001	1.029874e-009
4.030448289629737e-003	1.019654e+001	1.029851e-009
4.031448289629737e-003	1.019632e+001	1.029828e-009
4.032448289629737e-003	1.019610e+001	1.029806e-009
4.033448289629737e-003	1.019588e+001	1.029784e-009
4.034448289629737e-003	1.019567e+001	1.029762e-009
4.035448289629737e-003	1.019545e+001	1.029741e-009
4.036448289629737e-003	1.019524e+001	1.029719e-009
4.037448289629737e-003	1.019503e+001	1.029698e-009
4.038448289629737e-003	1.019482e+001	1.029676e-009
4.039448289629737e-003	1.019461e+001	1.029655e-009
4.040448289629737e-003	1.019440e+001	1.029634e-009
4.041448289629736e-003	1.019419e+001	1.029613e-009
4.042448289629737e-003	1.019398e+001	1.029592e-009
4.043448289629737e-003	1.019378e+001	1.029572e-009
4.044448289629737e-003	1.019357e+001	1.029551e-009
4.045448289629737e-003	1.019337e+001	1.029530e-009
4.046448289629737e-003	1.019317e+001	1.029510e-009
4.047448289629737e-003	1.019297e+001	1.029490e-009
4.048448289629737e-003	1.019276e+001	1.029469e-009
4.049448289629737e-003	1.019256e+001	1.029449e-009
4.050448289629737e-003	1.019236e+001	1.029429e-009
4.051448289629737e-003	1.019217e+001	1.029409e-009
4.052448289629737e-003	1.019197e+001	1.029389e-009
4.053448289629737e-003	1.019177e+001	1.029369e-009
4.054448289629736e-003	1.019157e+001	1.029349e-009
4.055448289629737e-003	1.019137e+001	1.029329e-009
4.056448289629737e-003	1.019118e+001	1.029309e-009
4.057448289629737e-003	1.019098e+001	1.029289e-009
4.058448289629737e-003	1.019079e+001	1.029269e-009
4.059448289629737e-003	1.019059e+001	1.029250e-009
4.060448289629737e-003	1.019040e+001	1.029230e-009
4.061448289629737e-003	1.019020e+001	1.029210e-009
4.062448289629737e-003	1.019001e+001	1.029191e-009
4.063448289629737e-003	1.018981e+001	1.029171e-009
4.064448289629737e-003	1.018962e+001	1.029152e-009
4.065448289629737e-003	1.018943e+001	1.029132e-009
4.066448289629737e-003	1.018924e+001	1.029113e-009
4.067448289629736e-003	1.018904e+001	1.029093e-009
4.068448289629737e-003	1.018885e+001	1.029074e-009
4.069448289629737e-003	1.018866e+001	1.029055e-009
4.070448289629737e-003	1.018847e+001	1.029035e-009
4.071448289629737e-003	1.018828e+001	1.029016e-009
4.072448289629737e-003	1.018809e+001	1.028997e-009
4.073448289629737e-003	1.018789e+001	1.028977e-009
4.074448289629737e-003	1.018770e+001	1.028958e-009
4.075448289629737e-003	1.018751e+001	1.028939e-009
4.076448289629737e-003	1.018732e+001	1.028920e-009
4.077448289629737e-003	1.018713e+001	1.028900e-009
4.078448289629737e-003	1.018694e+001	1.028881e-009
4.079448289629737e-003	1.018675e+001	1.028862e-009
4.080448289629736e-003	1.018656e+001	1.028843e-009
4.081448289629737e-003	1.018637e+001	1.028824e-009
4.082448289629737e-003	1.018619e+001	1.028805e-009
4.083448289629737e-003	1.018600e+001	1.028786e-009
4.084448289629737e-003	1.018581e+001	1.028767e-009
4.085448289629737e-003	1.018562e+001	1.028748e-009
4.086448289629737e-003	1.018543e+001	1.028729e-009
4.087448289629737e-003	1.018524e+001	1.028709e-009
4.088448289629737e-003	1.018505e+001	1.028690e-009
4.089448289629737e-003	1.018487e+001	1.028671e-009
4.090448289629737e-003	1.018468e+001	1.028652e-009
4.091448289629737e-003	1.018449e+001	1.028634e-009
4.092448289629737e-003	1.018430e+001	1.028615e-009
4.093448289629736e-003	1.018411e+001	1.028596e-009
4.094448289629737e-003	1.018393e+001	1.028577e-009
4.095448289629737e-003	1.018374e+001	1.028558e-009
4.096448289629737e-003	1.018355e+001	1.028539e-009
4.097448289629737e-003	1.018336e+001	1.028520e-009
4.098448289629737e-003	1.018318e+001	1.028501e-009
4.099448289629737e-003	1.018299e+001	1.028482e-009
4.100448289629737e-003	1.018280e+001	1.028463e-009
4.101448289629737e-003	1.018262e+001	1.028444e-009
4.102448289629737e-003	1.018243e+001	1.028426e-009
4.103448289629737e-003	1.018224e+001	1.028407e-009
4.104448289629737e-003	1.018206e+001	1.028388e-009
4.105448289629737e-003	1.018187e+001	1.028369e-009
4.106448289629737e-003	1.018169e+001	1.028350e-009
4.107448289629737e-003	1.018150e+001	1.028331e-009
4.108448289629737e-003	1.018131e+001	1.028313e-009
4.109448289629737e-003	1.018113e+001	1.028294e-009
4.110448289629737e-003	1.018094e+001	1.028275e-009
4.111448289629737e-003	1.018076e+001	1.028256e-009
4.112448289629737e-003	1.018057e+001	1.028237e-009
4.113448289629736e-003	1.018038e+001	1.028219e-009
4.114448289629737e-003	1.018020e+001	1.028200e-009
4.115448289629737e-003	1.018001e+001	1.028181e-009
4.116448289629737e-003	1.017983e+001	1.028163e-009
4.117448289629737e-003	1.017964e+001	1.028144e-009
4.118448289629737e-003	1.017946e+001	1.028125e-009
4.119448289629737e-003	1.017927e+001	1.028106e-009
4.120448289629737e-003	1.017909e+001	1.028088e-009
4.121448289629737e-003	1.017890e+001	1.028069e-009
4.122448289629737e-003	1.017872e+001	1.028050e-009
4.123448289629737e-003	1.017853e+001	1.028032e-009
4.124448289629737e-003	1.017835e+001	1.028013e-009
4.125448289629737e-003	1.017816e+001	1.027994e-009
4.126448289629736e-003	1.017798e+001	1.027976e-009
4.127448289629737e-003	1.017779e+001	1.027957e-009
4.128448289629737e-003	1.017761e+001	1.027939e-009
4.129448289629737e-003	1.017743e+001	1.027920e-009
4.130448289629737e-003	1.017724e+001	1.027901e-009
4.131448289629737e-003	1.017706e+001	1.027883e-009
4.132448289629737e-003	1.017687e+001	1.027864e-009
4.133448289629737e-003	1.017669e+001	1.027846e-009
4.134448289629737e-003	1.017650e+001	1.027827e-009
4.135448289629737e-003	1.017632e+001	1.027808e-009
4.136448289629737e-003	1.017614e+001	1.027790e-009
4.137448289629737e-003	1.017595e+001	1.027771e-009
4.138448289629737e-003	1.017577e+001	1.027753e-009
4.139448289629736e-003	1.017559e+001	1.027734e-009
4.140448289629737e-003	1.017540e+001	1.027716e-009
4.141448289629737e-003	1.017522e+001	1.027697e-009
4.142448289629737e-003	1.017504e+001	1.027679e-009
4.143448289629737e-003	1.017485e+001	1.027660e-009
4.144448289629737e-003	1.017467e+001	1.027642e-009
4.145448289629737e-003	1.017449e+001	1.027623e-009
4.146448289629737e-003	1.017430e+001	1.027605e-009
4.147448289629737e-003	1.017412e+001	1.027586e-009
4.148448289629737e-003	1.017394e+001	1.027568e-009
4.149448289629737e-003	1.017375e+001	1.027549e-009
4.150448289629737e-003	1.017357e+001	1.027531e-009
4.151448289629737e-003	1.017339e+001	1.027512e-009
4.152448289629736e-003	1.017321e+001	1.027494e-009
4.153448289629737e-003	1.017302e+001	1.027475e-009
4.154448289629737e-003	1.017284e+001	1.027457e-009
4.155448289629737e-003	1.017266e+001	1.027438e-009
4.156448289629737e-003	1.017248e+001	1.027420e-009
4.157448289629737e-003	1.017229e+001	1.027401e-009
4.158448289629737e-003	1.017211e+001	1.027383e-009
4.159448289629737e-003	1.017193e+001	1.027365e-009
4.160448289629737e-003	1.017175e+001	1.027346e-009
4.161448289629737e-003	1.017156e+001	1.027328e-009
4.162448289629737e-003	1.017138e+001	1.027310e-009
4.163448289629737e-003	1.017120e+001	1.027291e-009
4.164448289629737e-003	1.017102e+001	1.027273e-009
4.165448289629736e-003	1.017084e+001	1.027255e-009
4.166448289629737e-003	1.017066e+001	1.027236e-009
4.167448289629737e-003	1.017047e+001	1.027218e-009
4.168448289629737e-003	1.017029e+001	1.027199e-009
4.169448289629737e-003	1.017011e+001	1.027181e-009
4.170448289629737e-003	1.016993e+001	1.027163e-009
4.171448289629737e-003	1.016975e+001	1.027145e-009
4.172448289629737e-003	1.016957e+001	1.027126e-009
4.173448289629737e-003	1.016938e+001	1.027108e-009
4.174448289629737e-003	1.016920e+001	1.027090e-009
4.175448289629737e-003	1.016902e+001	1.027071e-009
4.176448289629737e-003	1.016884e+001	1.027053e-009
4.177448289629737e-003	1.016866e+001	1.027035e-009
4.178448289629737e-003	1.016848e+001	1.027016e-009
4.179448289629737e-003	1.016830e+001	1.026998e-009
4.180448289629737e-003	1.016812e+001	1.026980e-009
4.181448289629737e-003	1.016794e+001	1.026962e-009
4.183448289629737e-003	1.016758e+001	1.026925e-009
4.184448289629737e-003	1.016740e+001	1.026907e-009
4.185448289629737e-003	1.016722e+001	1.026889e-009
4.186448289629737e-003	1.016704e+001	1.026871e-009
4.187448289629737e-003	1.016685e+001	1.026852e-009
4.188448289629737e-003	1.016667e+001	1.026834e-009
4.189448289629737e-003	1.016649e+001	1.026816e-009
4.190448289629737e-003	1.016631e+001	1.026798e-009
4.191448289629737e-003	1.016613e+001	1.026780e-009
4.192448289629737e-003	1.016595e+001	1.026761e-009
4.193448289629737e-003	1.016578e+001	1.026743e-009
4.194448289629737e-003	1.016560e+001	1.026725e-009
4.195448289629737e-003	1.016542e+001	1.026707e-009
4.196448289629737e-003	1.016524e+001	1.026689e-009
4.197448289629737e-003	1.016506e+001	1.026671e-009
4.198448289629737e-003	1.016488e+001	1.026653e-009
4.199448289629737e-003	1.016470e+001	1.026634e-009
4.200448289629737e-003	1.016452e+001	1.026616e-009
4.201448289629737e-003	1.016434e+001	1.026598e-009
4.202448289629737e-003	1.016416e+001	1.026580e-009
4.203448289629737e-003	1.016398e+001	1.026562e-009
4.204448289629737e-003	1.016380e+001	1.026544e-009
4.205448289629737e-003	1.016362e+001	1.026526e-009
4.206448289629737e-003	1.016344e+001	1.026508e-009
4.207448289629737e-003	1.016326e+001	1.026490e-009
4.208448289629737e-003	1.016308e+001	1.026472e-009
4.209448289629737e-003	1.016291e+001	1.026453e-009
4.210448289629737e-003	1.016273e+001	1.026435e-009
4.211448289629736e-003	1.016255e+001	1.026417e-009
4.212448289629737e-003	1.016237e+001	1.026399e-009
4.213448289629737e-003	1.016219e+001	1.026381e-009
4.214448289629737e-003	1.016201e+001	1.026363e-009
4.215448289629737e-003	1.016183e+001	1.026345e-009
4.216448289629737e-003	1.016166e+001	1.026327e-009
4.217448289629737e-003	1.016148e+001	1.026309e-009
4.218448289629737e-003	1.016130e+001	1.026291e-009
4.219448289629737e-003	1.016112e+001	1.026273e-009
4.220448289629737e-003	1.016094e+001	1.026255e-009
4.221448289629737e-003	1.016077e+001	1.026237e-009
4.222448289629737e-003	1.016059e+001	1.026219e-009
4.223448289629737e-003	1.016041e+001	1.026201e-009
4.224448289629736e-003	1.016023e+001	1.026184e-009
4.225448289629737e-003	1.016006e+001	1.026166e-009
4.226448289629737e-003	1.015988e+001	1.026148e-009
4.227448289629737e-003	1.015970e+001	1.026130e-009
4.228448289629737e-003	1.015952e+001	1.026112e-009
4.229448289629737e-003	1.015935e+001	1.026094e-009
4.230448289629737e-003	1.015917e+001	1.026076e-009
4.231448289629737e-003	1.015899e+001	1.026058e-009
4.232448289629737e-003	1.015881e+001	1.026040e-009
4.233448289629737e-003	1.015864e+001	1.026022e-009
4.234448289629737e-003	1.015846e+001	1.026004e-009
4.235448289629737e-003	1.015828e+001	1.025986e-009
4.236448289629737e-003	1.015810e+001	1.025969e-009
4.237448289629736e-003	1.015793e+001	1.025951e-009
4.238448289629737e-003	1.015775e+001	1.025933e-009
4.239448289629737e-003	1.015757e+001	1.025915e-009
4.240448289629737e-003	1.015740e+001	1.025897e-009
4.241448289629737e-003	1.015722e+001	1.025879e-009
4.242448289629737e-003	1.015704e+001	1.025862e-009
4.243448289629737e-003	1.015687e+001	1.025844e-009
4.244448289629737e-003	1.015669e+001	1.025826e-009
4.245448289629737e-003	1.015652e+001	1.025808e-009
4.246448289629737e-003	1.015634e+001	1.025790e-009
4.247448289629737e-003	1.015616e+001	1.025772e-009
4.248448289629737e-003	1.015599e+001	1.025755e-009
4.249448289629737e-003	1.015581e+001	1.025737e-009
4.250448289629737e-003	1.015563e+001	1.025719e-009
4.251448289629737e-003	1.015546e+001	1.025701e-009
4.252448289629737e-003	1.015528e+001	1.025684e-009
4.253448289629737e-003	1.015511e+001	1.025666e-009
4.254448289629737e-003	1.015493e+001	1.025648e-009
4.256448289629737e-003	1.015458e+001	1.025612e-009
4.257448289629737e-003	1.015440e+001	1.025595e-009
4.258448289629737e-003	1.015423e+001	1.025577e-009
4.259448289629737e-003	1.015405e+001	1.025559e-009
4.260448289629737e-003	1.015388e+001	1.025542e-009
4.261448289629737e-003	1.015370e+001	1.025524e-009
4.262448289629737e-003	1.015353e+001	1.025506e-009
4.263448289629737e-003	1.015335e+001	1.025489e-009
4.264448289629737e-003	1.015318e+001	1.025471e-009
4.265448289629737e-003	1.015300e+001	1.025453e-009
4.266448289629737e-003	1.015283e+001	1.025436e-009
4.268448289629737e-003	1.015248e+001	1.025400e-009
4.269448289629737e-003	1.015230e+001	1.025383e-009
4.270448289629737e-003	1.015213e+001	1.025365e-009
4.271448289629737e-003	1.015195e+001	1.025347e-009
4.272448289629737e-003	1.015178e+001	1.025330e-009
4.273448289629737e-003	1.015160e+001	1.025312e-009
4.274448289629737e-003	1.015143e+001	1.025294e-009
4.275448289629737e-003	1.015125e+001	1.025277e-009
4.276448289629737e-003	1.015108e+001	1.025259e-009
4.277448289629737e-003	1.015091e+001	1.025242e-009
4.278448289629737e-003	1.015073e+001	1.025224e-009
4.280448289629737e-003	1.015038e+001	1.025189e-009
4.281448289629737e-003	1.015021e+001	1.025171e-009
4.282448289629737e-003	1.015004e+001	1.025154e-009
4.283448289629737e-003	1.014986e+001	1.025136e-009
4.284448289629737e-003	1.014969e+001	1.025119e-009
4.285448289629737e-003	1.014952e+001	1.025101e-009
4.286448289629737e-003	1.014934e+001	1.025083e-009
4.287448289629737e-003	1.014917e+001	1.025066e-009
4.288448289629737e-003	1.014899e+001	1.025048e-009
4.289448289629737e-003	1.014882e+001	1.025031e-009
4.290448289629737e-003	1.014865e+001	1.025013e-009
4.292448289629737e-003	1.014830e+001	1.024978e-009
4.293448289629737e-003	1.014813e+001	1.024961e-009
4.294448289629737e-003	1.014795e+001	1.024943e-009
4.295448289629737e-003	1.014778e+001	1.024926e-009
4.296448289629736e-003	1.014761e+001	1.024908e-009
4.297448289629737e-003	1.014744e+001	1.024891e-009
4.298448289629737e-003	1.014726e+001	1.024874e-009
4.299448289629737e-003	1.014709e+001	1.024856e-009
4.300448289629737e-003	1.014692e+001	1.024839e-009
4.301448289629737e-003	1.014674e+001	1.024821e-009
4.302448289629737e-003	1.014657e+001	1.024804e-009
4.305448289629737e-003	1.014606e+001	1.024752e-009
4.306448289629737e-003	1.014588e+001	1.024734e-009
4.307448289629737e-003	1.014571e+001	1.024717e-009
4.308448289629737e-003	1.014554e+001	1.024699e-009
4.309448289629736e-003	1.014537e+001	1.024682e-009
4.310448289629737e-003	1.014519e+001	1.024665e-009
4.311448289629737e-003	1.014502e+001	1.024647e-009
4.312448289629737e-003	1.014485e+001	1.024630e-009
4.313448289629737e-003	1.014468e+001	1.024612e-009
4.314448289629737e-003	1.014451e+001	1.024595e-009
4.317448289629737e-003	1.014399e+001	1.024543e-009
4.318448289629737e-003	1.014382e+001	1.024526e-009
4.319448289629737e-003	1.014365e+001	1.024508e-009
4.320448289629737e-003	1.014348e+001	1.024491e-009
4.321448289629737e-003	1.014330e+001	1.024474e-009
4.322448289629737e-003	1.014313e+001	1.024457e-009
4.323448289629737e-003	1.014296e+001	1.024439e-009
4.324448289629737e-003	1.014279e+001	1.024422e-009
4.325448289629737e-003	1.014262e+001	1.024405e-009
4.326448289629737e-003	1.014245e+001	1.024387e-009
4.329448289629737e-003	1.014194e+001	1.024336e-009
4.330448289629737e-003	1.014177e+001	1.024318e-009
4.331448289629737e-003	1.014159e+001	1.024301e-009
4.332448289629737e-003	1.014142e+001	1.024284e-009
4.333448289629737e-003	1.014125e+001	1.024267e-009
4.334448289629737e-003	1.014108e+001	1.024249e-009
4.335448289629737e-003	1.014091e+001	1.024232e-009
4.336448289629737e-003	1.014074e+001	1.024215e-009
4.337448289629737e-003	1.014057e+001	1.024198e-009
4.338448289629737e-003	1.014040e+001	1.024181e-009
4.341448289629737e-003	1.013989e+001	1.024129e-009
4.342448289629737e-003	1.013972e+001	1.024112e-009
4.343448289629737e-003	1.013955e+001	1.024095e-009
4.344448289629737e-003	1.013938e+001	1.024077e-009
4.345448289629737e-003	1.013921e+001	1.024060e-009
4.346448289629737e-003	1.013904e+001	1.024043e-009
4.347448289629737e-003	1.013887e+001	1.024026e-009
4.348448289629737e-003	1.013870e+001	1.024009e-009
4.349448289629737e-003	1.013853e+001	1.023992e-009
4.350448289629737e-003	1.013836e+001	1.023975e-009
4.352448289629737e-003	1.013803e+001	1.023940e-009
4.354448289629737e-003	1.013769e+001	1.023906e-009
4.355448289629737e-003	1.013752e+001	1.023889e-009
4.356448289629737e-003	1.013735e+001	1.023872e-009
4.357448289629737e-003	1.013718e+001	1.023855e-009
4.358448289629737e-003	1.013701e+001	1.023838e-009
4.359448289629737e-003	1.013684e+001	1.023821e-009
4.360448289629737e-003	1.013667e+001	1.023804e-009
4.361448289629737e-003	1.013650e+001	1.023787e-009
4.362448289629737e-003	1.013634e+001	1.023770e-009
4.364448289629737e-003	1.013600e+001	1.023736e-009
4.366448289629737e-003	1.013566e+001	1.023702e-009
4.367448289629737e-003	1.013549e+001	1.023685e-009
4.368448289629737e-003	1.013532e+001	1.023668e-009
4.369448289629737e-003	1.013516e+001	1.023651e-009
4.370448289629737e-003	1.013499e+001	1.023634e-009
4.371448289629737e-003	1.013482e+001	1.023617e-009
4.372448289629737e-003	1.013465e+001	1.023600e-009
4.373448289629737e-003	1.013448e+001	1.023583e-009
4.374448289629737e-003	1.013432e+001	1.023566e-009
4.376448289629737e-003	1.013398e+001	1.023532e-009
4.378448289629737e-003	1.013364e+001	1.023498e-009
4.379448289629737e-003	1.013348e+001	1.023481e-009
4.380448289629737e-003	1.013331e+001	1.023464e-009
4.381448289629737e-003	1.013314e+001	1.023447e-009
4.382448289629737e-003	1.013297e+001	1.023430e-009
4.383448289629737e-003	1.013281e+001	1.023413e-009
4.384448289629737e-003	1.013264e+001	1.023396e-009
4.385448289629737e-003	1.013247e+001	1.023380e-009
4.386448289629737e-003	1.013230e+001	1.023363e-009
4.388448289629737e-003	1.013197e+001	1.023329e-009
4.390448289629737e-003	1.013164e+001	1.023295e-009
4.391448289629737e-003	1.013147e+001	1.023278e-009
4.392448289629737e-003	1.013130e+001	1.023262e-009
4.393448289629737e-003	1.013114e+001	1.023245e-009
4.394448289629736e-003	1.013097e+001	1.023228e-009
4.395448289629737e-003	1.013080e+001	1.023211e-009
4.396448289629737e-003	1.013064e+001	1.023194e-009
4.397448289629737e-003	1.013047e+001	1.023177e-009
4.399448289629737e-003	1.013014e+001	1.023144e-009
4.400162575344022e-003	1.013002e+001	1.023132e-009
4.400876861058309e-003	1.012990e+001	1.023120e-009
4.401591146772594e-003	1.012978e+001	1.023108e-009
4.402305432486880e-003	1.012966e+001	1.023096e-009
4.403019718201165e-003	1.012954e+001	1.023084e-009
4.403734003915452e-003	1.012942e+001	1.023072e-009
4.404448289629737e-003	1.012931e+001	1.023060e-009
4.405448289629737e-003	1.012914e+001	1.023043e-009
4.406448289629737e-003	1.012897e+001	1.023026e-009
4.407448289629737e-003	1.012881e+001	1.023010e-009
4.408448289629737e-003	1.012864e+001	1.022993e-009
4.409448289629737e-003	1.012848e+001	1.022976e-009
4.411448289629737e-003	1.012815e+001	1.022943e-009
4.412162575344022e-003	1.012803e+001	1.022931e-009
4.412876861058309e-003	1.012791e+001	1.022919e-009
4.413591146772594e-003	1.012779e+001	1.022907e-009
4.414305432486880e-003	1.012767e+001	1.022895e-009
4.415019718201165e-003	1.012755e+001	1.022883e-009
4.415734003915451e-003	1.012744e+001	1.022871e-009
4.416448289629737e-003	1.012732e+001	1.022859e-009
4.417448289629737e-003	1.012715e+001	1.022842e-009
4.418448289629737e-003	1.012699e+001	1.022826e-009
4.419448289629737e-003	1.012682e+001	1.022809e-009
4.420448289629737e-003	1.012666e+001	1.022792e-009
4.422448289629737e-003	1.012633e+001	1.022759e-009
4.423305432486879e-003	1.012619e+001	1.022745e-009
4.424162575344022e-003	1.012604e+001	1.022731e-009
4.425019718201165e-003	1.012590e+001	1.022716e-009
4.425876861058309e-003	1.012576e+001	1.022702e-009
4.426734003915451e-003	1.012562e+001	1.022688e-009
4.427591146772594e-003	1.012548e+001	1.022674e-009
4.428448289629737e-003	1.012534e+001	1.022659e-009
4.430448289629737e-003	1.012501e+001	1.022626e-009
4.432448289629737e-003	1.012468e+001	1.022593e-009
4.434448289629737e-003	1.012435e+001	1.022560e-009
4.440448289629737e-003	1.012337e+001	1.022460e-009
4.442448289629737e-003	1.012304e+001	1.022427e-009
4.444448289629737e-003	1.012271e+001	1.022394e-009
4.446448289629737e-003	1.012239e+001	1.022361e-009
4.447448289629737e-003	1.012222e+001	1.022345e-009
4.448448289629737e-003	1.012206e+001	1.022328e-009
4.449448289629737e-003	1.012190e+001	1.022312e-009
4.450448289629737e-003	1.012173e+001	1.022295e-009
4.451448289629737e-003	1.012157e+001	1.022279e-009
4.452448289629736e-003	1.012141e+001	1.022262e-009
4.453448289629737e-003	1.012125e+001	1.022246e-009
4.455448289629737e-003	1.012092e+001	1.022213e-009
4.457448289629737e-003	1.012059e+001	1.022180e-009
4.460448289629737e-003	1.012011e+001	1.022131e-009
4.461591146772594e-003	1.011992e+001	1.022112e-009
4.462734003915451e-003	1.011973e+001	1.022093e-009
4.463876861058308e-003	1.011955e+001	1.022074e-009
4.465019718201165e-003	1.011936e+001	1.022056e-009
4.466162575344023e-003	1.011918e+001	1.022037e-009
4.467305432486879e-003	1.011899e+001	1.022018e-009
4.468448289629737e-003	1.011881e+001	1.022000e-009
4.471448289629737e-003	1.011832e+001	1.021951e-009
4.472591146772595e-003	1.011814e+001	1.021932e-009
4.473734003915451e-003	1.011795e+001	1.021913e-009
4.474876861058309e-003	1.011777e+001	1.021895e-009
4.476019718201166e-003	1.011758e+001	1.021876e-009
4.477162575344023e-003	1.011740e+001	1.021857e-009
4.478305432486880e-003	1.011721e+001	1.021839e-009
4.479448289629737e-003	1.011703e+001	1.021820e-009
4.482448289629737e-003	1.011654e+001	1.021771e-009
4.483591146772594e-003	1.011636e+001	1.021753e-009
4.484734003915451e-003	1.011618e+001	1.021734e-009
4.485876861058309e-003	1.011599e+001	1.021715e-009
4.487019718201165e-003	1.011581e+001	1.021697e-009
4.488162575344023e-003	1.011563e+001	1.021678e-009
4.489305432486880e-003	1.011544e+001	1.021660e-009
4.490448289629737e-003	1.011526e+001	1.021641e-009
4.493448289629737e-003	1.011478e+001	1.021592e-009
4.494734003915451e-003	1.011457e+001	1.021572e-009
4.496019718201166e-003	1.011436e+001	1.021551e-009
4.497305432486880e-003	1.011416e+001	1.021530e-009
4.498591146772594e-003	1.011395e+001	1.021509e-009
4.499876861058308e-003	1.011375e+001	1.021488e-009
4.501162575344023e-003	1.011354e+001	1.021468e-009
4.502448289629737e-003	1.011333e+001	1.021447e-009
4.505448289629737e-003	1.011285e+001	1.021398e-009
4.506734003915451e-003	1.011265e+001	1.021378e-009
4.508019718201166e-003	1.011244e+001	1.021357e-009
4.509305432486880e-003	1.011224e+001	1.021336e-009
4.510591146772595e-003	1.011203e+001	1.021315e-009
4.511876861058309e-003	1.011183e+001	1.021295e-009
4.513162575344023e-003	1.011162e+001	1.021274e-009
4.514448289629737e-003	1.011142e+001	1.021253e-009
4.517448289629737e-003	1.011094e+001	1.021205e-009
4.518876861058309e-003	1.011071e+001	1.021182e-009
4.520305432486880e-003	1.011049e+001	1.021159e-009
4.521734003915452e-003	1.011026e+001	1.021136e-009
4.523162575344022e-003	1.011003e+001	1.021113e-009
4.524591146772594e-003	1.010981e+001	1.021091e-009
4.526019718201165e-003	1.010958e+001	1.021068e-009
4.527448289629737e-003	1.010935e+001	1.021045e-009
4.529019718201166e-003	1.010911e+001	1.021020e-009
4.530591146772594e-003	1.010886e+001	1.020995e-009
4.532162575344023e-003	1.010861e+001	1.020969e-009
4.533734003915451e-003	1.010836e+001	1.020944e-009
4.535305432486880e-003	1.010811e+001	1.020919e-009
4.536876861058308e-003	1.010786e+001	1.020894e-009
4.538448289629737e-003	1.010761e+001	1.020869e-009
4.540162575344022e-003	1.010734e+001	1.020842e-009
4.541876861058308e-003	1.010707e+001	1.020814e-009
4.543591146772594e-003	1.010680e+001	1.020787e-009
4.545305432486880e-003	1.010653e+001	1.020760e-009
4.547019718201165e-003	1.010626e+001	1.020733e-009
4.548734003915452e-003	1.010599e+001	1.020705e-009
4.550448289629737e-003	1.010573e+001	1.020678e-009
4.552162575344023e-003	1.010546e+001	1.020651e-009
4.553876861058309e-003	1.010519e+001	1.020624e-009
4.555591146772594e-003	1.010492e+001	1.020597e-009
4.557305432486880e-003	1.010465e+001	1.020570e-009
4.559019718201165e-003	1.010438e+001	1.020543e-009
4.560734003915452e-003	1.010411e+001	1.020515e-009
4.562448289629737e-003	1.010385e+001	1.020488e-009
4.564305432486880e-003	1.010356e+001	1.020459e-009
4.566162575344023e-003	1.010326e+001	1.020430e-009
4.568019718201166e-003	1.010297e+001	1.020400e-009
4.569876861058309e-003	1.010269e+001	1.020371e-009
4.571734003915451e-003	1.010240e+001	1.020342e-009
4.573591146772594e-003	1.010211e+001	1.020313e-009
4.575448289629737e-003	1.010182e+001	1.020284e-009
4.577448289629737e-003	1.010151e+001	1.020252e-009
4.579448289629737e-003	1.010120e+001	1.020221e-009
4.581448289629737e-003	1.010089e+001	1.020189e-009
4.583448289629737e-003	1.010057e+001	1.020158e-009
4.585448289629738e-003	1.010026e+001	1.020127e-009
4.587448289629737e-003	1.009996e+001	1.020095e-009
4.589448289629737e-003	1.009965e+001	1.020064e-009
4.591734003915451e-003	1.009929e+001	1.020028e-009
4.594019718201166e-003	1.009894e+001	1.019993e-009
4.596305432486880e-003	1.009859e+001	1.019957e-009
4.598591146772594e-003	1.009823e+001	1.019921e-009
4.600876861058308e-003	1.009788e+001	1.019886e-009
4.603162575344023e-003	1.009753e+001	1.019850e-009
4.605448289629737e-003	1.009718e+001	1.019815e-009
4.608305432486880e-003	1.009674e+001	1.019770e-009
4.611162575344023e-003	1.009630e+001	1.019726e-009
4.614019718201166e-003	1.009586e+001	1.019682e-009
4.616876861058308e-003	1.009542e+001	1.019638e-009
4.619734003915451e-003	1.009498e+001	1.019594e-009
4.622591146772594e-003	1.009455e+001	1.019549e-009
4.625448289629737e-003	1.009411e+001	1.019505e-009
4.629305432486880e-003	1.009352e+001	1.019446e-009
4.633162575344022e-003	1.009294e+001	1.019386e-009
4.637019718201165e-003	1.009235e+001	1.019327e-009
4.640876861058308e-003	1.009176e+001	1.019268e-009
4.644734003915452e-003	1.009118e+001	1.019209e-009
4.648591146772594e-003	1.009059e+001	1.019150e-009
4.652448289629737e-003	1.009001e+001	1.019091e-009
4.656448289629737e-003	1.008941e+001	1.019030e-009
4.660448289629737e-003	1.008880e+001	1.018969e-009
4.664448289629737e-003	1.008820e+001	1.018908e-009
4.668448289629737e-003	1.008760e+001	1.018848e-009
4.672448289629737e-003	1.008700e+001	1.018787e-009
4.676448289629737e-003	1.008640e+001	1.018727e-009
4.680448289629737e-003	1.008580e+001	1.018666e-009
4.701591146772594e-003	1.008266e+001	1.018348e-009
4.722734003915451e-003	1.007953e+001	1.018033e-009
4.743876861058308e-003	1.007644e+001	1.017720e-009
4.765019718201166e-003	1.007336e+001	1.017410e-009
4.786162575344023e-003	1.007031e+001	1.017102e-009
4.807305432486880e-003	1.006729e+001	1.016796e-009
4.828448289629737e-003	1.006429e+001	1.016493e-009
4.836019718201166e-003	1.006322e+001	1.016386e-009
4.843591146772594e-003	1.006216e+001	1.016278e-009
4.851162575344022e-003	1.006110e+001	1.016171e-009
4.858734003915451e-003	1.006004e+001	1.016064e-009
4.866305432486880e-003	1.005898e+001	1.015957e-009
4.873876861058308e-003	1.005793e+001	1.015851e-009
4.881448289629737e-003	1.005688e+001	1.015745e-009
4.882448289629737e-003	1.005674e+001	1.015731e-009
4.890448289629737e-003	1.005563e+001	1.015619e-009
4.898448289629737e-003	1.005453e+001	1.015508e-009
4.906448289629737e-003	1.005343e+001	1.015397e-009
4.914448289629737e-003	1.005234e+001	1.015286e-009
4.922448289629737e-003	1.005124e+001	1.015176e-009
4.930448289629737e-003	1.005015e+001	1.015066e-009
4.938448289629737e-003	1.004907e+001	1.014956e-009
4.945162575344023e-003	1.004816e+001	1.014864e-009
4.951876861058308e-003	1.004725e+001	1.014773e-009
4.958591146772594e-003	1.004635e+001	1.014681e-009
4.965305432486879e-003	1.004545e+001	1.014590e-009
4.972019718201166e-003	1.004455e+001	1.014499e-009
4.978734003915451e-003	1.004365e+001	1.014409e-009
4.985448289629737e-003	1.004275e+001	1.014318e-009
4.987162575344022e-003	1.004252e+001	1.014295e-009
4.988876861058309e-003	1.004230e+001	1.014272e-009
4.990591146772594e-003	1.004207e+001	1.014249e-009
4.992305432486880e-003	1.004184e+001	1.014226e-009
4.994019718201165e-003	1.004161e+001	1.014203e-009
4.995734003915451e-003	1.004139e+001	1.014180e-009
4.997448289629737e-003	1.004116e+001	1.014157e-009
4.999000000000000e-003	1.004095e+001	1.014136e-009
5.001000000000000e-003	1.004069e+001	1.014109e-009
5.006571428571429e-003	1.003995e+001	1.014035e-009
5.012142857142857e-003	1.003921e+001	1.013961e-009
5.017714285714286e-003	1.003848e+001	1.013887e-009
5.023285714285715e-003	1.003775e+001	1.013813e-009
5.028857142857143e-003	1.003702e+001	1.013739e-009
5.034428571428572e-003	1.003629e+001	1.013665e-009
5.040000000000000e-003	1.003556e+001	1.013592e-009
5.044571428571429e-003	1.003496e+001	1.013531e-009
5.049142857142857e-003	1.003437e+001	1.013471e-009
5.053714285714286e-003	1.003377e+001	1.013411e-009
5.058285714285715e-003	1.003318e+001	1.013351e-009
5.062857142857143e-003	1.003259e+001	1.013291e-009
5.067428571428572e-003	1.003200e+001	1.013232e-009
5.072000000000000e-003	1.003141e+001	1.013172e-009
5.076000000000000e-003	1.003089e+001	1.013120e-009
5.080000000000000e-003	1.003037e+001	1.013068e-009
5.084000000000000e-003	1.002986e+001	1.013016e-009
5.088000000000001e-003	1.002935e+001	1.012964e-009
5.092000000000000e-003	1.002883e+001	1.012912e-009
5.096000000000001e-003	1.002832e+001	1.012860e-009
5.100000000000000e-003	1.002781e+001	1.012809e-009
5.104000000000000e-003	1.002730e+001	1.012757e-009
5.108000000000001e-003	1.002679e+001	1.012705e-009
5.112000000000000e-003	1.002628e+001	1.012654e-009
5.116000000000000e-003	1.002577e+001	1.012602e-009
5.120000000000000e-003	1.002526e+001	1.012551e-009
5.124000000000000e-003	1.002475e+001	1.012499e-009
5.128000000000000e-003	1.002424e+001	1.012448e-009
5.132142857142857e-003	1.002371e+001	1.012395e-009
5.136285714285714e-003	1.002319e+001	1.012342e-009
5.140428571428571e-003	1.002266e+001	1.012289e-009
5.144571428571429e-003	1.002214e+001	1.012236e-009
5.148714285714286e-003	1.002161e+001	1.012183e-009
5.152857142857143e-003	1.002109e+001	1.012130e-009
5.157000000000000e-003	1.002057e+001	1.012077e-009
5.159000000000000e-003	1.002031e+001	1.012052e-009
5.161000000000000e-003	1.002006e+001	1.012026e-009
5.163000000000000e-003	1.001981e+001	1.012000e-009
5.165000000000000e-003	1.001955e+001	1.011975e-009
5.167000000000000e-003	1.001930e+001	1.011949e-009
5.169000000000000e-003	1.001905e+001	1.011924e-009
5.171000000000000e-003	1.001880e+001	1.011898e-009
5.173000000000000e-003	1.001854e+001	1.011873e-009
5.175000000000000e-003	1.001829e+001	1.011847e-009
5.177000000000000e-003	1.001804e+001	1.011822e-009
5.179000000000000e-003	1.001779e+001	1.011797e-009
5.181000000000000e-003	1.001754e+001	1.011771e-009
5.183000000000000e-003	1.001728e+001	1.011746e-009
5.185000000000000e-003	1.001703e+001	1.011720e-009
5.188000000000000e-003	1.001665e+001	1.011682e-009
5.191000000000000e-003	1.001627e+001	1.011644e-009
5.193285714285715e-003	1.001599e+001	1.011615e-009
5.195571428571429e-003	1.001570e+001	1.011586e-009
5.197857142857143e-003	1.001541e+001	1.011556e-009
5.200142857142857e-003	1.001512e+001	1.011527e-009
5.202428571428571e-003	1.001483e+001	1.011498e-009
5.204714285714286e-003	1.001455e+001	1.011469e-009
5.207000000000000e-003	1.001426e+001	1.011440e-009
5.212857142857142e-003	1.001352e+001	1.011366e-009
5.218714285714286e-003	1.001279e+001	1.011292e-009
5.224571428571428e-003	1.001205e+001	1.011217e-009
5.230428571428572e-003	1.001132e+001	1.011143e-009
5.236285714285714e-003	1.001058e+001	1.011069e-009
5.242142857142858e-003	1.000985e+001	1.010994e-009
5.248000000000000e-003	1.000911e+001	1.010920e-009
5.258285714285715e-003	1.000782e+001	1.010790e-009
5.268571428571429e-003	1.000654e+001	1.010660e-009
5.278857142857143e-003	1.000525e+001	1.010530e-009
5.289142857142857e-003	1.000397e+001	1.010401e-009
5.299428571428571e-003	1.000268e+001	1.010271e-009
5.309714285714286e-003	1.000140e+001	1.010142e-009
5.320000000000000e-003	1.000012e+001	1.010012e-009
5.326000000000000e-003	9.999377e+000	1.009937e-009
5.332000000000000e-003	9.998632e+000	1.009862e-009
5.338000000000000e-003	9.997888e+000	1.009787e-009
5.344000000000001e-003	9.997145e+000	1.009712e-009
5.350000000000001e-003	9.996403e+000	1.009637e-009
5.356000000000001e-003	9.995661e+000	1.009562e-009
5.362000000000000e-003	9.994921e+000	1.009487e-009
5.363142857142857e-003	9.994780e+000	1.009473e-009
5.364285714285715e-003	9.994639e+000	1.009459e-009
5.365428571428571e-003	9.994498e+000	1.009444e-009
5.366571428571429e-003	9.994357e+000	1.009430e-009
5.367714285714286e-003	9.994216e+000	1.009416e-009
5.368857142857143e-003	9.994076e+000	1.009402e-009
5.370000000000000e-003	9.993935e+000	1.009387e-009
5.371000000000000e-003	9.993813e+000	1.009375e-009
5.372000000000000e-003	9.993689e+000	1.009363e-009
5.373000000000000e-003	9.993567e+000	1.009350e-009
5.374000000000000e-003	9.993443e+000	1.009338e-009
5.375000000000000e-003	9.993320e+000	1.009325e-009
5.376000000000000e-003	9.993198e+000	1.009313e-009
5.377000000000000e-003	9.993075e+000	1.009301e-009
5.378000000000000e-003	9.992952e+000	1.009288e-009
5.379000000000000e-003	9.992830e+000	1.009276e-009
5.380000000000000e-003	9.992708e+000	1.009263e-009
5.381000000000000e-003	9.992586e+000	1.009251e-009
5.382000000000000e-003	9.992464e+000	1.009239e-009
5.383000000000000e-003	9.992342e+000	1.009226e-009
5.384000000000000e-003	9.992220e+000	1.009214e-009
5.385000000000000e-003	9.992100e+000	1.009202e-009
5.386000000000000e-003	9.991979e+000	1.009190e-009
5.387000000000000e-003	9.991858e+000	1.009178e-009
5.388000000000000e-003	9.991739e+000	1.009166e-009
5.389000000000000e-003	9.991621e+000	1.009154e-009
5.390000000000000e-003	9.991504e+000	1.009142e-009
5.391000000000000e-003	9.991389e+000	1.009130e-009
5.392000000000000e-003	9.991278e+000	1.009119e-009
5.393000000000000e-003	9.991169e+000	1.009108e-009
5.394000000000000e-003	9.991065e+000	1.009098e-009
5.395000000000001e-003	9.990968e+000	1.009088e-009
5.396000000000000e-003	9.990878e+000	1.009079e-009
5.397000000000000e-003	9.990800e+000	1.009071e-009
5.398000000000000e-003	9.990736e+000	1.009064e-009
5.399000000000000e-003	9.990689e+000	1.009060e-009
5.400000000000000e-003	9.990664e+000	1.009057e-009
5.401000000000000e-003	9.990665e+000	1.009057e-009
5.402000000000000e-003	9.990695e+000	1.009060e-009
5.403000000000000e-003	9.990755e+000	1.009066e-009
5.404000000000000e-003	9.990845e+000	1.009075e-009
5.405000000000000e-003	9.990962e+000	1.009087e-009
5.406000000000000e-003	9.991100e+000	1.009101e-009
5.407000000000000e-003	9.991253e+000	1.009117e-009
5.408000000000001e-003	9.991410e+000	1.009132e-009
5.409000000000000e-003	9.991565e+000	1.009148e-009
5.410000000000000e-003	9.991710e+000	1.009163e-009
5.411000000000000e-003	9.991842e+000	1.009176e-009
5.412000000000000e-003	9.991959e+000	1.009188e-009
5.413000000000000e-003	9.992061e+000	1.009198e-009
5.414000000000000e-003	9.992147e+000	1.009207e-009
5.415000000000000e-003	9.992222e+000	1.009214e-009
5.416000000000000e-003	9.992285e+000	1.009221e-009
5.417000000000000e-003	9.992338e+000	1.009226e-009
5.418000000000000e-003	9.992385e+000	1.009231e-009
5.419000000000000e-003	9.992425e+000	1.009235e-009
5.420000000000000e-003	9.992459e+000	1.009238e-009
5.421000000000001e-003	9.992489e+000	1.009241e-009
5.422000000000000e-003	9.992517e+000	1.009244e-009
5.423000000000000e-003	9.992540e+000	1.009247e-009
5.424000000000000e-003	9.992563e+000	1.009249e-009
5.425000000000000e-003	9.992583e+000	1.009251e-009
5.426000000000000e-003	9.992601e+000	1.009253e-009
5.427000000000000e-003	9.992620e+000	1.009255e-009
5.428000000000000e-003	9.992636e+000	1.009256e-009
5.429000000000000e-003	9.992652e+000	1.009258e-009
5.430000000000000e-003	9.992668e+000	1.009259e-009
5.431000000000000e-003	9.992682e+000	1.009261e-009
5.432000000000000e-003	9.992697e+000	1.009262e-009
5.433000000000000e-003	9.992711e+000	1.009264e-009
5.434000000000001e-003	9.992725e+000	1.009265e-009
5.435000000000000e-003	9.992739e+000	1.009267e-009
5.436000000000000e-003	9.992753e+000	1.009268e-009
5.437000000000000e-003	9.992766e+000	1.009269e-009
5.438000000000000e-003	9.992781e+000	1.009271e-009
5.439000000000000e-003	9.992794e+000	1.009272e-009
5.440000000000000e-003	9.992807e+000	1.009274e-009
5.441000000000000e-003	9.992821e+000	1.009275e-009
5.442000000000000e-003	9.992834e+000	1.009276e-009
5.443000000000000e-003	9.992847e+000	1.009278e-009
5.444000000000000e-003	9.992861e+000	1.009279e-009
5.445000000000000e-003	9.992874e+000	1.009280e-009
5.446000000000000e-003	9.992888e+000	1.009282e-009
5.447000000000001e-003	9.992902e+000	1.009283e-009
5.448000000000000e-003	9.992915e+000	1.009284e-009
5.449000000000000e-003	9.992929e+000	1.009286e-009
5.450000000000000e-003	9.992943e+000	1.009287e-009
5.451000000000000e-003	9.992956e+000	1.009289e-009
5.452000000000000e-003	9.992970e+000	1.009290e-009
5.453000000000000e-003	9.992984e+000	1.009291e-009
5.454000000000000e-003	9.992998e+000	1.009293e-009
5.455000000000000e-003	9.993011e+000	1.009294e-009
5.456000000000000e-003	9.993026e+000	1.009296e-009
5.457000000000000e-003	9.993039e+000	1.009297e-009
5.458000000000000e-003	9.993053e+000	1.009298e-009
5.459000000000000e-003	9.993067e+000	1.009300e-009
5.460000000000000e-003	9.993081e+000	1.009301e-009
5.461000000000000e-003	9.993094e+000	1.009303e-009
5.462000000000000e-003	9.993109e+000	1.009304e-009
5.464000000000000e-003	9.993136e+000	1.009307e-009
5.466000000000000e-003	9.993164e+000	1.009310e-009
5.468000000000000e-003	9.993191e+000	1.009312e-009
5.471000000000000e-003	9.993232e+000	1.009316e-009
5.474000000000000e-003	9.993272e+000	1.009321e-009
5.477000000000000e-003	9.993312e+000	1.009325e-009
5.480000000000001e-003	9.993352e+000	1.009329e-009
5.483000000000000e-003	9.993391e+000	1.009332e-009
5.486000000000000e-003	9.993429e+000	1.009336e-009
5.489000000000000e-003	9.993467e+000	1.009340e-009
5.492000000000000e-003	9.993505e+000	1.009344e-009
5.494285714285715e-003	9.993533e+000	1.009347e-009
5.496571428571429e-003	9.993561e+000	1.009350e-009
5.498857142857143e-003	9.993589e+000	1.009353e-009
5.501142857142857e-003	9.993616e+000	1.009355e-009
5.503428571428571e-003	9.993644e+000	1.009358e-009
5.505714285714286e-003	9.993671e+000	1.009361e-009
5.508000000000000e-003	9.993698e+000	1.009363e-009
5.510000000000000e-003	9.993721e+000	1.009366e-009
5.512000000000000e-003	9.993744e+000	1.009368e-009
5.514000000000000e-003	9.993767e+000	1.009370e-009
5.516000000000000e-003	9.993790e+000	1.009373e-009
5.518000000000000e-003	9.993812e+000	1.009375e-009
5.520000000000000e-003	9.993834e+000	1.009377e-009
5.522000000000000e-003	9.993856e+000	1.009379e-009
5.524000000000000e-003	9.993878e+000	1.009382e-009
5.526000000000000e-003	9.993900e+000	1.009384e-009
5.528000000000000e-003	9.993921e+000	1.009386e-009
5.530000000000000e-003	9.993942e+000	1.009388e-009
5.532000000000001e-003	9.993963e+000	1.009390e-009
5.534000000000000e-003	9.993984e+000	1.009392e-009
5.536000000000000e-003	9.994005e+000	1.009395e-009
5.538142857142857e-003	9.994027e+000	1.009397e-009
5.540285714285715e-003	9.994049e+000	1.009399e-009
5.542428571428571e-003	9.994071e+000	1.009401e-009
5.544571428571429e-003	9.994092e+000	1.009403e-009
5.546714285714286e-003	9.994113e+000	1.009405e-009
5.548857142857144e-003	9.994134e+000	1.009408e-009
5.551000000000000e-003	9.994155e+000	1.009410e-009
5.554142857142857e-003	9.994185e+000	1.009413e-009
5.557285714285714e-003	9.994214e+000	1.009416e-009
5.560428571428571e-003	9.994244e+000	1.009419e-009
5.563571428571429e-003	9.994272e+000	1.009422e-009
5.566714285714286e-003	9.994301e+000	1.009424e-009
5.569857142857143e-003	9.994329e+000	1.009427e-009
5.573000000000000e-003	9.994356e+000	1.009430e-009
5.576857142857143e-003	9.994389e+000	1.009433e-009
5.580714285714285e-003	9.994422e+000	1.009437e-009
5.584571428571428e-003	9.994454e+000	1.009440e-009
5.588428571428571e-003	9.994485e+000	1.009443e-009
5.592285714285715e-003	9.994517e+000	1.009446e-009
5.596142857142857e-003	9.994547e+000	1.009449e-009
5.600000000000000e-003	9.994577e+000	1.009452e-009
5.604142857142857e-003	9.994609e+000	1.009455e-009
5.608285714285714e-003	9.994639e+000	1.009459e-009
5.612428571428571e-003	9.994669e+000	1.009462e-009
5.616571428571429e-003	9.994699e+000	1.009465e-009
5.620714285714286e-003	9.994728e+000	1.009467e-009
5.624857142857143e-003	9.994756e+000	1.009470e-009
5.629000000000000e-003	9.994783e+000	1.009473e-009
5.649857142857143e-003	9.994913e+000	1.009486e-009
5.670714285714286e-003	9.995032e+000	1.009498e-009
5.691571428571429e-003	9.995140e+000	1.009509e-009
5.712428571428571e-003	9.995239e+000	1.009519e-009
5.733285714285714e-003	9.995327e+000	1.009528e-009
5.754142857142857e-003	9.995404e+000	1.009536e-009
5.775000000000000e-003	9.995472e+000	1.009543e-009
5.793285714285714e-003	9.995526e+000	1.009548e-009
5.811571428571428e-003	9.995575e+000	1.009553e-009
5.829857142857143e-003	9.995621e+000	1.009558e-009
5.848142857142857e-003	9.995663e+000	1.009562e-009
5.866428571428572e-003	9.995701e+000	1.009566e-009
5.884714285714286e-003	9.995735e+000	1.009569e-009
5.903000000000000e-003	9.995765e+000	1.009572e-009
5.906000000000000e-003	9.995770e+000	1.009573e-009
5.923428571428572e-003	9.995795e+000	1.009575e-009
5.940857142857143e-003	9.995819e+000	1.009578e-009
5.958285714285715e-003	9.995841e+000	1.009580e-009
5.975714285714286e-003	9.995861e+000	1.009582e-009
5.993142857142858e-003	9.995879e+000	1.009584e-009
6.010571428571429e-003	9.995896e+000	1.009585e-009
6.028000000000000e-003	9.995910e+000	1.009587e-009
6.045285714285715e-003	9.995923e+000	1.009588e-009
6.062571428571429e-003	9.995935e+000	1.009589e-009
6.079857142857143e-003	9.995946e+000	1.009591e-009
6.097142857142857e-003	9.995957e+000	1.009592e-009
6.114428571428572e-003	9.995966e+000	1.009593e-009
6.131714285714286e-003	9.995974e+000	1.009593e-009
6.149000000000000e-003	9.995981e+000	1.009594e-009
6.166428571428572e-003	9.995988e+000	1.009595e-009
6.183857142857143e-003	9.995994e+000	1.009595e-009
6.201285714285715e-003	9.995999e+000	1.009596e-009
6.218714285714286e-003	9.996005e+000	1.009597e-009
6.236142857142858e-003	9.996010e+000	1.009597e-009
6.253571428571429e-003	9.996014e+000	1.009597e-009
6.271000000000001e-003	9.996018e+000	1.009598e-009
6.289000000000000e-003	9.996022e+000	1.009598e-009
6.307000000000000e-003	9.996025e+000	1.009598e-009
6.325000000000000e-003	9.996028e+000	1.009599e-009
6.343000000000001e-003	9.996030e+000	1.009599e-009
6.361000000000000e-003	9.996033e+000	1.009599e-009
6.379000000000000e-003	9.996035e+000	1.009600e-009
6.397000000000000e-003	9.996037e+000	1.009600e-009
6.416285714285715e-003	9.996039e+000	1.009600e-009
6.435571428571429e-003	9.996041e+000	1.009600e-009
6.454857142857143e-003	9.996042e+000	1.009600e-009
6.474142857142857e-003	9.996044e+000	1.009600e-009
6.493428571428572e-003	9.996045e+000	1.009601e-009
6.512714285714286e-003	9.996046e+000	1.009601e-009
6.532000000000001e-003	9.996047e+000	1.009601e-009
6.553857142857143e-003	9.996048e+000	1.009601e-009
6.575714285714286e-003	9.996049e+000	1.009601e-009
6.597571428571429e-003	9.996050e+000	1.009601e-009
6.619428571428571e-003	9.996050e+000	1.009601e-009
6.641285714285714e-003	9.996051e+000	1.009601e-009
6.663142857142857e-003	9.996051e+000	1.009601e-009
6.685000000000000e-003	9.996052e+000	1.009601e-009
6.712285714285714e-003	9.996052e+000	1.009601e-009
6.739571428571429e-003	9.996053e+000	1.009601e-009
6.766857142857143e-003	9.996053e+000	1.009601e-009
6.794142857142857e-003	9.996054e+000	1.009602e-009
6.821428571428572e-003	9.996055e+000	1.009602e-009
6.848714285714286e-003	9.996055e+000	1.009602e-009
6.876000000000000e-003	9.996056e+000	1.009602e-009
6.930000000000000e-003	9.996056e+000	1.009602e-009
6.999000000000000e-003	9.996056e+000	1.009602e-009
7.000000000000000e-003	9.996056e+000	1.009602e-009
