time	V(vout)	-I(Rl)
0.000000000000000e+000	1.027415e+000	1.037689e-010
1.000000013351432e-010	1.027415e+000	1.037689e-010
2.000000026702864e-010	1.027415e+000	1.037689e-010
4.000000053405728e-010	1.027415e+000	1.037689e-010
8.000000106811456e-010	1.027415e+000	1.037689e-010
1.600000021362291e-009	1.027415e+000	1.037689e-010
3.200000042724582e-009	1.027415e+000	1.037689e-010
6.400000085449165e-009	1.027415e+000	1.037689e-010
1.280000017089833e-008	1.027415e+000	1.037689e-010
2.560000034179666e-008	1.027415e+000	1.037689e-010
1.024000013671866e-007	1.027415e+000	1.037689e-010
2.048000027343733e-007	1.027415e+000	1.037689e-010
4.096000054687465e-007	1.027415e+000	1.037689e-010
8.192000109374931e-007	1.027415e+000	1.037689e-010
1.638400021874986e-006	1.027415e+000	1.037689e-010
2.638400021874986e-006	1.027415e+000	1.037689e-010
3.638400021874986e-006	1.027415e+000	1.037689e-010
5.638400021874986e-006	1.027415e+000	1.037689e-010
7.638400021874986e-006	1.027415e+000	1.037689e-010
8.638400021874987e-006	1.027415e+000	1.037689e-010
9.638400021874986e-006	1.027415e+000	1.037689e-010
1.063840002187499e-005	1.027415e+000	1.037689e-010
1.163840002187499e-005	1.027415e+000	1.037689e-010
1.263840002187499e-005	1.027415e+000	1.037689e-010
1.363840002187499e-005	1.027415e+000	1.037689e-010
1.463840002187499e-005	1.027415e+000	1.037689e-010
1.663840002187499e-005	1.027415e+000	1.037689e-010
1.963840002187499e-005	1.027415e+000	1.037689e-010
2.063840002187499e-005	1.027415e+000	1.037689e-010
2.163840002187499e-005	1.027415e+000	1.037689e-010
2.263840002187499e-005	1.027415e+000	1.037689e-010
2.363840002187499e-005	1.027415e+000	1.037689e-010
2.463840002187499e-005	1.027415e+000	1.037689e-010
2.563840002187499e-005	1.027415e+000	1.037689e-010
2.663840002187499e-005	1.027415e+000	1.037689e-010
2.863840002187499e-005	1.027415e+000	1.037689e-010
2.935268573616070e-005	1.027415e+000	1.037689e-010
3.006697145044642e-005	1.027415e+000	1.037689e-010
3.078125716473213e-005	1.027415e+000	1.037689e-010
3.149554287901785e-005	1.027415e+000	1.037689e-010
3.220982859330356e-005	1.027415e+000	1.037689e-010
3.292411430758927e-005	1.027415e+000	1.037689e-010
3.363840002187499e-005	1.027415e+000	1.037689e-010
3.463840002187499e-005	1.027415e+000	1.037689e-010
3.563840002187499e-005	1.027415e+000	1.037689e-010
3.663840002187498e-005	1.027415e+000	1.037689e-010
3.763840002187499e-005	1.027415e+000	1.037689e-010
3.963840002187499e-005	1.027415e+000	1.037689e-010
4.049554287901785e-005	1.027415e+000	1.037689e-010
4.135268573616071e-005	1.027415e+000	1.037689e-010
4.220982859330356e-005	1.027415e+000	1.037689e-010
4.306697145044642e-005	1.027415e+000	1.037689e-010
4.392411430758928e-005	1.027415e+000	1.037689e-010
4.478125716473213e-005	1.027415e+000	1.037689e-010
4.563840002187499e-005	1.027415e+000	1.037689e-010
4.763840002187499e-005	1.027415e+000	1.037689e-010
4.863840002187498e-005	1.027415e+000	1.037689e-010
5.063840002187499e-005	1.027415e+000	1.037689e-010
5.263840002187499e-005	1.027415e+000	1.037689e-010
5.349554287901784e-005	1.027415e+000	1.037689e-010
5.435268573616070e-005	1.027415e+000	1.037689e-010
5.520982859330356e-005	1.027415e+000	1.037689e-010
5.606697145044642e-005	1.027415e+000	1.037689e-010
5.692411430758927e-005	1.027415e+000	1.037689e-010
5.778125716473213e-005	1.027415e+000	1.037689e-010
5.863840002187499e-005	1.027415e+000	1.037689e-010
6.063840002187498e-005	1.027415e+000	1.037689e-010
6.263840002187499e-005	1.027415e+000	1.037689e-010
6.463840002187499e-005	1.027415e+000	1.037689e-010
6.563840002187498e-005	1.027415e+000	1.037689e-010
6.663840002187498e-005	1.027415e+000	1.037689e-010
6.763840002187499e-005	1.027415e+000	1.037689e-010
6.863840002187499e-005	1.027415e+000	1.037689e-010
6.963840002187499e-005	1.027415e+000	1.037689e-010
7.063840002187498e-005	1.027415e+000	1.037689e-010
7.163840002187498e-005	1.027415e+000	1.037689e-010
7.363840002187499e-005	1.027415e+000	1.037689e-010
7.563840002187498e-005	1.027415e+000	1.037689e-010
7.663840002187498e-005	1.027415e+000	1.037689e-010
7.763840002187499e-005	1.027415e+000	1.037689e-010
7.863840002187499e-005	1.027415e+000	1.037689e-010
7.963840002187499e-005	1.027415e+000	1.037689e-010
8.063840002187500e-005	1.027415e+000	1.037689e-010
8.163840002187499e-005	1.027415e+000	1.037689e-010
8.263840002187499e-005	1.027415e+000	1.037689e-010
8.463840002187498e-005	1.027415e+000	1.037689e-010
8.663840002187499e-005	1.027415e+000	1.037689e-010
8.963840002187498e-005	1.027415e+000	1.037689e-010
9.078125716473213e-005	1.027415e+000	1.037689e-010
9.192411430758927e-005	1.027415e+000	1.037689e-010
9.306697145044642e-005	1.027415e+000	1.037689e-010
9.420982859330355e-005	1.027415e+000	1.037689e-010
9.535268573616070e-005	1.027415e+000	1.037689e-010
9.649554287901785e-005	1.027415e+000	1.037689e-010
9.763840002187499e-005	1.027415e+000	1.037689e-010
1.006384000218750e-004	1.027415e+000	1.037689e-010
1.017812571647321e-004	1.027415e+000	1.037689e-010
1.029241143075893e-004	1.027415e+000	1.037689e-010
1.040669714504464e-004	1.027415e+000	1.037689e-010
1.052098285933036e-004	1.027415e+000	1.037689e-010
1.063526857361607e-004	1.027415e+000	1.037689e-010
1.074955428790179e-004	1.027415e+000	1.037689e-010
1.086384000218750e-004	1.027415e+000	1.037689e-010
1.116384000218750e-004	1.027415e+000	1.037689e-010
1.127812571647321e-004	1.027415e+000	1.037689e-010
1.139241143075893e-004	1.027415e+000	1.037689e-010
1.150669714504464e-004	1.027415e+000	1.037689e-010
1.162098285933036e-004	1.027415e+000	1.037689e-010
1.173526857361607e-004	1.027415e+000	1.037689e-010
1.184955428790179e-004	1.027415e+000	1.037689e-010
1.196384000218750e-004	1.027415e+000	1.037689e-010
1.226384000218750e-004	1.027415e+000	1.037689e-010
1.239241143075893e-004	1.027415e+000	1.037689e-010
1.252098285933036e-004	1.027415e+000	1.037689e-010
1.264955428790178e-004	1.027415e+000	1.037689e-010
1.277812571647321e-004	1.027415e+000	1.037689e-010
1.290669714504464e-004	1.027415e+000	1.037689e-010
1.303526857361607e-004	1.027415e+000	1.037689e-010
1.316384000218750e-004	1.027415e+000	1.037689e-010
1.346384000218750e-004	1.027415e+000	1.037689e-010
1.359241143075893e-004	1.027415e+000	1.037689e-010
1.372098285933036e-004	1.027415e+000	1.037689e-010
1.384955428790178e-004	1.027415e+000	1.037689e-010
1.397812571647322e-004	1.027415e+000	1.037689e-010
1.410669714504464e-004	1.027415e+000	1.037689e-010
1.423526857361607e-004	1.027415e+000	1.037689e-010
1.436384000218750e-004	1.027415e+000	1.037689e-010
1.450669714504464e-004	1.027415e+000	1.037689e-010
1.464955428790179e-004	1.027415e+000	1.037689e-010
1.479241143075893e-004	1.027415e+000	1.037689e-010
1.493526857361607e-004	1.027415e+000	1.037689e-010
1.507812571647321e-004	1.027415e+000	1.037689e-010
1.522098285933036e-004	1.027415e+000	1.037689e-010
1.536384000218750e-004	1.027415e+000	1.037689e-010
1.553526857361607e-004	1.027415e+000	1.037689e-010
1.570669714504464e-004	1.027415e+000	1.037689e-010
1.587812571647322e-004	1.027415e+000	1.037689e-010
1.604955428790179e-004	1.027415e+000	1.037689e-010
1.622098285933036e-004	1.027415e+000	1.037689e-010
1.639241143075893e-004	1.027415e+000	1.037689e-010
1.656384000218750e-004	1.027415e+000	1.037689e-010
1.674955428790178e-004	1.027415e+000	1.037689e-010
1.693526857361607e-004	1.027415e+000	1.037689e-010
1.712098285933036e-004	1.027415e+000	1.037689e-010
1.730669714504464e-004	1.027415e+000	1.037689e-010
1.749241143075893e-004	1.027415e+000	1.037689e-010
1.767812571647321e-004	1.027415e+000	1.037689e-010
1.786384000218750e-004	1.027415e+000	1.037689e-010
1.804955428790178e-004	1.027415e+000	1.037689e-010
1.823526857361607e-004	1.027415e+000	1.037689e-010
1.842098285933036e-004	1.027415e+000	1.037689e-010
1.860669714504464e-004	1.027415e+000	1.037689e-010
1.879241143075893e-004	1.027415e+000	1.037689e-010
1.897812571647321e-004	1.027415e+000	1.037689e-010
1.916384000218750e-004	1.027415e+000	1.037689e-010
1.936384000218750e-004	1.027415e+000	1.037689e-010
1.956384000218750e-004	1.027415e+000	1.037689e-010
1.976384000218750e-004	1.027415e+000	1.037689e-010
1.996384000218750e-004	1.027415e+000	1.037689e-010
2.016384000218750e-004	1.027415e+000	1.037689e-010
2.036384000218750e-004	1.027415e+000	1.037689e-010
2.056384000218750e-004	1.027415e+000	1.037689e-010
2.077812571647321e-004	1.027415e+000	1.037689e-010
2.099241143075893e-004	1.027415e+000	1.037689e-010
2.120669714504464e-004	1.027415e+000	1.037689e-010
2.142098285933036e-004	1.027415e+000	1.037689e-010
2.163526857361607e-004	1.027415e+000	1.037689e-010
2.184955428790179e-004	1.027415e+000	1.037689e-010
2.206384000218750e-004	1.027415e+000	1.037689e-010
2.237812571647321e-004	1.027415e+000	1.037689e-010
2.269241143075893e-004	1.027415e+000	1.037689e-010
2.300669714504464e-004	1.027415e+000	1.037689e-010
2.332098285933036e-004	1.027415e+000	1.037689e-010
2.363526857361607e-004	1.027415e+000	1.037689e-010
2.394955428790179e-004	1.027415e+000	1.037689e-010
2.426384000218750e-004	1.027415e+000	1.037689e-010
2.463526857361607e-004	1.027415e+000	1.037689e-010
2.500669714504464e-004	1.027415e+000	1.037689e-010
2.537812571647321e-004	1.027415e+000	1.037689e-010
2.574955428790178e-004	1.027415e+000	1.037689e-010
2.612098285933036e-004	1.027415e+000	1.037689e-010
2.649241143075893e-004	1.027415e+000	1.037689e-010
2.686384000218750e-004	1.027415e+000	1.037689e-010
2.724955428790178e-004	1.027415e+000	1.037689e-010
2.763526857361607e-004	1.027415e+000	1.037689e-010
2.802098285933036e-004	1.027415e+000	1.037689e-010
2.840669714504464e-004	1.027415e+000	1.037689e-010
2.879241143075893e-004	1.027415e+000	1.037689e-010
2.917812571647321e-004	1.027415e+000	1.037689e-010
2.956384000218750e-004	1.027415e+000	1.037689e-010
3.974955428790179e-004	1.027415e+000	1.037689e-010
4.993526857361608e-004	1.027415e+000	1.037689e-010
6.012098285933037e-004	1.027415e+000	1.037689e-010
7.030669714504466e-004	1.027415e+000	1.037689e-010
8.049241143075895e-004	1.027415e+000	1.037689e-010
9.067812571647324e-004	1.027415e+000	1.037689e-010
1.008638400021875e-003	1.027415e+000	1.037689e-010
1.009638400021875e-003	1.027415e+000	1.037689e-010
1.998638400021875e-003	1.027415e+000	1.037689e-010
2.000000000000000e-003	1.027415e+000	1.037689e-010
2.000000746245884e-003	7.095482e-001	3.670765e-001
2.000002238737652e-003	5.289370e-001	5.289370e-001
2.000002517073561e-003	5.322143e-001	5.322143e-001
2.000002783218152e-003	5.336702e-001	5.336702e-001
2.000002862973330e-003	5.334973e-001	5.334973e-001
2.000002919554699e-003	5.341736e-001	5.341736e-001
2.000002986589705e-003	5.343493e-001	5.343493e-001
2.000003056022119e-003	5.344083e-001	5.344083e-001
2.000003194886946e-003	5.344285e-001	5.344285e-001
2.000003400867127e-003	5.344337e-001	5.344337e-001
2.000003812827489e-003	5.344309e-001	5.344309e-001
2.000004636748212e-003	5.344180e-001	5.344180e-001
2.000005472585454e-003	5.343854e-001	5.343854e-001
2.000006506283028e-003	5.343186e-001	5.343186e-001
2.000007586103007e-003	5.342363e-001	5.342363e-001
2.000008791101453e-003	5.341615e-001	5.341615e-001
2.000010312107273e-003	5.341396e-001	5.341396e-001
2.000012057053052e-003	5.342709e-001	5.342709e-001
2.000014252350441e-003	5.347428e-001	5.347428e-001
2.000016850998978e-003	5.358234e-001	5.358234e-001
2.000020326756139e-003	5.381677e-001	5.381677e-001
2.000024884382132e-003	5.424894e-001	5.424894e-001
2.000030312849303e-003	5.488635e-001	5.488635e-001
2.000035546903064e-003	5.557454e-001	5.557454e-001
2.000041096339787e-003	5.633725e-001	5.633725e-001
2.000046630546442e-003	5.709843e-001	5.709843e-001
2.000052952573266e-003	5.794632e-001	5.794632e-001
2.000059763787825e-003	5.881894e-001	5.881894e-001
2.000067756000634e-003	5.977913e-001	5.977913e-001
2.000076763711116e-003	6.077439e-001	6.077439e-001
2.000087689700816e-003	6.186041e-001	6.186041e-001
2.000100607938541e-003	6.299443e-001	6.299443e-001
2.000113476946535e-003	6.397524e-001	6.397524e-001
2.000127272392292e-003	6.487817e-001	6.487817e-001
2.000141201921517e-003	6.566016e-001	6.566016e-001
2.000154662073178e-003	6.630962e-001	6.630962e-001
2.000166976941837e-003	6.682304e-001	6.682304e-001
2.000179054452282e-003	6.726129e-001	6.726129e-001
2.000191078872388e-003	6.764272e-001	6.764272e-001
2.000205657544284e-003	6.804531e-001	6.804531e-001
2.000225321614775e-003	6.852443e-001	6.852443e-001
2.000244418567516e-003	6.896235e-001	6.896235e-001
2.000262328514920e-003	6.941308e-001	6.941308e-001
2.000280235677419e-003	7.003124e-001	7.003124e-001
2.000299440702812e-003	7.109181e-001	7.109181e-001
2.000317918324519e-003	7.277884e-001	7.277884e-001
2.000336999720370e-003	7.543088e-001	7.543088e-001
2.000355519953386e-003	7.888485e-001	7.888485e-001
2.000376284310235e-003	8.340527e-001	8.340527e-001
2.000395989705486e-003	8.774379e-001	8.774379e-001
2.000418815035988e-003	9.228869e-001	9.228869e-001
2.000432570446013e-003	9.453757e-001	9.453757e-001
2.000443645472416e-003	9.590535e-001	9.590535e-001
2.000455795785308e-003	9.695939e-001	9.695939e-001
2.000468607014666e-003	9.761326e-001	9.761326e-001
2.000481556103245e-003	9.784002e-001	9.784002e-001
2.000494899266697e-003	9.772094e-001	9.772094e-001
2.000510271813049e-003	9.737280e-001	9.737280e-001
2.000525856827868e-003	9.700616e-001	9.700616e-001
2.000538093591852e-003	9.678290e-001	9.678290e-001
2.000551452845477e-003	9.659908e-001	9.659908e-001
2.000566585335626e-003	9.641289e-001	9.641289e-001
2.000579487784835e-003	9.625146e-001	9.625146e-001
2.000593938341858e-003	9.605957e-001	9.605957e-001
2.000607006434149e-003	9.587489e-001	9.587489e-001
2.000622392886251e-003	9.564536e-001	9.564536e-001
2.000637889708460e-003	9.540409e-001	9.540409e-001
2.000656740006295e-003	9.510074e-001	9.510074e-001
2.000676120951474e-003	9.478192e-001	9.478192e-001
2.000693839077792e-003	9.448659e-001	9.448659e-001
2.000712538099743e-003	9.417316e-001	9.417316e-001
2.000731545751317e-003	9.385467e-001	9.385467e-001
2.000753408525186e-003	9.349043e-001	9.349043e-001
2.000779212617122e-003	9.306569e-001	9.306569e-001
2.000810425962651e-003	9.256123e-001	9.256123e-001
2.000837617676986e-003	9.213367e-001	9.213367e-001
2.000871301822180e-003	9.162329e-001	9.162329e-001
2.000902940485893e-003	9.117081e-001	9.117081e-001
2.000950808016150e-003	9.056039e-001	9.056039e-001
2.001026512870758e-003	8.978895e-001	8.978895e-001
2.001105836074121e-003	8.930907e-001	8.930907e-001
2.001205022787524e-003	8.917285e-001	8.917285e-001
2.001263338338455e-003	8.933335e-001	8.933335e-001
2.001319048552270e-003	8.965697e-001	8.965697e-001
2.001383062090360e-003	9.012880e-001	9.012880e-001
2.001443773857566e-003	9.062250e-001	9.062250e-001
2.001513642810664e-003	9.120459e-001	9.120459e-001
2.001591078893212e-003	9.183658e-001	9.183658e-001
2.001676524922602e-003	9.250810e-001	9.250810e-001
2.001762442261640e-003	9.315781e-001	9.315781e-001
2.001874445908809e-003	9.397514e-001	9.397514e-001
2.002052314104129e-003	9.522075e-001	9.522075e-001
2.002254265262612e-003	9.654303e-001	9.654303e-001
2.002468814839697e-003	9.777479e-001	9.777479e-001
2.002794229706075e-003	9.928381e-001	9.928381e-001
2.003140417513976e-003	1.004761e+000	1.004761e+000
2.003469945299726e-003	1.012336e+000	1.012336e+000
2.003933216748216e-003	1.018828e+000	1.018828e+000
2.004483412792588e-003	1.023093e+000	1.023093e+000
2.005171499757511e-003	1.025612e+000	1.025612e+000
2.005911950213740e-003	1.026712e+000	1.026712e+000
2.006888437286507e-003	1.027184e+000	1.027184e+000
2.007888437286508e-003	1.027311e+000	1.027311e+000
2.008888437286508e-003	1.027324e+000	1.027324e+000
2.009888437286507e-003	1.027313e+000	1.027313e+000
2.010888437286508e-003	1.027299e+000	1.027299e+000
2.011888437286508e-003	1.027285e+000	1.027285e+000
2.012888437286507e-003	1.027272e+000	1.027272e+000
2.013888437286508e-003	1.027260e+000	1.027260e+000
2.014888437286508e-003	1.027249e+000	1.027249e+000
2.015888437286508e-003	1.027240e+000	1.027240e+000
2.016888437286508e-003	1.027232e+000	1.027232e+000
2.017888437286508e-003	1.027224e+000	1.027224e+000
2.018888437286508e-003	1.027217e+000	1.027217e+000
2.019888437286507e-003	1.027211e+000	1.027211e+000
2.020888437286508e-003	1.027206e+000	1.027206e+000
2.021888437286508e-003	1.027201e+000	1.027201e+000
2.022888437286507e-003	1.027197e+000	1.027197e+000
2.023888437286508e-003	1.027193e+000	1.027193e+000
2.024888437286508e-003	1.027189e+000	1.027189e+000
2.025888437286507e-003	1.027187e+000	1.027187e+000
2.026888437286508e-003	1.027184e+000	1.027184e+000
2.027888437286508e-003	1.027182e+000	1.027182e+000
2.028888437286508e-003	1.027179e+000	1.027179e+000
2.029888437286507e-003	1.027178e+000	1.027178e+000
2.030888437286508e-003	1.027176e+000	1.027176e+000
2.031888437286508e-003	1.027175e+000	1.027175e+000
2.032888437286507e-003	1.027174e+000	1.027174e+000
2.033888437286508e-003	1.027173e+000	1.027173e+000
2.034888437286508e-003	1.027172e+000	1.027172e+000
2.035888437286507e-003	1.027171e+000	1.027171e+000
2.036888437286508e-003	1.027171e+000	1.027171e+000
2.037888437286508e-003	1.027170e+000	1.027170e+000
2.038888437286507e-003	1.027170e+000	1.027170e+000
2.039888437286508e-003	1.027170e+000	1.027170e+000
2.040888437286508e-003	1.027170e+000	1.027170e+000
2.041888437286508e-003	1.027169e+000	1.027169e+000
2.042888437286507e-003	1.027169e+000	1.027169e+000
2.043888437286508e-003	1.027169e+000	1.027169e+000
2.044888437286508e-003	1.027169e+000	1.027169e+000
2.045888437286507e-003	1.027169e+000	1.027169e+000
2.046888437286508e-003	1.027170e+000	1.027170e+000
2.047888437286508e-003	1.027170e+000	1.027170e+000
2.048888437286507e-003	1.027170e+000	1.027170e+000
2.049888437286508e-003	1.027170e+000	1.027170e+000
2.050888437286508e-003	1.027171e+000	1.027171e+000
2.051888437286508e-003	1.027171e+000	1.027171e+000
2.052888437286508e-003	1.027171e+000	1.027171e+000
2.053888437286508e-003	1.027172e+000	1.027172e+000
2.054888437286508e-003	1.027172e+000	1.027172e+000
2.055888437286507e-003	1.027172e+000	1.027172e+000
2.056888437286508e-003	1.027173e+000	1.027173e+000
2.057888437286508e-003	1.027173e+000	1.027173e+000
2.058888437286507e-003	1.027173e+000	1.027173e+000
2.059888437286508e-003	1.027174e+000	1.027174e+000
2.060888437286508e-003	1.027174e+000	1.027174e+000
2.061888437286507e-003	1.027174e+000	1.027174e+000
2.062888437286508e-003	1.027175e+000	1.027175e+000
2.063888437286508e-003	1.027175e+000	1.027175e+000
2.064888437286508e-003	1.027176e+000	1.027176e+000
2.065888437286508e-003	1.027176e+000	1.027176e+000
2.066888437286508e-003	1.027177e+000	1.027177e+000
2.067888437286508e-003	1.027177e+000	1.027177e+000
2.068888437286507e-003	1.027177e+000	1.027177e+000
2.069888437286508e-003	1.027178e+000	1.027178e+000
2.070888437286508e-003	1.027178e+000	1.027178e+000
2.071888437286507e-003	1.027179e+000	1.027179e+000
2.072888437286508e-003	1.027179e+000	1.027179e+000
2.073888437286508e-003	1.027179e+000	1.027179e+000
2.074888437286507e-003	1.027180e+000	1.027180e+000
2.075888437286508e-003	1.027180e+000	1.027180e+000
2.076888437286508e-003	1.027181e+000	1.027181e+000
2.077888437286508e-003	1.027181e+000	1.027181e+000
2.078888437286507e-003	1.027181e+000	1.027181e+000
2.079888437286508e-003	1.027182e+000	1.027182e+000
2.080888437286508e-003	1.027182e+000	1.027182e+000
2.081888437286507e-003	1.027183e+000	1.027183e+000
2.082888437286508e-003	1.027183e+000	1.027183e+000
2.083888437286508e-003	1.027183e+000	1.027183e+000
2.084888437286507e-003	1.027184e+000	1.027184e+000
2.085888437286508e-003	1.027184e+000	1.027184e+000
2.086888437286508e-003	1.027184e+000	1.027184e+000
2.087888437286507e-003	1.027185e+000	1.027185e+000
2.088888437286508e-003	1.027185e+000	1.027185e+000
2.089888437286508e-003	1.027186e+000	1.027186e+000
2.090888437286508e-003	1.027186e+000	1.027186e+000
2.091888437286507e-003	1.027186e+000	1.027186e+000
2.092888437286508e-003	1.027187e+000	1.027187e+000
2.094888437286507e-003	1.027187e+000	1.027187e+000
2.095888437286508e-003	1.027188e+000	1.027188e+000
2.096888437286508e-003	1.027188e+000	1.027188e+000
2.097888437286507e-003	1.027188e+000	1.027188e+000
2.098888437286508e-003	1.027189e+000	1.027189e+000
2.099888437286508e-003	1.027189e+000	1.027189e+000
2.100888437286508e-003	1.027189e+000	1.027189e+000
2.101888437286508e-003	1.027189e+000	1.027189e+000
2.102888437286508e-003	1.027190e+000	1.027190e+000
2.103888437286508e-003	1.027190e+000	1.027190e+000
2.104888437286507e-003	1.027191e+000	1.027191e+000
2.105888437286508e-003	1.027191e+000	1.027191e+000
2.106888437286508e-003	1.027191e+000	1.027191e+000
2.107888437286507e-003	1.027191e+000	1.027191e+000
2.108888437286508e-003	1.027192e+000	1.027192e+000
2.109888437286508e-003	1.027192e+000	1.027192e+000
2.110888437286507e-003	1.027192e+000	1.027192e+000
2.111888437286508e-003	1.027193e+000	1.027193e+000
2.112888437286508e-003	1.027193e+000	1.027193e+000
2.113888437286508e-003	1.027193e+000	1.027193e+000
2.114888437286507e-003	1.027193e+000	1.027193e+000
2.115888437286508e-003	1.027194e+000	1.027194e+000
2.116888437286508e-003	1.027194e+000	1.027194e+000
2.117888437286507e-003	1.027194e+000	1.027194e+000
2.118888437286508e-003	1.027194e+000	1.027194e+000
2.119888437286508e-003	1.027195e+000	1.027195e+000
2.120888437286507e-003	1.027195e+000	1.027195e+000
2.121888437286508e-003	1.027195e+000	1.027195e+000
2.122888437286508e-003	1.027195e+000	1.027195e+000
2.123888437286507e-003	1.027196e+000	1.027196e+000
2.124888437286508e-003	1.027196e+000	1.027196e+000
2.125888437286508e-003	1.027196e+000	1.027196e+000
2.126888437286508e-003	1.027197e+000	1.027197e+000
2.127888437286507e-003	1.027197e+000	1.027197e+000
2.128888437286508e-003	1.027197e+000	1.027197e+000
2.129888437286508e-003	1.027197e+000	1.027197e+000
2.130888437286507e-003	1.027197e+000	1.027197e+000
2.131888437286508e-003	1.027198e+000	1.027198e+000
2.132888437286508e-003	1.027198e+000	1.027198e+000
2.133888437286507e-003	1.027198e+000	1.027198e+000
2.134888437286508e-003	1.027198e+000	1.027198e+000
2.135888437286508e-003	1.027199e+000	1.027199e+000
2.136888437286507e-003	1.027199e+000	1.027199e+000
2.137888437286508e-003	1.027199e+000	1.027199e+000
2.138888437286508e-003	1.027199e+000	1.027199e+000
2.139888437286508e-003	1.027200e+000	1.027200e+000
2.140888437286507e-003	1.027200e+000	1.027200e+000
2.141888437286508e-003	1.027200e+000	1.027200e+000
2.142888437286508e-003	1.027200e+000	1.027200e+000
2.143888437286507e-003	1.027200e+000	1.027200e+000
2.144888437286508e-003	1.027200e+000	1.027200e+000
2.145888437286508e-003	1.027201e+000	1.027201e+000
2.146888437286507e-003	1.027201e+000	1.027201e+000
2.147888437286508e-003	1.027201e+000	1.027201e+000
2.148888437286508e-003	1.027201e+000	1.027201e+000
2.149888437286508e-003	1.027202e+000	1.027202e+000
2.150888437286508e-003	1.027202e+000	1.027202e+000
2.151888437286508e-003	1.027202e+000	1.027202e+000
2.152888437286508e-003	1.027202e+000	1.027202e+000
2.153888437286507e-003	1.027202e+000	1.027202e+000
2.154888437286508e-003	1.027202e+000	1.027202e+000
2.155888437286508e-003	1.027203e+000	1.027203e+000
2.156888437286507e-003	1.027203e+000	1.027203e+000
2.157888437286508e-003	1.027203e+000	1.027203e+000
2.158888437286508e-003	1.027203e+000	1.027203e+000
2.159888437286507e-003	1.027203e+000	1.027203e+000
2.160888437286508e-003	1.027204e+000	1.027204e+000
2.161888437286508e-003	1.027204e+000	1.027204e+000
2.162888437286508e-003	1.027204e+000	1.027204e+000
2.163888437286507e-003	1.027204e+000	1.027204e+000
2.164888437286508e-003	1.027204e+000	1.027204e+000
2.165888437286508e-003	1.027204e+000	1.027204e+000
2.167888437286508e-003	1.027205e+000	1.027205e+000
2.168888437286508e-003	1.027205e+000	1.027205e+000
2.169888437286507e-003	1.027205e+000	1.027205e+000
2.170888437286508e-003	1.027205e+000	1.027205e+000
2.171888437286508e-003	1.027205e+000	1.027205e+000
2.172888437286507e-003	1.027205e+000	1.027205e+000
2.173888437286508e-003	1.027206e+000	1.027206e+000
2.174888437286508e-003	1.027206e+000	1.027206e+000
2.175888437286508e-003	1.027206e+000	1.027206e+000
2.176888437286507e-003	1.027206e+000	1.027206e+000
2.177888437286508e-003	1.027206e+000	1.027206e+000
2.179888437286507e-003	1.027206e+000	1.027206e+000
2.180888437286508e-003	1.027207e+000	1.027207e+000
2.181888437286508e-003	1.027207e+000	1.027207e+000
2.182888437286507e-003	1.027207e+000	1.027207e+000
2.183888437286508e-003	1.027207e+000	1.027207e+000
2.184888437286508e-003	1.027207e+000	1.027207e+000
2.185888437286507e-003	1.027207e+000	1.027207e+000
2.186888437286508e-003	1.027207e+000	1.027207e+000
2.187888437286508e-003	1.027208e+000	1.027208e+000
2.188888437286508e-003	1.027208e+000	1.027208e+000
2.189888437286507e-003	1.027208e+000	1.027208e+000
2.191888437286508e-003	1.027208e+000	1.027208e+000
2.192888437286507e-003	1.027208e+000	1.027208e+000
2.193888437286508e-003	1.027208e+000	1.027208e+000
2.194888437286508e-003	1.027208e+000	1.027208e+000
2.195888437286507e-003	1.027209e+000	1.027209e+000
2.196888437286508e-003	1.027209e+000	1.027209e+000
2.197888437286508e-003	1.027209e+000	1.027209e+000
2.198888437286508e-003	1.027209e+000	1.027209e+000
2.199888437286508e-003	1.027209e+000	1.027209e+000
2.200888437286508e-003	1.027209e+000	1.027209e+000
2.201888437286508e-003	1.027209e+000	1.027209e+000
2.202888437286507e-003	1.027209e+000	1.027209e+000
2.203888437286508e-003	1.027210e+000	1.027210e+000
2.204888437286508e-003	1.027210e+000	1.027210e+000
2.205888437286507e-003	1.027210e+000	1.027210e+000
2.206888437286508e-003	1.027210e+000	1.027210e+000
2.207888437286508e-003	1.027210e+000	1.027210e+000
2.208888437286507e-003	1.027210e+000	1.027210e+000
2.209888437286508e-003	1.027210e+000	1.027210e+000
2.210888437286508e-003	1.027210e+000	1.027210e+000
2.211888437286508e-003	1.027210e+000	1.027210e+000
2.212888437286507e-003	1.027210e+000	1.027210e+000
2.213888437286508e-003	1.027210e+000	1.027210e+000
2.214888437286508e-003	1.027211e+000	1.027211e+000
2.215888437286507e-003	1.027211e+000	1.027211e+000
2.216888437286508e-003	1.027211e+000	1.027211e+000
2.217888437286508e-003	1.027211e+000	1.027211e+000
2.218888437286507e-003	1.027211e+000	1.027211e+000
2.219888437286508e-003	1.027211e+000	1.027211e+000
2.220888437286508e-003	1.027211e+000	1.027211e+000
2.221888437286507e-003	1.027211e+000	1.027211e+000
2.222888437286508e-003	1.027211e+000	1.027211e+000
2.223888437286508e-003	1.027211e+000	1.027211e+000
2.224888437286508e-003	1.027212e+000	1.027212e+000
2.225888437286507e-003	1.027212e+000	1.027212e+000
2.226888437286508e-003	1.027212e+000	1.027212e+000
2.227888437286508e-003	1.027212e+000	1.027212e+000
2.228888437286507e-003	1.027212e+000	1.027212e+000
2.229888437286508e-003	1.027212e+000	1.027212e+000
2.230888437286508e-003	1.027212e+000	1.027212e+000
2.231888437286507e-003	1.027212e+000	1.027212e+000
2.232888437286508e-003	1.027212e+000	1.027212e+000
2.233888437286508e-003	1.027212e+000	1.027212e+000
2.234888437286507e-003	1.027213e+000	1.027213e+000
2.235888437286508e-003	1.027213e+000	1.027213e+000
2.236888437286508e-003	1.027213e+000	1.027213e+000
2.237888437286508e-003	1.027213e+000	1.027213e+000
2.238888437286507e-003	1.027213e+000	1.027213e+000
2.240888437286508e-003	1.027213e+000	1.027213e+000
2.241888437286507e-003	1.027213e+000	1.027213e+000
2.242888437286508e-003	1.027213e+000	1.027213e+000
2.243888437286508e-003	1.027213e+000	1.027213e+000
2.244888437286507e-003	1.027213e+000	1.027213e+000
2.245888437286508e-003	1.027213e+000	1.027213e+000
2.246888437286508e-003	1.027213e+000	1.027213e+000
2.247888437286508e-003	1.027213e+000	1.027213e+000
2.248888437286508e-003	1.027214e+000	1.027214e+000
2.249888437286508e-003	1.027214e+000	1.027214e+000
2.250888437286508e-003	1.027214e+000	1.027214e+000
2.252888437286508e-003	1.027214e+000	1.027214e+000
2.253888437286508e-003	1.027214e+000	1.027214e+000
2.254888437286507e-003	1.027214e+000	1.027214e+000
2.255888437286508e-003	1.027214e+000	1.027214e+000
2.256888437286508e-003	1.027214e+000	1.027214e+000
2.257888437286507e-003	1.027214e+000	1.027214e+000
2.258888437286508e-003	1.027214e+000	1.027214e+000
2.259888437286508e-003	1.027214e+000	1.027214e+000
2.260888437286508e-003	1.027214e+000	1.027214e+000
2.261888437286507e-003	1.027214e+000	1.027214e+000
2.262888437286508e-003	1.027214e+000	1.027214e+000
2.264888437286507e-003	1.027215e+000	1.027215e+000
2.265888437286508e-003	1.027215e+000	1.027215e+000
2.266888437286508e-003	1.027215e+000	1.027215e+000
2.267888437286507e-003	1.027215e+000	1.027215e+000
2.268888437286508e-003	1.027215e+000	1.027215e+000
2.269888437286508e-003	1.027215e+000	1.027215e+000
2.270888437286507e-003	1.027215e+000	1.027215e+000
2.271888437286508e-003	1.027215e+000	1.027215e+000
2.272888437286508e-003	1.027215e+000	1.027215e+000
2.273888437286508e-003	1.027215e+000	1.027215e+000
2.274888437286507e-003	1.027215e+000	1.027215e+000
2.276888437286508e-003	1.027215e+000	1.027215e+000
2.277888437286507e-003	1.027215e+000	1.027215e+000
2.278888437286508e-003	1.027215e+000	1.027215e+000
2.279888437286508e-003	1.027215e+000	1.027215e+000
2.280888437286507e-003	1.027215e+000	1.027215e+000
2.281888437286508e-003	1.027215e+000	1.027215e+000
2.282888437286508e-003	1.027216e+000	1.027216e+000
2.283888437286507e-003	1.027216e+000	1.027216e+000
2.284888437286508e-003	1.027216e+000	1.027216e+000
2.285888437286508e-003	1.027216e+000	1.027216e+000
2.286888437286508e-003	1.027216e+000	1.027216e+000
2.289888437286508e-003	1.027216e+000	1.027216e+000
2.290888437286507e-003	1.027216e+000	1.027216e+000
2.291888437286508e-003	1.027216e+000	1.027216e+000
2.292888437286508e-003	1.027216e+000	1.027216e+000
2.293888437286507e-003	1.027216e+000	1.027216e+000
2.294888437286508e-003	1.027216e+000	1.027216e+000
2.295888437286508e-003	1.027216e+000	1.027216e+000
2.296888437286508e-003	1.027216e+000	1.027216e+000
2.297888437286508e-003	1.027216e+000	1.027216e+000
2.298888437286508e-003	1.027216e+000	1.027216e+000
2.301888437286508e-003	1.027216e+000	1.027216e+000
2.302888437286508e-003	1.027216e+000	1.027216e+000
2.303888437286507e-003	1.027217e+000	1.027217e+000
2.304888437286508e-003	1.027217e+000	1.027217e+000
2.305888437286508e-003	1.027217e+000	1.027217e+000
2.306888437286507e-003	1.027217e+000	1.027217e+000
2.307888437286508e-003	1.027217e+000	1.027217e+000
2.308888437286508e-003	1.027217e+000	1.027217e+000
2.309888437286508e-003	1.027217e+000	1.027217e+000
2.310888437286507e-003	1.027217e+000	1.027217e+000
2.313888437286507e-003	1.027217e+000	1.027217e+000
2.314888437286508e-003	1.027217e+000	1.027217e+000
2.315888437286508e-003	1.027217e+000	1.027217e+000
2.316888437286507e-003	1.027217e+000	1.027217e+000
2.317888437286508e-003	1.027217e+000	1.027217e+000
2.318888437286508e-003	1.027217e+000	1.027217e+000
2.319888437286507e-003	1.027217e+000	1.027217e+000
2.320888437286508e-003	1.027217e+000	1.027217e+000
2.321888437286508e-003	1.027217e+000	1.027217e+000
2.322888437286508e-003	1.027217e+000	1.027217e+000
2.326888437286507e-003	1.027217e+000	1.027217e+000
2.327888437286508e-003	1.027217e+000	1.027217e+000
2.328888437286508e-003	1.027217e+000	1.027217e+000
2.329888437286507e-003	1.027217e+000	1.027217e+000
2.330888437286508e-003	1.027218e+000	1.027218e+000
2.331888437286508e-003	1.027218e+000	1.027218e+000
2.332888437286507e-003	1.027218e+000	1.027218e+000
2.333888437286508e-003	1.027218e+000	1.027218e+000
2.335888437286508e-003	1.027218e+000	1.027218e+000
2.338888437286508e-003	1.027218e+000	1.027218e+000
2.339888437286507e-003	1.027218e+000	1.027218e+000
2.340888437286508e-003	1.027218e+000	1.027218e+000
2.341888437286508e-003	1.027218e+000	1.027218e+000
2.342888437286507e-003	1.027218e+000	1.027218e+000
2.343888437286508e-003	1.027218e+000	1.027218e+000
2.344888437286508e-003	1.027218e+000	1.027218e+000
2.345888437286508e-003	1.027218e+000	1.027218e+000
2.347888437286508e-003	1.027218e+000	1.027218e+000
2.350888437286508e-003	1.027218e+000	1.027218e+000
2.351888437286508e-003	1.027218e+000	1.027218e+000
2.352888437286507e-003	1.027218e+000	1.027218e+000
2.353888437286508e-003	1.027218e+000	1.027218e+000
2.354888437286508e-003	1.027218e+000	1.027218e+000
2.355888437286507e-003	1.027218e+000	1.027218e+000
2.356888437286508e-003	1.027218e+000	1.027218e+000
2.357888437286508e-003	1.027218e+000	1.027218e+000
2.359888437286507e-003	1.027218e+000	1.027218e+000
2.362888437286507e-003	1.027218e+000	1.027218e+000
2.364888437286508e-003	1.027218e+000	1.027218e+000
2.365888437286507e-003	1.027218e+000	1.027218e+000
2.366888437286508e-003	1.027218e+000	1.027218e+000
2.367888437286508e-003	1.027218e+000	1.027218e+000
2.368888437286507e-003	1.027218e+000	1.027218e+000
2.370888437286508e-003	1.027219e+000	1.027219e+000
2.371745580143650e-003	1.027219e+000	1.027219e+000
2.372602723000794e-003	1.027219e+000	1.027219e+000
2.373459865857936e-003	1.027219e+000	1.027219e+000
2.374317008715079e-003	1.027219e+000	1.027219e+000
2.375174151572222e-003	1.027219e+000	1.027219e+000
2.376031294429365e-003	1.027219e+000	1.027219e+000
2.376888437286508e-003	1.027219e+000	1.027219e+000
2.378888437286507e-003	1.027219e+000	1.027219e+000
2.380888437286508e-003	1.027219e+000	1.027219e+000
2.382888437286508e-003	1.027219e+000	1.027219e+000
2.383745580143650e-003	1.027219e+000	1.027219e+000
2.384602723000793e-003	1.027219e+000	1.027219e+000
2.385459865857936e-003	1.027219e+000	1.027219e+000
2.386317008715079e-003	1.027219e+000	1.027219e+000
2.387174151572222e-003	1.027219e+000	1.027219e+000
2.388031294429365e-003	1.027219e+000	1.027219e+000
2.388888437286507e-003	1.027219e+000	1.027219e+000
2.390888437286508e-003	1.027219e+000	1.027219e+000
2.392888437286508e-003	1.027219e+000	1.027219e+000
2.394888437286508e-003	1.027219e+000	1.027219e+000
2.395888437286508e-003	1.027219e+000	1.027219e+000
2.396888437286508e-003	1.027219e+000	1.027219e+000
2.397888437286508e-003	1.027219e+000	1.027219e+000
2.398888437286507e-003	1.027219e+000	1.027219e+000
2.399888437286508e-003	1.027219e+000	1.027219e+000
2.400888437286507e-003	1.027219e+000	1.027219e+000
2.401888437286507e-003	1.027219e+000	1.027219e+000
2.403888437286508e-003	1.027219e+000	1.027219e+000
2.405888437286508e-003	1.027219e+000	1.027219e+000
2.408888437286507e-003	1.027219e+000	1.027219e+000
2.410031294429365e-003	1.027219e+000	1.027219e+000
2.411174151572222e-003	1.027219e+000	1.027219e+000
2.412317008715079e-003	1.027219e+000	1.027219e+000
2.413459865857936e-003	1.027219e+000	1.027219e+000
2.414602723000793e-003	1.027219e+000	1.027219e+000
2.415745580143651e-003	1.027219e+000	1.027219e+000
2.416888437286508e-003	1.027219e+000	1.027219e+000
2.419888437286508e-003	1.027219e+000	1.027219e+000
2.421031294429365e-003	1.027219e+000	1.027219e+000
2.422174151572222e-003	1.027219e+000	1.027219e+000
2.423317008715079e-003	1.027219e+000	1.027219e+000
2.424459865857936e-003	1.027219e+000	1.027219e+000
2.425602723000793e-003	1.027219e+000	1.027219e+000
2.426745580143650e-003	1.027219e+000	1.027219e+000
2.427888437286507e-003	1.027219e+000	1.027219e+000
2.430888437286507e-003	1.027220e+000	1.027220e+000
2.432031294429364e-003	1.027220e+000	1.027220e+000
2.433174151572222e-003	1.027220e+000	1.027220e+000
2.434317008715079e-003	1.027220e+000	1.027220e+000
2.435459865857936e-003	1.027220e+000	1.027220e+000
2.436602723000793e-003	1.027220e+000	1.027220e+000
2.437745580143650e-003	1.027220e+000	1.027220e+000
2.438888437286508e-003	1.027220e+000	1.027220e+000
2.441888437286508e-003	1.027220e+000	1.027220e+000
2.443031294429365e-003	1.027220e+000	1.027220e+000
2.444174151572222e-003	1.027220e+000	1.027220e+000
2.445317008715079e-003	1.027220e+000	1.027220e+000
2.446459865857936e-003	1.027220e+000	1.027220e+000
2.447602723000794e-003	1.027220e+000	1.027220e+000
2.448745580143651e-003	1.027220e+000	1.027220e+000
2.449888437286508e-003	1.027220e+000	1.027220e+000
2.452888437286508e-003	1.027220e+000	1.027220e+000
2.455888437286508e-003	1.027220e+000	1.027220e+000
2.457317008715079e-003	1.027220e+000	1.027220e+000
2.458745580143651e-003	1.027220e+000	1.027220e+000
2.460174151572222e-003	1.027220e+000	1.027220e+000
2.461602723000793e-003	1.027220e+000	1.027220e+000
2.463031294429365e-003	1.027220e+000	1.027220e+000
2.464459865857936e-003	1.027220e+000	1.027220e+000
2.465888437286508e-003	1.027220e+000	1.027220e+000
2.467317008715079e-003	1.027220e+000	1.027220e+000
2.468745580143651e-003	1.027220e+000	1.027220e+000
2.470174151572222e-003	1.027220e+000	1.027220e+000
2.471602723000793e-003	1.027220e+000	1.027220e+000
2.473031294429365e-003	1.027220e+000	1.027220e+000
2.474459865857936e-003	1.027220e+000	1.027220e+000
2.475888437286508e-003	1.027220e+000	1.027220e+000
2.477317008715079e-003	1.027220e+000	1.027220e+000
2.478745580143651e-003	1.027220e+000	1.027220e+000
2.480174151572222e-003	1.027220e+000	1.027220e+000
2.481602723000793e-003	1.027220e+000	1.027220e+000
2.483031294429365e-003	1.027220e+000	1.027220e+000
2.484459865857936e-003	1.027220e+000	1.027220e+000
2.485888437286508e-003	1.027220e+000	1.027220e+000
2.487602723000794e-003	1.027220e+000	1.027220e+000
2.489317008715079e-003	1.027220e+000	1.027220e+000
2.491031294429365e-003	1.027220e+000	1.027220e+000
2.492745580143650e-003	1.027220e+000	1.027220e+000
2.494459865857936e-003	1.027220e+000	1.027220e+000
2.496174151572222e-003	1.027220e+000	1.027220e+000
2.497888437286508e-003	1.027220e+000	1.027220e+000
2.499602723000793e-003	1.027220e+000	1.027220e+000
2.501317008715079e-003	1.027220e+000	1.027220e+000
2.503031294429365e-003	1.027220e+000	1.027220e+000
2.504745580143650e-003	1.027220e+000	1.027220e+000
2.506459865857936e-003	1.027220e+000	1.027220e+000
2.508174151572222e-003	1.027220e+000	1.027220e+000
2.509888437286507e-003	1.027220e+000	1.027220e+000
2.511745580143650e-003	1.027220e+000	1.027220e+000
2.513602723000793e-003	1.027220e+000	1.027220e+000
2.515459865857936e-003	1.027220e+000	1.027220e+000
2.517317008715079e-003	1.027220e+000	1.027220e+000
2.519174151572222e-003	1.027220e+000	1.027220e+000
2.521031294429365e-003	1.027220e+000	1.027220e+000
2.522888437286507e-003	1.027220e+000	1.027220e+000
2.524888437286507e-003	1.027220e+000	1.027220e+000
2.526888437286508e-003	1.027220e+000	1.027220e+000
2.528888437286507e-003	1.027220e+000	1.027220e+000
2.530888437286508e-003	1.027220e+000	1.027220e+000
2.532888437286507e-003	1.027220e+000	1.027220e+000
2.534888437286508e-003	1.027220e+000	1.027220e+000
2.536888437286508e-003	1.027220e+000	1.027220e+000
2.539031294429365e-003	1.027220e+000	1.027220e+000
2.541174151572222e-003	1.027220e+000	1.027220e+000
2.543317008715079e-003	1.027220e+000	1.027220e+000
2.545459865857936e-003	1.027220e+000	1.027220e+000
2.547602723000793e-003	1.027220e+000	1.027220e+000
2.549745580143650e-003	1.027220e+000	1.027220e+000
2.551888437286507e-003	1.027220e+000	1.027220e+000
2.555031294429365e-003	1.027220e+000	1.027220e+000
2.558174151572222e-003	1.027220e+000	1.027220e+000
2.561317008715079e-003	1.027220e+000	1.027220e+000
2.564459865857936e-003	1.027220e+000	1.027220e+000
2.567602723000793e-003	1.027220e+000	1.027220e+000
2.570745580143650e-003	1.027220e+000	1.027220e+000
2.573888437286508e-003	1.027220e+000	1.027220e+000
2.577745580143650e-003	1.027220e+000	1.027220e+000
2.581602723000794e-003	1.027220e+000	1.027220e+000
2.585459865857936e-003	1.027220e+000	1.027220e+000
2.589317008715079e-003	1.027220e+000	1.027220e+000
2.593174151572222e-003	1.027220e+000	1.027220e+000
2.597031294429365e-003	1.027220e+000	1.027220e+000
2.600888437286507e-003	1.027220e+000	1.027220e+000
2.604745580143650e-003	1.027220e+000	1.027220e+000
2.608602723000793e-003	1.027220e+000	1.027220e+000
2.612459865857936e-003	1.027220e+000	1.027220e+000
2.616317008715079e-003	1.027220e+000	1.027220e+000
2.620174151572222e-003	1.027221e+000	1.027221e+000
2.624031294429365e-003	1.027220e+000	1.027220e+000
2.627888437286508e-003	1.027220e+000	1.027220e+000
2.666745580143650e-003	1.027220e+000	1.027220e+000
2.705602723000793e-003	1.027220e+000	1.027220e+000
2.744459865857936e-003	1.027220e+000	1.027220e+000
2.783317008715079e-003	1.027220e+000	1.027220e+000
2.822174151572222e-003	1.027221e+000	1.027221e+000
2.861031294429365e-003	1.027221e+000	1.027221e+000
2.899888437286508e-003	1.027221e+000	1.027221e+000
2.958888437286508e-003	1.027221e+000	1.027221e+000
3.982888437286508e-003	1.027221e+000	1.027220e+000
3.997888437286507e-003	1.027220e+000	1.027220e+000
3.999000000000000e-003	1.027220e+000	1.027220e+000
3.999553749146030e-003	1.027220e+000	1.027220e+000
4.000000000000000e-003	1.448971e+000	5.146132e-001
4.000000894733482e-003	1.617853e+000	3.423903e-001
4.000002684200446e-003	1.990204e+000	2.010106e-010
4.000003111829548e-003	1.988745e+000	2.008632e-010
4.000003581268196e-003	1.986207e+000	2.006069e-010
4.000003767668145e-003	1.988319e+000	2.008202e-010
4.000003944080261e-003	1.987662e+000	2.007538e-010
4.000004133636083e-003	1.988815e+000	2.008703e-010
4.000004446814070e-003	1.990566e+000	2.010472e-010
4.000004751626798e-003	1.992106e+000	2.012027e-010
4.000005243130956e-003	1.994215e+000	2.014157e-010
4.000005882188480e-003	1.996406e+000	2.016370e-010
4.000006841183022e-003	1.998842e+000	2.018831e-010
4.000007702715577e-003	2.000372e+000	2.020376e-010
4.000008457327622e-003	2.001262e+000	2.021275e-010
4.000009212345637e-003	2.001862e+000	2.021881e-010
4.000009995296470e-003	2.002272e+000	2.022295e-010
4.000011037265358e-003	2.002593e+000	2.022619e-010
4.000012342598162e-003	2.002768e+000	2.022796e-010
4.000013768902491e-003	2.002761e+000	2.022789e-010
4.000015290185156e-003	2.002590e+000	2.022616e-010
4.000016943612115e-003	2.002269e+000	2.022292e-010
4.000018490705916e-003	2.001876e+000	2.021895e-010
4.000020274317943e-003	2.001354e+000	2.021368e-010
4.000022281552932e-003	2.000729e+000	2.020736e-010
4.000024339107827e-003	2.000076e+000	2.020077e-010
4.000026766054265e-003	1.999312e+000	2.019305e-010
4.000029499841466e-003	1.998469e+000	2.018453e-010
4.000033009349572e-003	1.997410e+000	2.017384e-010
4.000037276658276e-003	1.996149e+000	2.016110e-010
4.000043282131917e-003	1.994404e+000	2.014348e-010
4.000052366630412e-003	1.991803e+000	2.011721e-010
4.000064155918044e-003	1.988465e+000	2.008350e-010
4.000077267572018e-003	1.984789e+000	2.004637e-010
4.000092173813962e-003	1.980649e+000	2.000456e-010
4.000106600563809e-003	1.976686e+000	1.996453e-010
4.000122256637654e-003	1.972442e+000	1.992167e-010
4.000138883332037e-003	1.968082e+000	1.987763e-010
4.000154030523882e-003	1.964684e+000	1.984331e-010
4.000166324740337e-003	1.963062e+000	1.982692e-010
4.000180582117916e-003	1.962325e+000	1.981949e-010
4.000193779564003e-003	1.961594e+000	1.981210e-010
4.000207184341639e-003	1.960184e+000	1.979786e-010
4.000219970899739e-003	1.958200e+000	1.977782e-010
4.000234510748117e-003	1.955379e+000	1.974933e-010
4.000250335684248e-003	1.951882e+000	1.971401e-010
4.000265592746320e-003	1.948231e+000	1.967713e-010
4.000281975976598e-003	1.944128e+000	1.963569e-010
4.000297641625629e-003	1.940110e+000	1.959511e-010
4.000314643293171e-003	1.935699e+000	1.955056e-010
4.000331930767505e-003	1.931197e+000	1.950509e-010
4.000351939817456e-003	1.925996e+000	1.945256e-010
4.000376533395842e-003	1.919635e+000	1.938832e-010
4.000395627311061e-003	1.914731e+000	1.933878e-010
4.000414277185898e-003	1.909981e+000	1.929081e-010
4.000437648796638e-003	1.904080e+000	1.923121e-010
4.000460719156223e-003	1.898315e+000	1.917298e-010
4.000491332543101e-003	1.890760e+000	1.909668e-010
4.000529730746898e-003	1.881426e+000	1.900240e-010
4.000576690296752e-003	1.870228e+000	1.888930e-010
4.000637920917729e-003	1.855940e+000	1.874500e-010
4.000693868515309e-003	1.843247e+000	1.861680e-010
4.000794527170530e-003	1.821276e+000	1.839489e-010
4.000948747970623e-003	1.789206e+000	1.807098e-010
4.001112706569615e-003	1.757525e+000	1.775100e-010
4.001440623767599e-003	1.700864e+000	1.717872e-010
4.001981530349768e-003	1.620134e+000	1.636335e-010
4.002557227814087e-003	1.548921e+000	1.564411e-010
4.003221751975140e-003	1.483902e+000	1.498741e-010
4.004107427700275e-003	1.418169e+000	1.432350e-010
4.005107427700275e-003	1.364688e+000	1.378335e-010
4.006107427700275e-003	1.328356e+000	1.341639e-010
4.007107427700276e-003	1.304737e+000	1.317784e-010
4.008107427700276e-003	1.289439e+000	1.302334e-010
4.008807446254318e-003	1.282294e+000	1.295117e-010
4.009370435207048e-003	1.278262e+000	1.291045e-010
4.009827198109849e-003	1.275818e+000	1.288576e-010
4.010319569141191e-003	1.273812e+000	1.286550e-010
4.010844894280406e-003	1.272159e+000	1.284880e-010
4.011354467575333e-003	1.270923e+000	1.283633e-010
4.011894807339266e-003	1.269933e+000	1.282632e-010
4.012582776881176e-003	1.269009e+000	1.281699e-010
4.013397516177424e-003	1.268248e+000	1.280931e-010
4.014372932028660e-003	1.267651e+000	1.280328e-010
4.015372932028661e-003	1.267263e+000	1.279936e-010
4.016372932028661e-003	1.267021e+000	1.279692e-010
4.017372932028661e-003	1.266868e+000	1.279536e-010
4.018372932028661e-003	1.266766e+000	1.279433e-010
4.019372932028661e-003	1.266695e+000	1.279362e-010
4.020372932028661e-003	1.266643e+000	1.279309e-010
4.021372932028661e-003	1.266601e+000	1.279267e-010
4.022372932028661e-003	1.266565e+000	1.279231e-010
4.023372932028661e-003	1.266533e+000	1.279199e-010
4.024372932028661e-003	1.266503e+000	1.279168e-010
4.025372932028661e-003	1.266475e+000	1.279139e-010
4.026372932028661e-003	1.266447e+000	1.279111e-010
4.027372932028660e-003	1.266419e+000	1.279083e-010
4.028372932028661e-003	1.266391e+000	1.279055e-010
4.029372932028661e-003	1.266364e+000	1.279028e-010
4.030372932028661e-003	1.266337e+000	1.279000e-010
4.031372932028661e-003	1.266309e+000	1.278973e-010
4.032372932028661e-003	1.266282e+000	1.278945e-010
4.033372932028661e-003	1.266255e+000	1.278918e-010
4.034372932028661e-003	1.266228e+000	1.278890e-010
4.035372932028661e-003	1.266201e+000	1.278863e-010
4.036372932028661e-003	1.266174e+000	1.278836e-010
4.037372932028661e-003	1.266147e+000	1.278808e-010
4.038372932028661e-003	1.266119e+000	1.278781e-010
4.039372932028661e-003	1.266092e+000	1.278753e-010
4.040372932028660e-003	1.266065e+000	1.278726e-010
4.041372932028661e-003	1.266038e+000	1.278698e-010
4.042372932028661e-003	1.266011e+000	1.278671e-010
4.043372932028661e-003	1.265984e+000	1.278644e-010
4.044372932028661e-003	1.265957e+000	1.278616e-010
4.045372932028661e-003	1.265929e+000	1.278589e-010
4.046372932028661e-003	1.265902e+000	1.278561e-010
4.047372932028660e-003	1.265875e+000	1.278534e-010
4.048372932028661e-003	1.265848e+000	1.278506e-010
4.049372932028661e-003	1.265821e+000	1.278479e-010
4.050372932028661e-003	1.265794e+000	1.278452e-010
4.051372932028661e-003	1.265767e+000	1.278424e-010
4.052372932028661e-003	1.265739e+000	1.278397e-010
4.053372932028660e-003	1.265712e+000	1.278369e-010
4.054372932028661e-003	1.265685e+000	1.278342e-010
4.055372932028661e-003	1.265658e+000	1.278314e-010
4.056372932028661e-003	1.265631e+000	1.278287e-010
4.057372932028661e-003	1.265604e+000	1.278260e-010
4.058372932028661e-003	1.265576e+000	1.278232e-010
4.059372932028661e-003	1.265549e+000	1.278205e-010
4.060372932028660e-003	1.265522e+000	1.278177e-010
4.061372932028661e-003	1.265495e+000	1.278150e-010
4.062372932028661e-003	1.265468e+000	1.278122e-010
4.063372932028661e-003	1.265441e+000	1.278095e-010
4.064372932028661e-003	1.265414e+000	1.278068e-010
4.065372932028661e-003	1.265386e+000	1.278040e-010
4.066372932028660e-003	1.265359e+000	1.278013e-010
4.067372932028661e-003	1.265332e+000	1.277985e-010
4.068372932028661e-003	1.265305e+000	1.277958e-010
4.069372932028661e-003	1.265278e+000	1.277930e-010
4.070372932028661e-003	1.265251e+000	1.277903e-010
4.071372932028661e-003	1.265223e+000	1.277876e-010
4.072372932028661e-003	1.265196e+000	1.277848e-010
4.073372932028660e-003	1.265169e+000	1.277821e-010
4.074372932028661e-003	1.265142e+000	1.277793e-010
4.075372932028661e-003	1.265115e+000	1.277766e-010
4.076372932028661e-003	1.265088e+000	1.277739e-010
4.077372932028661e-003	1.265061e+000	1.277711e-010
4.078372932028661e-003	1.265033e+000	1.277684e-010
4.079372932028660e-003	1.265006e+000	1.277656e-010
4.080372932028661e-003	1.264979e+000	1.277629e-010
4.081372932028661e-003	1.264952e+000	1.277601e-010
4.082372932028661e-003	1.264925e+000	1.277574e-010
4.083372932028661e-003	1.264898e+000	1.277547e-010
4.084372932028661e-003	1.264871e+000	1.277519e-010
4.085372932028661e-003	1.264843e+000	1.277492e-010
4.086372932028660e-003	1.264816e+000	1.277465e-010
4.087372932028661e-003	1.264789e+000	1.277437e-010
4.088372932028661e-003	1.264762e+000	1.277410e-010
4.089372932028661e-003	1.264735e+000	1.277382e-010
4.090372932028661e-003	1.264708e+000	1.277355e-010
4.091372932028661e-003	1.264681e+000	1.277327e-010
4.092372932028661e-003	1.264653e+000	1.277300e-010
4.093372932028661e-003	1.264626e+000	1.277273e-010
4.094372932028661e-003	1.264599e+000	1.277245e-010
4.095372932028661e-003	1.264572e+000	1.277218e-010
4.096372932028661e-003	1.264545e+000	1.277190e-010
4.097372932028661e-003	1.264518e+000	1.277163e-010
4.098372932028661e-003	1.264491e+000	1.277136e-010
4.099372932028660e-003	1.264464e+000	1.277108e-010
4.100372932028661e-003	1.264436e+000	1.277081e-010
4.101372932028661e-003	1.264409e+000	1.277053e-010
4.102372932028661e-003	1.264382e+000	1.277026e-010
4.103372932028661e-003	1.264355e+000	1.276999e-010
4.104372932028661e-003	1.264328e+000	1.276971e-010
4.105372932028661e-003	1.264301e+000	1.276944e-010
4.106372932028661e-003	1.264274e+000	1.276916e-010
4.107372932028661e-003	1.264246e+000	1.276889e-010
4.108372932028661e-003	1.264219e+000	1.276862e-010
4.109372932028661e-003	1.264192e+000	1.276834e-010
4.110372932028661e-003	1.264165e+000	1.276807e-010
4.111372932028661e-003	1.264138e+000	1.276779e-010
4.112372932028660e-003	1.264111e+000	1.276752e-010
4.113372932028661e-003	1.264084e+000	1.276725e-010
4.114372932028661e-003	1.264057e+000	1.276697e-010
4.115372932028661e-003	1.264030e+000	1.276670e-010
4.116372932028661e-003	1.264002e+000	1.276642e-010
4.117372932028661e-003	1.263975e+000	1.276615e-010
4.118372932028661e-003	1.263948e+000	1.276588e-010
4.119372932028661e-003	1.263921e+000	1.276560e-010
4.120372932028661e-003	1.263894e+000	1.276533e-010
4.121372932028661e-003	1.263867e+000	1.276505e-010
4.122372932028661e-003	1.263840e+000	1.276478e-010
4.123372932028661e-003	1.263813e+000	1.276451e-010
4.124372932028661e-003	1.263785e+000	1.276423e-010
4.125372932028660e-003	1.263758e+000	1.276396e-010
4.126372932028661e-003	1.263731e+000	1.276368e-010
4.127372932028661e-003	1.263704e+000	1.276341e-010
4.128372932028661e-003	1.263677e+000	1.276314e-010
4.129372932028661e-003	1.263650e+000	1.276286e-010
4.130372932028661e-003	1.263623e+000	1.276259e-010
4.131372932028661e-003	1.263596e+000	1.276231e-010
4.132372932028661e-003	1.263569e+000	1.276204e-010
4.133372932028661e-003	1.263541e+000	1.276177e-010
4.134372932028661e-003	1.263514e+000	1.276149e-010
4.135372932028661e-003	1.263487e+000	1.276122e-010
4.136372932028661e-003	1.263460e+000	1.276095e-010
4.137372932028661e-003	1.263433e+000	1.276067e-010
4.138372932028660e-003	1.263406e+000	1.276040e-010
4.139372932028661e-003	1.263379e+000	1.276012e-010
4.140372932028661e-003	1.263352e+000	1.275985e-010
4.141372932028661e-003	1.263324e+000	1.275958e-010
4.142372932028661e-003	1.263297e+000	1.275930e-010
4.143372932028661e-003	1.263270e+000	1.275903e-010
4.144372932028661e-003	1.263243e+000	1.275876e-010
4.145372932028660e-003	1.263216e+000	1.275848e-010
4.146372932028661e-003	1.263189e+000	1.275821e-010
4.147372932028661e-003	1.263162e+000	1.275793e-010
4.148372932028661e-003	1.263135e+000	1.275766e-010
4.149372932028661e-003	1.263108e+000	1.275739e-010
4.150372932028661e-003	1.263081e+000	1.275711e-010
4.151372932028660e-003	1.263053e+000	1.275684e-010
4.152372932028661e-003	1.263026e+000	1.275657e-010
4.153372932028661e-003	1.262999e+000	1.275629e-010
4.154372932028661e-003	1.262972e+000	1.275602e-010
4.155372932028661e-003	1.262945e+000	1.275575e-010
4.156372932028661e-003	1.262918e+000	1.275547e-010
4.157372932028661e-003	1.262891e+000	1.275520e-010
4.158372932028660e-003	1.262864e+000	1.275492e-010
4.159372932028661e-003	1.262837e+000	1.275465e-010
4.160372932028661e-003	1.262810e+000	1.275438e-010
4.161372932028661e-003	1.262782e+000	1.275410e-010
4.162372932028661e-003	1.262755e+000	1.275383e-010
4.163372932028661e-003	1.262728e+000	1.275356e-010
4.164372932028661e-003	1.262701e+000	1.275328e-010
4.165372932028661e-003	1.262674e+000	1.275301e-010
4.166372932028661e-003	1.262647e+000	1.275273e-010
4.167372932028661e-003	1.262620e+000	1.275246e-010
4.168372932028661e-003	1.262593e+000	1.275219e-010
4.169372932028661e-003	1.262566e+000	1.275191e-010
4.170372932028661e-003	1.262539e+000	1.275164e-010
4.171372932028660e-003	1.262511e+000	1.275137e-010
4.172372932028661e-003	1.262484e+000	1.275109e-010
4.173372932028661e-003	1.262457e+000	1.275082e-010
4.174372932028661e-003	1.262430e+000	1.275055e-010
4.175372932028661e-003	1.262403e+000	1.275027e-010
4.176372932028661e-003	1.262376e+000	1.275000e-010
4.177372932028661e-003	1.262349e+000	1.274972e-010
4.178372932028661e-003	1.262322e+000	1.274945e-010
4.179372932028661e-003	1.262295e+000	1.274918e-010
4.180372932028661e-003	1.262268e+000	1.274890e-010
4.181372932028661e-003	1.262241e+000	1.274863e-010
4.182372932028661e-003	1.262214e+000	1.274836e-010
4.183372932028661e-003	1.262187e+000	1.274808e-010
4.184372932028660e-003	1.262159e+000	1.274781e-010
4.185372932028661e-003	1.262132e+000	1.274754e-010
4.186372932028661e-003	1.262105e+000	1.274726e-010
4.187372932028661e-003	1.262078e+000	1.274699e-010
4.188372932028661e-003	1.262051e+000	1.274672e-010
4.189372932028661e-003	1.262024e+000	1.274644e-010
4.190372932028661e-003	1.261997e+000	1.274617e-010
4.191372932028661e-003	1.261970e+000	1.274590e-010
4.192372932028661e-003	1.261943e+000	1.274562e-010
4.193372932028661e-003	1.261916e+000	1.274535e-010
4.194372932028661e-003	1.261889e+000	1.274507e-010
4.195372932028661e-003	1.261862e+000	1.274480e-010
4.196372932028661e-003	1.261835e+000	1.274453e-010
4.197372932028660e-003	1.261807e+000	1.274426e-010
4.198372932028661e-003	1.261780e+000	1.274398e-010
4.199372932028661e-003	1.261753e+000	1.274371e-010
4.200372932028661e-003	1.261726e+000	1.274343e-010
4.201372932028661e-003	1.261699e+000	1.274316e-010
4.202372932028661e-003	1.261672e+000	1.274289e-010
4.203372932028661e-003	1.261645e+000	1.274261e-010
4.204372932028661e-003	1.261618e+000	1.274234e-010
4.205372932028661e-003	1.261591e+000	1.274207e-010
4.206372932028661e-003	1.261564e+000	1.274179e-010
4.207372932028661e-003	1.261537e+000	1.274152e-010
4.208372932028661e-003	1.261510e+000	1.274125e-010
4.209372932028661e-003	1.261482e+000	1.274097e-010
4.210372932028660e-003	1.261456e+000	1.274070e-010
4.211372932028661e-003	1.261428e+000	1.274043e-010
4.212372932028661e-003	1.261401e+000	1.274015e-010
4.213372932028661e-003	1.261374e+000	1.273988e-010
4.214372932028661e-003	1.261347e+000	1.273961e-010
4.215372932028661e-003	1.261320e+000	1.273933e-010
4.216372932028661e-003	1.261293e+000	1.273906e-010
4.217372932028661e-003	1.261266e+000	1.273879e-010
4.218372932028661e-003	1.261239e+000	1.273851e-010
4.219372932028661e-003	1.261212e+000	1.273824e-010
4.220372932028661e-003	1.261185e+000	1.273797e-010
4.221372932028661e-003	1.261158e+000	1.273769e-010
4.222372932028661e-003	1.261131e+000	1.273742e-010
4.223372932028660e-003	1.261104e+000	1.273715e-010
4.224372932028661e-003	1.261077e+000	1.273687e-010
4.225372932028661e-003	1.261050e+000	1.273660e-010
4.226372932028661e-003	1.261023e+000	1.273633e-010
4.227372932028661e-003	1.260995e+000	1.273605e-010
4.228372932028661e-003	1.260968e+000	1.273578e-010
4.229372932028661e-003	1.260941e+000	1.273551e-010
4.230372932028661e-003	1.260914e+000	1.273523e-010
4.231372932028661e-003	1.260887e+000	1.273496e-010
4.233372932028661e-003	1.260833e+000	1.273441e-010
4.234372932028661e-003	1.260806e+000	1.273414e-010
4.235372932028661e-003	1.260779e+000	1.273387e-010
4.236372932028661e-003	1.260752e+000	1.273359e-010
4.237372932028661e-003	1.260725e+000	1.273332e-010
4.238372932028661e-003	1.260698e+000	1.273305e-010
4.239372932028661e-003	1.260671e+000	1.273278e-010
4.240372932028661e-003	1.260644e+000	1.273250e-010
4.241372932028661e-003	1.260617e+000	1.273223e-010
4.242372932028661e-003	1.260590e+000	1.273196e-010
4.243372932028660e-003	1.260563e+000	1.273168e-010
4.244372932028661e-003	1.260536e+000	1.273141e-010
4.245372932028661e-003	1.260509e+000	1.273114e-010
4.246372932028661e-003	1.260481e+000	1.273086e-010
4.247372932028661e-003	1.260454e+000	1.273059e-010
4.248372932028661e-003	1.260427e+000	1.273032e-010
4.249372932028661e-003	1.260400e+000	1.273004e-010
4.250372932028661e-003	1.260373e+000	1.272977e-010
4.251372932028661e-003	1.260346e+000	1.272950e-010
4.252372932028661e-003	1.260319e+000	1.272922e-010
4.253372932028661e-003	1.260292e+000	1.272895e-010
4.254372932028661e-003	1.260265e+000	1.272868e-010
4.255372932028661e-003	1.260238e+000	1.272840e-010
4.256372932028660e-003	1.260211e+000	1.272813e-010
4.257372932028661e-003	1.260184e+000	1.272786e-010
4.258372932028661e-003	1.260157e+000	1.272759e-010
4.259372932028661e-003	1.260130e+000	1.272731e-010
4.260372932028661e-003	1.260103e+000	1.272704e-010
4.261372932028661e-003	1.260076e+000	1.272677e-010
4.262372932028661e-003	1.260049e+000	1.272649e-010
4.263372932028661e-003	1.260022e+000	1.272622e-010
4.264372932028661e-003	1.259995e+000	1.272595e-010
4.265372932028661e-003	1.259968e+000	1.272567e-010
4.266372932028661e-003	1.259941e+000	1.272540e-010
4.267372932028661e-003	1.259914e+000	1.272513e-010
4.268372932028661e-003	1.259887e+000	1.272485e-010
4.269372932028660e-003	1.259860e+000	1.272458e-010
4.270372932028661e-003	1.259833e+000	1.272431e-010
4.271372932028661e-003	1.259806e+000	1.272404e-010
4.272372932028661e-003	1.259778e+000	1.272376e-010
4.273372932028661e-003	1.259751e+000	1.272349e-010
4.274372932028661e-003	1.259724e+000	1.272322e-010
4.275372932028661e-003	1.259697e+000	1.272294e-010
4.276372932028661e-003	1.259670e+000	1.272267e-010
4.277372932028661e-003	1.259643e+000	1.272240e-010
4.278372932028661e-003	1.259616e+000	1.272212e-010
4.279372932028661e-003	1.259589e+000	1.272185e-010
4.280372932028661e-003	1.259562e+000	1.272158e-010
4.281372932028661e-003	1.259535e+000	1.272131e-010
4.282372932028660e-003	1.259508e+000	1.272103e-010
4.283372932028661e-003	1.259481e+000	1.272076e-010
4.284372932028661e-003	1.259454e+000	1.272049e-010
4.285372932028661e-003	1.259427e+000	1.272021e-010
4.286372932028661e-003	1.259400e+000	1.271994e-010
4.287372932028661e-003	1.259373e+000	1.271967e-010
4.288372932028661e-003	1.259346e+000	1.271939e-010
4.289372932028661e-003	1.259319e+000	1.271912e-010
4.290372932028661e-003	1.259292e+000	1.271885e-010
4.291372932028661e-003	1.259265e+000	1.271858e-010
4.292372932028661e-003	1.259238e+000	1.271830e-010
4.293372932028661e-003	1.259211e+000	1.271803e-010
4.294372932028661e-003	1.259184e+000	1.271776e-010
4.295372932028660e-003	1.259157e+000	1.271749e-010
4.296372932028661e-003	1.259130e+000	1.271721e-010
4.297372932028661e-003	1.259103e+000	1.271694e-010
4.298372932028661e-003	1.259076e+000	1.271667e-010
4.299372932028661e-003	1.259049e+000	1.271639e-010
4.300372932028661e-003	1.259022e+000	1.271612e-010
4.301372932028661e-003	1.258995e+000	1.271585e-010
4.302372932028661e-003	1.258968e+000	1.271558e-010
4.303372932028661e-003	1.258941e+000	1.271530e-010
4.304372932028661e-003	1.258914e+000	1.271503e-010
4.305372932028661e-003	1.258887e+000	1.271476e-010
4.306372932028661e-003	1.258860e+000	1.271449e-010
4.307372932028661e-003	1.258833e+000	1.271421e-010
4.308372932028660e-003	1.258806e+000	1.271394e-010
4.309372932028661e-003	1.258779e+000	1.271367e-010
4.310372932028661e-003	1.258752e+000	1.271339e-010
4.311372932028661e-003	1.258725e+000	1.271312e-010
4.312372932028661e-003	1.258698e+000	1.271285e-010
4.313372932028661e-003	1.258671e+000	1.271257e-010
4.314372932028661e-003	1.258644e+000	1.271230e-010
4.315372932028661e-003	1.258617e+000	1.271203e-010
4.316372932028661e-003	1.258590e+000	1.271176e-010
4.317372932028661e-003	1.258563e+000	1.271148e-010
4.318372932028661e-003	1.258536e+000	1.271121e-010
4.319372932028661e-003	1.258509e+000	1.271094e-010
4.320372932028661e-003	1.258482e+000	1.271067e-010
4.321372932028661e-003	1.258455e+000	1.271039e-010
4.322372932028661e-003	1.258428e+000	1.271012e-010
4.323372932028661e-003	1.258401e+000	1.270985e-010
4.324372932028661e-003	1.258374e+000	1.270958e-010
4.325372932028661e-003	1.258347e+000	1.270930e-010
4.326372932028661e-003	1.258320e+000	1.270903e-010
4.327372932028661e-003	1.258293e+000	1.270876e-010
4.328372932028660e-003	1.258266e+000	1.270848e-010
4.329372932028661e-003	1.258239e+000	1.270821e-010
4.330372932028661e-003	1.258212e+000	1.270794e-010
4.331372932028661e-003	1.258185e+000	1.270767e-010
4.332372932028661e-003	1.258158e+000	1.270739e-010
4.333372932028661e-003	1.258131e+000	1.270712e-010
4.334372932028661e-003	1.258104e+000	1.270685e-010
4.335372932028661e-003	1.258077e+000	1.270658e-010
4.336372932028661e-003	1.258050e+000	1.270630e-010
4.337372932028661e-003	1.258023e+000	1.270603e-010
4.338372932028661e-003	1.257996e+000	1.270576e-010
4.339372932028661e-003	1.257969e+000	1.270549e-010
4.340372932028661e-003	1.257942e+000	1.270521e-010
4.342372932028661e-003	1.257888e+000	1.270467e-010
4.343372932028661e-003	1.257861e+000	1.270439e-010
4.344372932028661e-003	1.257834e+000	1.270412e-010
4.345372932028661e-003	1.257807e+000	1.270385e-010
4.346372932028661e-003	1.257780e+000	1.270358e-010
4.347372932028661e-003	1.257753e+000	1.270331e-010
4.348372932028661e-003	1.257726e+000	1.270303e-010
4.349372932028661e-003	1.257699e+000	1.270276e-010
4.350372932028661e-003	1.257672e+000	1.270249e-010
4.351372932028661e-003	1.257645e+000	1.270221e-010
4.352372932028661e-003	1.257618e+000	1.270194e-010
4.354372932028660e-003	1.257564e+000	1.270140e-010
4.355372932028661e-003	1.257537e+000	1.270112e-010
4.356372932028661e-003	1.257510e+000	1.270085e-010
4.357372932028661e-003	1.257483e+000	1.270058e-010
4.358372932028661e-003	1.257456e+000	1.270031e-010
4.359372932028661e-003	1.257429e+000	1.270003e-010
4.360372932028661e-003	1.257402e+000	1.269976e-010
4.361372932028661e-003	1.257375e+000	1.269949e-010
4.362372932028661e-003	1.257348e+000	1.269922e-010
4.363372932028661e-003	1.257321e+000	1.269894e-010
4.364372932028661e-003	1.257294e+000	1.269867e-010
4.366372932028661e-003	1.257240e+000	1.269813e-010
4.367372932028660e-003	1.257213e+000	1.269785e-010
4.368372932028661e-003	1.257186e+000	1.269758e-010
4.369372932028661e-003	1.257159e+000	1.269731e-010
4.370372932028661e-003	1.257132e+000	1.269704e-010
4.371372932028661e-003	1.257105e+000	1.269676e-010
4.372372932028661e-003	1.257078e+000	1.269649e-010
4.373372932028661e-003	1.257051e+000	1.269622e-010
4.374372932028661e-003	1.257025e+000	1.269595e-010
4.375372932028661e-003	1.256998e+000	1.269568e-010
4.376372932028661e-003	1.256971e+000	1.269540e-010
4.378372932028661e-003	1.256917e+000	1.269486e-010
4.379372932028661e-003	1.256890e+000	1.269458e-010
4.380372932028660e-003	1.256863e+000	1.269431e-010
4.381372932028661e-003	1.256836e+000	1.269404e-010
4.382372932028661e-003	1.256809e+000	1.269377e-010
4.383372932028661e-003	1.256782e+000	1.269350e-010
4.384372932028661e-003	1.256755e+000	1.269322e-010
4.385372932028661e-003	1.256728e+000	1.269295e-010
4.386372932028661e-003	1.256701e+000	1.269268e-010
4.387372932028661e-003	1.256674e+000	1.269241e-010
4.388372932028661e-003	1.256647e+000	1.269213e-010
4.389372932028661e-003	1.256620e+000	1.269186e-010
4.390372932028661e-003	1.256593e+000	1.269159e-010
4.391372932028661e-003	1.256566e+000	1.269132e-010
4.392372932028661e-003	1.256539e+000	1.269105e-010
4.393372932028661e-003	1.256512e+000	1.269077e-010
4.394372932028661e-003	1.256485e+000	1.269050e-010
4.395372932028661e-003	1.256458e+000	1.269023e-010
4.396372932028661e-003	1.256431e+000	1.268996e-010
4.397372932028661e-003	1.256404e+000	1.268968e-010
4.398372932028661e-003	1.256377e+000	1.268941e-010
4.399372932028661e-003	1.256350e+000	1.268914e-010
4.400372932028661e-003	1.256323e+000	1.268887e-010
4.401372932028661e-003	1.256297e+000	1.268859e-010
4.402372932028661e-003	1.256270e+000	1.268832e-010
4.403372932028661e-003	1.256243e+000	1.268805e-010
4.404372932028661e-003	1.256216e+000	1.268778e-010
4.405372932028661e-003	1.256189e+000	1.268751e-010
4.406372932028661e-003	1.256162e+000	1.268723e-010
4.407372932028661e-003	1.256135e+000	1.268696e-010
4.408372932028661e-003	1.256108e+000	1.268669e-010
4.409372932028661e-003	1.256081e+000	1.268642e-010
4.410372932028661e-003	1.256054e+000	1.268615e-010
4.411372932028661e-003	1.256027e+000	1.268587e-010
4.412372932028661e-003	1.256000e+000	1.268560e-010
4.413372932028661e-003	1.255973e+000	1.268533e-010
4.414372932028661e-003	1.255946e+000	1.268506e-010
4.415372932028661e-003	1.255919e+000	1.268478e-010
4.416372932028661e-003	1.255892e+000	1.268451e-010
4.417372932028661e-003	1.255865e+000	1.268424e-010
4.418372932028661e-003	1.255838e+000	1.268397e-010
4.419372932028661e-003	1.255811e+000	1.268370e-010
4.420372932028661e-003	1.255785e+000	1.268342e-010
4.421372932028661e-003	1.255758e+000	1.268315e-010
4.422372932028661e-003	1.255731e+000	1.268288e-010
4.423372932028661e-003	1.255704e+000	1.268261e-010
4.424372932028661e-003	1.255677e+000	1.268233e-010
4.425372932028661e-003	1.255650e+000	1.268206e-010
4.426372932028660e-003	1.255623e+000	1.268179e-010
4.427372932028661e-003	1.255596e+000	1.268152e-010
4.428372932028661e-003	1.255569e+000	1.268125e-010
4.429372932028661e-003	1.255542e+000	1.268097e-010
4.430372932028661e-003	1.255515e+000	1.268070e-010
4.431372932028661e-003	1.255488e+000	1.268043e-010
4.432372932028661e-003	1.255461e+000	1.268016e-010
4.433372932028661e-003	1.255434e+000	1.267988e-010
4.434372932028661e-003	1.255407e+000	1.267961e-010
4.435372932028661e-003	1.255380e+000	1.267934e-010
4.436372932028661e-003	1.255353e+000	1.267907e-010
4.437372932028661e-003	1.255327e+000	1.267880e-010
4.439372932028660e-003	1.255273e+000	1.267825e-010
4.440372932028661e-003	1.255246e+000	1.267798e-010
4.441372932028661e-003	1.255219e+000	1.267771e-010
4.442372932028661e-003	1.255192e+000	1.267744e-010
4.443372932028661e-003	1.255165e+000	1.267716e-010
4.444372932028661e-003	1.255138e+000	1.267689e-010
4.445372932028661e-003	1.255111e+000	1.267662e-010
4.446372932028661e-003	1.255084e+000	1.267635e-010
4.447372932028661e-003	1.255057e+000	1.267608e-010
4.448372932028661e-003	1.255030e+000	1.267580e-010
4.449372932028661e-003	1.255003e+000	1.267553e-010
4.451372932028661e-003	1.254950e+000	1.267499e-010
4.452372932028660e-003	1.254923e+000	1.267472e-010
4.453372932028661e-003	1.254896e+000	1.267444e-010
4.454372932028661e-003	1.254869e+000	1.267417e-010
4.455372932028661e-003	1.254842e+000	1.267390e-010
4.456372932028661e-003	1.254815e+000	1.267363e-010
4.457372932028661e-003	1.254788e+000	1.267336e-010
4.458372932028661e-003	1.254761e+000	1.267309e-010
4.459372932028661e-003	1.254734e+000	1.267282e-010
4.460372932028661e-003	1.254707e+000	1.267254e-010
4.461372932028661e-003	1.254680e+000	1.267227e-010
4.463372932028661e-003	1.254626e+000	1.267173e-010
4.464372932028661e-003	1.254600e+000	1.267146e-010
4.465372932028661e-003	1.254573e+000	1.267118e-010
4.466372932028661e-003	1.254546e+000	1.267091e-010
4.467372932028661e-003	1.254519e+000	1.267064e-010
4.468372932028661e-003	1.254492e+000	1.267037e-010
4.469372932028661e-003	1.254465e+000	1.267010e-010
4.470372932028661e-003	1.254438e+000	1.266982e-010
4.471372932028661e-003	1.254411e+000	1.266955e-010
4.472372932028661e-003	1.254384e+000	1.266928e-010
4.473372932028661e-003	1.254357e+000	1.266901e-010
4.475372932028661e-003	1.254303e+000	1.266846e-010
4.476372932028661e-003	1.254277e+000	1.266819e-010
4.477372932028661e-003	1.254250e+000	1.266792e-010
4.478372932028661e-003	1.254223e+000	1.266765e-010
4.479372932028661e-003	1.254196e+000	1.266738e-010
4.480372932028661e-003	1.254169e+000	1.266711e-010
4.481372932028661e-003	1.254142e+000	1.266683e-010
4.482372932028661e-003	1.254115e+000	1.266656e-010
4.483372932028661e-003	1.254088e+000	1.266629e-010
4.484372932028661e-003	1.254061e+000	1.266602e-010
4.485372932028661e-003	1.254034e+000	1.266575e-010
4.487372932028661e-003	1.253981e+000	1.266520e-010
4.488372932028661e-003	1.253954e+000	1.266493e-010
4.489372932028661e-003	1.253927e+000	1.266466e-010
4.490372932028661e-003	1.253900e+000	1.266439e-010
4.491372932028661e-003	1.253873e+000	1.266412e-010
4.492372932028661e-003	1.253846e+000	1.266384e-010
4.493372932028661e-003	1.253819e+000	1.266357e-010
4.494372932028661e-003	1.253792e+000	1.266330e-010
4.495372932028661e-003	1.253765e+000	1.266303e-010
4.496372932028661e-003	1.253738e+000	1.266276e-010
4.498372932028661e-003	1.253685e+000	1.266221e-010
4.500372932028661e-003	1.253631e+000	1.266167e-010
4.501372932028661e-003	1.253604e+000	1.266140e-010
4.502372932028661e-003	1.253577e+000	1.266113e-010
4.503372932028661e-003	1.253550e+000	1.266086e-010
4.504372932028661e-003	1.253523e+000	1.266059e-010
4.505372932028661e-003	1.253496e+000	1.266031e-010
4.506372932028661e-003	1.253469e+000	1.266004e-010
4.507372932028661e-003	1.253443e+000	1.265977e-010
4.508372932028661e-003	1.253416e+000	1.265950e-010
4.510372932028661e-003	1.253362e+000	1.265895e-010
4.512372932028661e-003	1.253308e+000	1.265841e-010
4.513372932028661e-003	1.253281e+000	1.265814e-010
4.514372932028661e-003	1.253254e+000	1.265787e-010
4.515372932028661e-003	1.253227e+000	1.265760e-010
4.516372932028661e-003	1.253201e+000	1.265733e-010
4.517372932028661e-003	1.253174e+000	1.265705e-010
4.518372932028661e-003	1.253147e+000	1.265678e-010
4.519372932028661e-003	1.253120e+000	1.265651e-010
4.520372932028661e-003	1.253093e+000	1.265624e-010
4.522372932028661e-003	1.253039e+000	1.265570e-010
4.524372932028660e-003	1.252985e+000	1.265515e-010
4.525372932028661e-003	1.252959e+000	1.265488e-010
4.526372932028661e-003	1.252932e+000	1.265461e-010
4.527372932028661e-003	1.252905e+000	1.265434e-010
4.528372932028661e-003	1.252878e+000	1.265407e-010
4.529372932028661e-003	1.252851e+000	1.265380e-010
4.530372932028661e-003	1.252824e+000	1.265352e-010
4.531372932028661e-003	1.252797e+000	1.265325e-010
4.532372932028661e-003	1.252770e+000	1.265298e-010
4.534372932028661e-003	1.252717e+000	1.265244e-010
4.536372932028661e-003	1.252663e+000	1.265190e-010
4.537372932028660e-003	1.252636e+000	1.265162e-010
4.538372932028661e-003	1.252609e+000	1.265135e-010
4.539372932028661e-003	1.252582e+000	1.265108e-010
4.540372932028661e-003	1.252555e+000	1.265081e-010
4.541372932028661e-003	1.252529e+000	1.265054e-010
4.542372932028661e-003	1.252502e+000	1.265027e-010
4.543372932028661e-003	1.252475e+000	1.264999e-010
4.545372932028661e-003	1.252421e+000	1.264945e-010
4.546087217742947e-003	1.252402e+000	1.264926e-010
4.546801503457232e-003	1.252383e+000	1.264906e-010
4.547515789171518e-003	1.252364e+000	1.264887e-010
4.548230074885804e-003	1.252344e+000	1.264868e-010
4.548944360600090e-003	1.252325e+000	1.264848e-010
4.549658646314375e-003	1.252306e+000	1.264829e-010
4.550372932028661e-003	1.252287e+000	1.264810e-010
4.551372932028661e-003	1.252260e+000	1.264782e-010
4.552372932028661e-003	1.252233e+000	1.264755e-010
4.553372932028661e-003	1.252206e+000	1.264728e-010
4.554372932028661e-003	1.252179e+000	1.264701e-010
4.555372932028661e-003	1.252152e+000	1.264674e-010
4.557372932028661e-003	1.252099e+000	1.264620e-010
4.558087217742947e-003	1.252080e+000	1.264600e-010
4.558801503457232e-003	1.252060e+000	1.264581e-010
4.559515789171518e-003	1.252041e+000	1.264561e-010
4.560230074885804e-003	1.252022e+000	1.264542e-010
4.560944360600090e-003	1.252003e+000	1.264523e-010
4.561658646314375e-003	1.251984e+000	1.264503e-010
4.562372932028661e-003	1.251964e+000	1.264484e-010
4.563372932028661e-003	1.251938e+000	1.264457e-010
4.564372932028661e-003	1.251911e+000	1.264430e-010
4.565372932028661e-003	1.251884e+000	1.264403e-010
4.566372932028661e-003	1.251857e+000	1.264376e-010
4.568372932028661e-003	1.251803e+000	1.264321e-010
4.569230074885804e-003	1.251780e+000	1.264298e-010
4.570087217742947e-003	1.251757e+000	1.264275e-010
4.570944360600089e-003	1.251734e+000	1.264251e-010
4.571801503457233e-003	1.251711e+000	1.264228e-010
4.572658646314376e-003	1.251688e+000	1.264205e-010
4.573515789171518e-003	1.251665e+000	1.264182e-010
4.574372932028661e-003	1.251642e+000	1.264159e-010
4.576372932028661e-003	1.251588e+000	1.264104e-010
4.578372932028661e-003	1.251535e+000	1.264050e-010
4.580372932028661e-003	1.251481e+000	1.263996e-010
4.586372932028661e-003	1.251320e+000	1.263833e-010
4.588372932028661e-003	1.251266e+000	1.263779e-010
4.590372932028661e-003	1.251213e+000	1.263725e-010
4.592372932028661e-003	1.251159e+000	1.263670e-010
4.593372932028661e-003	1.251132e+000	1.263643e-010
4.594372932028661e-003	1.251105e+000	1.263616e-010
4.595372932028661e-003	1.251078e+000	1.263589e-010
4.596372932028661e-003	1.251051e+000	1.263562e-010
4.597372932028661e-003	1.251025e+000	1.263535e-010
4.598372932028661e-003	1.250998e+000	1.263508e-010
4.599372932028661e-003	1.250971e+000	1.263481e-010
4.601372932028661e-003	1.250917e+000	1.263426e-010
4.603372932028661e-003	1.250864e+000	1.263372e-010
4.606372932028661e-003	1.250783e+000	1.263291e-010
4.607515789171519e-003	1.250752e+000	1.263260e-010
4.608658646314375e-003	1.250722e+000	1.263229e-010
4.609801503457233e-003	1.250691e+000	1.263198e-010
4.610944360600089e-003	1.250660e+000	1.263167e-010
4.612087217742947e-003	1.250630e+000	1.263136e-010
4.613230074885804e-003	1.250599e+000	1.263105e-010
4.614372932028661e-003	1.250568e+000	1.263074e-010
4.617372932028661e-003	1.250488e+000	1.262993e-010
4.618515789171518e-003	1.250457e+000	1.262962e-010
4.619658646314375e-003	1.250427e+000	1.262931e-010
4.620801503457232e-003	1.250396e+000	1.262900e-010
4.621944360600089e-003	1.250365e+000	1.262869e-010
4.623087217742947e-003	1.250335e+000	1.262838e-010
4.624230074885803e-003	1.250304e+000	1.262807e-010
4.625372932028661e-003	1.250273e+000	1.262776e-010
4.628372932028661e-003	1.250193e+000	1.262695e-010
4.629515789171518e-003	1.250162e+000	1.262664e-010
4.630658646314376e-003	1.250132e+000	1.262633e-010
4.631801503457232e-003	1.250101e+000	1.262602e-010
4.632944360600090e-003	1.250070e+000	1.262571e-010
4.634087217742946e-003	1.250040e+000	1.262540e-010
4.635230074885804e-003	1.250009e+000	1.262509e-010
4.636372932028661e-003	1.249978e+000	1.262478e-010
4.639372932028661e-003	1.249898e+000	1.262397e-010
4.640515789171519e-003	1.249867e+000	1.262366e-010
4.641658646314375e-003	1.249837e+000	1.262335e-010
4.642801503457233e-003	1.249806e+000	1.262304e-010
4.643944360600089e-003	1.249775e+000	1.262273e-010
4.645087217742947e-003	1.249745e+000	1.262242e-010
4.646230074885804e-003	1.249714e+000	1.262211e-010
4.647372932028661e-003	1.249683e+000	1.262180e-010
4.650372932028661e-003	1.249603e+000	1.262099e-010
4.651658646314375e-003	1.249568e+000	1.262064e-010
4.652944360600090e-003	1.249534e+000	1.262029e-010
4.654230074885804e-003	1.249500e+000	1.261995e-010
4.655515789171518e-003	1.249465e+000	1.261960e-010
4.656801503457232e-003	1.249431e+000	1.261925e-010
4.658087217742947e-003	1.249396e+000	1.261890e-010
4.659372932028661e-003	1.249362e+000	1.261855e-010
4.662372932028661e-003	1.249281e+000	1.261774e-010
4.663801503457232e-003	1.249243e+000	1.261735e-010
4.665230074885804e-003	1.249205e+000	1.261697e-010
4.666658646314375e-003	1.249166e+000	1.261658e-010
4.668087217742947e-003	1.249128e+000	1.261619e-010
4.669515789171518e-003	1.249090e+000	1.261581e-010
4.670944360600090e-003	1.249052e+000	1.261542e-010
4.672372932028661e-003	1.249013e+000	1.261503e-010
4.673944360600090e-003	1.248971e+000	1.261461e-010
4.675515789171518e-003	1.248929e+000	1.261418e-010
4.677087217742947e-003	1.248887e+000	1.261376e-010
4.678658646314375e-003	1.248845e+000	1.261333e-010
4.680230074885804e-003	1.248803e+000	1.261291e-010
4.681801503457232e-003	1.248761e+000	1.261248e-010
4.683372932028661e-003	1.248719e+000	1.261206e-010
4.685087217742946e-003	1.248673e+000	1.261159e-010
4.686801503457233e-003	1.248627e+000	1.261113e-010
4.688515789171518e-003	1.248581e+000	1.261067e-010
4.690230074885803e-003	1.248535e+000	1.261020e-010
4.691944360600089e-003	1.248489e+000	1.260974e-010
4.693658646314375e-003	1.248443e+000	1.260927e-010
4.695372932028661e-003	1.248397e+000	1.260881e-010
4.697087217742946e-003	1.248351e+000	1.260835e-010
4.698801503457232e-003	1.248305e+000	1.260788e-010
4.700515789171518e-003	1.248259e+000	1.260742e-010
4.702230074885804e-003	1.248213e+000	1.260696e-010
4.703944360600090e-003	1.248168e+000	1.260649e-010
4.705658646314376e-003	1.248122e+000	1.260603e-010
4.707372932028661e-003	1.248076e+000	1.260556e-010
4.709230074885804e-003	1.248026e+000	1.260506e-010
4.711087217742947e-003	1.247976e+000	1.260456e-010
4.712944360600090e-003	1.247927e+000	1.260406e-010
4.714801503457233e-003	1.247877e+000	1.260356e-010
4.716658646314376e-003	1.247827e+000	1.260305e-010
4.718515789171518e-003	1.247777e+000	1.260255e-010
4.720372932028661e-003	1.247728e+000	1.260205e-010
4.722372932028662e-003	1.247674e+000	1.260151e-010
4.724372932028661e-003	1.247621e+000	1.260097e-010
4.726372932028661e-003	1.247567e+000	1.260043e-010
4.728372932028661e-003	1.247514e+000	1.259989e-010
4.730372932028661e-003	1.247460e+000	1.259935e-010
4.732372932028660e-003	1.247407e+000	1.259880e-010
4.734372932028661e-003	1.247353e+000	1.259826e-010
4.736658646314375e-003	1.247292e+000	1.259765e-010
4.738944360600089e-003	1.247231e+000	1.259703e-010
4.741230074885803e-003	1.247169e+000	1.259641e-010
4.743515789171518e-003	1.247108e+000	1.259579e-010
4.745801503457233e-003	1.247047e+000	1.259518e-010
4.748087217742947e-003	1.246986e+000	1.259456e-010
4.750372932028661e-003	1.246925e+000	1.259394e-010
4.753230074885804e-003	1.246848e+000	1.259317e-010
4.756087217742947e-003	1.246772e+000	1.259240e-010
4.758944360600090e-003	1.246696e+000	1.259163e-010
4.761801503457232e-003	1.246619e+000	1.259085e-010
4.764658646314375e-003	1.246543e+000	1.259008e-010
4.767515789171518e-003	1.246466e+000	1.258931e-010
4.770372932028661e-003	1.246390e+000	1.258854e-010
4.774230074885804e-003	1.246287e+000	1.258750e-010
4.778087217742946e-003	1.246184e+000	1.258646e-010
4.781944360600090e-003	1.246081e+000	1.258541e-010
4.785801503457233e-003	1.245977e+000	1.258437e-010
4.789658646314376e-003	1.245874e+000	1.258333e-010
4.793515789171518e-003	1.245771e+000	1.258229e-010
4.797372932028661e-003	1.245668e+000	1.258125e-010
4.801372932028661e-003	1.245561e+000	1.258017e-010
4.805372932028661e-003	1.245454e+000	1.257909e-010
4.809372932028661e-003	1.245348e+000	1.257801e-010
4.813372932028661e-003	1.245241e+000	1.257693e-010
4.817372932028660e-003	1.245134e+000	1.257585e-010
4.821372932028661e-003	1.245027e+000	1.257477e-010
4.825372932028661e-003	1.244920e+000	1.257369e-010
4.935372932028661e-003	1.241986e+000	1.254406e-010
4.997372932028661e-003	1.240335e+000	1.252738e-010
4.999000000000000e-003	1.240292e+000	1.252695e-010
5.000000000000000e-003	1.240265e+000	1.252668e-010
5.959000000000000e-003	1.215013e+000	1.227163e-010
6.983000000000001e-003	1.188623e+000	1.200510e-010
6.999000000000000e-003	1.188216e+000	1.200098e-010
7.000000000000000e-003	1.188203e+000	1.200085e-010
