time	V(vout)	-I(Rl)
0.000000000000000e+000	9.996057e+000	1.009602e-009
2.000000000000000e-003	9.996057e+000	1.009602e-009
2.000005111815881e-003	9.449059e+000	6.117041e-001
2.000015335447642e-003	9.195413e+000	9.195413e-001
2.000018462848947e-003	9.211823e+000	9.211823e-001
2.000020974780672e-003	9.226298e+000	9.226298e-001
2.000022733683018e-003	9.236636e+000	9.236637e-001
2.000024590256819e-003	9.247722e+000	9.247722e-001
2.000026469868583e-003	9.258069e+000	9.258069e-001
2.000029407759059e-003	9.274819e+000	9.274819e-001
2.000032728905756e-003	9.292710e+000	9.292710e-001
2.000036193700836e-003	9.310725e+000	9.310725e-001
2.000040443635221e-003	9.331478e+000	9.331478e-001
2.000044941677342e-003	9.352093e+000	9.352093e-001
2.000050202359885e-003	9.374168e+000	9.374168e-001
2.000056272561767e-003	9.397246e+000	9.397247e-001
2.000063171943547e-003	9.420382e+000	9.420381e-001
2.000071137639117e-003	9.443398e+000	9.443397e-001
2.000080717042258e-003	9.466412e+000	9.466412e-001
2.000091882911535e-003	9.488008e+000	9.488007e-001
2.000104799372523e-003	9.507276e+000	9.507276e-001
2.000122157235508e-003	9.527049e+000	9.527050e-001
2.000140532693899e-003	9.544218e+000	9.544218e-001
2.000155110680176e-003	9.558044e+000	9.558045e-001
2.000170329259654e-003	9.577697e+000	9.577696e-001
2.000185435219358e-003	9.610189e+000	9.610190e-001
2.000202750803337e-003	9.672840e+000	9.672840e-001
2.000221017909318e-003	9.775668e+000	9.775668e-001
2.000244857026678e-003	9.953004e+000	9.953004e-001
2.000254179861322e-003	1.003377e+001	1.003377e+000
2.000263038187002e-003	1.011622e+001	1.011622e+000
2.000267465267692e-003	1.015783e+001	1.015783e+000
2.000271404070529e-003	1.019486e+001	1.019486e+000
2.000274708436052e-003	1.022573e+001	1.022573e+000
2.000277499148875e-003	1.025160e+001	1.025160e+000
2.000280487903059e-003	1.027902e+001	1.027902e+000
2.000283688735189e-003	1.030793e+001	1.030793e+000
2.000288602323814e-003	1.035141e+001	1.035141e+000
2.000294064674987e-003	1.039844e+001	1.039844e+000
2.000299086576330e-003	1.044027e+001	1.044027e+000
2.000304527017598e-003	1.048402e+001	1.048402e+000
2.000308103083487e-003	1.051173e+001	1.051173e+000
2.000311538310144e-003	1.053732e+001	1.053732e+000
2.000315469568455e-003	1.056559e+001	1.056559e+000
2.000318110412210e-003	1.058394e+001	1.058393e+000
2.000320462814424e-003	1.059970e+001	1.059970e+000
2.000323594074394e-003	1.061996e+001	1.061996e+000
2.000326533641330e-003	1.063822e+001	1.063822e+000
2.000330418666486e-003	1.066112e+001	1.066112e+000
2.000335188129071e-003	1.068762e+001	1.068762e+000
2.000339176269552e-003	1.070830e+001	1.070830e+000
2.000343176426657e-003	1.072755e+001	1.072755e+000
2.000347118272598e-003	1.074496e+001	1.074496e+000
2.000352659890744e-003	1.076638e+001	1.076638e+000
2.000363743127037e-003	1.080126e+001	1.080126e+000
2.000375405597365e-003	1.082661e+001	1.082661e+000
2.000392724359554e-003	1.084192e+001	1.084193e+000
2.000422357070303e-003	1.083453e+001	1.083453e+000
2.000444172704380e-003	1.081464e+001	1.081464e+000
2.000463720620107e-003	1.079310e+001	1.079309e+000
2.000482813147248e-003	1.077330e+001	1.077330e+000
2.000504062924361e-003	1.075228e+001	1.075228e+000
2.000528317308637e-003	1.072895e+001	1.072895e+000
2.000550631154353e-003	1.070802e+001	1.070802e+000
2.000576007017716e-003	1.068483e+001	1.068483e+000
2.000603231447773e-003	1.066069e+001	1.066069e+000
2.000631431065709e-003	1.063776e+001	1.063776e+000
2.000658936154105e-003	1.061837e+001	1.061837e+000
2.000689859481034e-003	1.059729e+001	1.059729e+000
2.000723997616709e-003	1.057206e+001	1.057206e+000
2.000760319390440e-003	1.054399e+001	1.054399e+000
2.000800282137680e-003	1.051329e+001	1.051329e+000
2.000842226871502e-003	1.048197e+001	1.048197e+000
2.000899056249973e-003	1.044108e+001	1.044108e+000
2.000951383661330e-003	1.040507e+001	1.040507e+000
2.001031399538332e-003	1.035278e+001	1.035278e+000
2.001116049053218e-003	1.030051e+001	1.030051e+000
2.001213648274106e-003	1.024437e+001	1.024437e+000
2.001366502763809e-003	1.016302e+001	1.016302e+000
2.001511912963280e-003	1.009165e+001	1.009165e+000
2.001633083351313e-003	1.003682e+001	1.003682e+000
2.001747393156436e-003	9.988311e+000	9.988312e-001
2.001814121275495e-003	9.961237e+000	9.961237e-001
2.001867152298891e-003	9.940432e+000	9.940431e-001
2.001930610232966e-003	9.916171e+000	9.916171e-001
2.001981274192261e-003	9.897247e+000	9.897247e-001
2.002017516187220e-003	9.884012e+000	9.884012e-001
2.002062248989243e-003	9.868015e+000	9.868015e-001
2.002112201351574e-003	9.850509e+000	9.850508e-001
2.002160929631794e-003	9.833809e+000	9.833809e-001
2.002219130384626e-003	9.814359e+000	9.814358e-001
2.002290845609028e-003	9.791087e+000	9.791087e-001
2.002373765804094e-003	9.765407e+000	9.765407e-001
2.002488778261835e-003	9.733195e+000	9.733196e-001
2.002589909619051e-003	9.711557e+000	9.711558e-001
2.002670579009139e-003	9.704144e+000	9.704145e-001
2.002751897918757e-003	9.707754e+000	9.707754e-001
2.002801912482087e-003	9.715144e+000	9.715144e-001
2.002852594592181e-003	9.725453e+000	9.725453e-001
2.002906243449708e-003	9.737029e+000	9.737028e-001
2.002966653420934e-003	9.749699e+000	9.749698e-001
2.003024109782879e-003	9.760991e+000	9.760991e-001
2.003088420684287e-003	9.772851e+000	9.772851e-001
2.003158094426688e-003	9.785232e+000	9.785231e-001
2.003241250888008e-003	9.799916e+000	9.799916e-001
2.003370590173489e-003	9.823013e+000	9.823013e-001
2.003508106732105e-003	9.847764e+000	9.847764e-001
2.003663960193116e-003	9.875618e+000	9.875618e-001
2.003824420552042e-003	9.903431e+000	9.903431e-001
2.003988860475804e-003	9.929891e+000	9.929891e-001
2.004147145115546e-003	9.951115e+000	9.951115e-001
2.004358839091248e-003	9.972035e+000	9.972035e-001
2.004490646985976e-003	9.980490e+000	9.980490e-001
2.004624365940465e-003	9.985553e+000	9.985552e-001
2.004777310727009e-003	9.989248e+000	9.989248e-001
2.004931157637474e-003	9.991570e+000	9.991570e-001
2.005122740213330e-003	9.993199e+000	9.993200e-001
2.005367323686026e-003	9.994216e+000	9.994216e-001
2.005767739450802e-003	9.994887e+000	9.994887e-001
2.006199841505873e-003	9.995113e+000	9.995113e-001
2.006761105801900e-003	9.995158e+000	9.995158e-001
2.007883634393952e-003	9.995162e+000	9.995162e-001
2.009312759839146e-003	9.995154e+000	9.995154e-001
2.012171010729534e-003	9.995138e+000	9.995138e-001
2.017887512510310e-003	9.995108e+000	9.995108e-001
2.024723450010310e-003	9.995073e+000	9.995074e-001
2.031559387510310e-003	9.995043e+000	9.995042e-001
2.038395325010310e-003	9.995013e+000	9.995013e-001
2.045231262510310e-003	9.994986e+000	9.994985e-001
2.052067200010310e-003	9.994960e+000	9.994960e-001
2.058903137510310e-003	9.994935e+000	9.994935e-001
2.065739075010310e-003	9.994912e+000	9.994912e-001
2.072575012510310e-003	9.994890e+000	9.994891e-001
2.079410950010309e-003	9.994870e+000	9.994870e-001
2.086246887510310e-003	9.994850e+000	9.994851e-001
2.093082825010310e-003	9.994832e+000	9.994832e-001
2.099918762510310e-003	9.994815e+000	9.994815e-001
2.106754700010309e-003	9.994799e+000	9.994799e-001
2.113590637510310e-003	9.994783e+000	9.994783e-001
2.120426575010310e-003	9.994768e+000	9.994769e-001
2.127262512510310e-003	9.994755e+000	9.994755e-001
2.134098450010310e-003	9.994741e+000	9.994742e-001
2.140934387510310e-003	9.994729e+000	9.994729e-001
2.147770325010310e-003	9.994717e+000	9.994717e-001
2.154606262510310e-003	9.994706e+000	9.994706e-001
2.161442200010310e-003	9.994696e+000	9.994695e-001
2.168278137510310e-003	9.994685e+000	9.994685e-001
2.175114075010310e-003	9.994676e+000	9.994676e-001
2.181950012510310e-003	9.994666e+000	9.994667e-001
2.188785950010310e-003	9.994658e+000	9.994658e-001
2.195621887510310e-003	9.994650e+000	9.994650e-001
2.202457825010310e-003	9.994642e+000	9.994642e-001
2.209293762510309e-003	9.994635e+000	9.994634e-001
2.216129700010310e-003	9.994627e+000	9.994627e-001
2.222965637510310e-003	9.994621e+000	9.994621e-001
2.229801575010310e-003	9.994615e+000	9.994614e-001
2.236637512510310e-003	9.994608e+000	9.994608e-001
2.243473450010310e-003	9.994602e+000	9.994602e-001
2.250309387510310e-003	9.994597e+000	9.994597e-001
2.257145325010310e-003	9.994592e+000	9.994592e-001
2.263981262510310e-003	9.994587e+000	9.994587e-001
2.270817200010310e-003	9.994582e+000	9.994583e-001
2.277653137510310e-003	9.994577e+000	9.994578e-001
2.284489075010310e-003	9.994574e+000	9.994574e-001
2.291325012510310e-003	9.994570e+000	9.994569e-001
2.298160950010310e-003	9.994566e+000	9.994565e-001
2.304996887510310e-003	9.994562e+000	9.994562e-001
2.311832825010309e-003	9.994558e+000	9.994558e-001
2.318668762510310e-003	9.994555e+000	9.994555e-001
2.325504700010310e-003	9.994552e+000	9.994552e-001
2.332340637510310e-003	9.994549e+000	9.994549e-001
2.339176575010309e-003	9.994546e+000	9.994546e-001
2.346012512510310e-003	9.994543e+000	9.994543e-001
2.352848450010310e-003	9.994540e+000	9.994540e-001
2.359684387510310e-003	9.994537e+000	9.994538e-001
2.366520325010310e-003	9.994535e+000	9.994535e-001
2.373356262510310e-003	9.994534e+000	9.994533e-001
2.380192200010310e-003	9.994531e+000	9.994531e-001
2.387028137510310e-003	9.994529e+000	9.994528e-001
2.393864075010310e-003	9.994526e+000	9.994527e-001
2.400700012510310e-003	9.994524e+000	9.994525e-001
2.407535950010310e-003	9.994523e+000	9.994523e-001
2.414371887510310e-003	9.994521e+000	9.994521e-001
2.421207825010310e-003	9.994519e+000	9.994519e-001
2.428043762510310e-003	9.994517e+000	9.994518e-001
2.441715637510309e-003	9.994514e+000	9.994515e-001
2.448551575010310e-003	9.994514e+000	9.994513e-001
2.455387512510310e-003	9.994512e+000	9.994512e-001
2.462223450010310e-003	9.994511e+000	9.994510e-001
2.469059387510309e-003	9.994510e+000	9.994509e-001
2.475895325010310e-003	9.994509e+000	9.994508e-001
2.482731262510310e-003	9.994507e+000	9.994507e-001
2.489567200010310e-003	9.994506e+000	9.994506e-001
2.496403137510310e-003	9.994505e+000	9.994505e-001
2.503239075010310e-003	9.994504e+000	9.994504e-001
2.510075012510310e-003	9.994503e+000	9.994503e-001
2.516910950010310e-003	9.994502e+000	9.994502e-001
2.523746887510310e-003	9.994501e+000	9.994501e-001
2.530582825010310e-003	9.994500e+000	9.994500e-001
2.537418762510310e-003	9.994499e+000	9.994500e-001
2.544254700010310e-003	9.994499e+000	9.994499e-001
2.551090637510310e-003	9.994498e+000	9.994498e-001
2.557926575010310e-003	9.994497e+000	9.994497e-001
2.564762512510310e-003	9.994496e+000	9.994497e-001
2.571598450010309e-003	9.994496e+000	9.994496e-001
2.578434387510310e-003	9.994495e+000	9.994496e-001
2.585270325010310e-003	9.994495e+000	9.994495e-001
2.592106262510310e-003	9.994494e+000	9.994494e-001
2.598942200010309e-003	9.994493e+000	9.994494e-001
2.605778137510310e-003	9.994493e+000	9.994493e-001
2.612614075010310e-003	9.994493e+000	9.994493e-001
2.619450012510310e-003	9.994493e+000	9.994493e-001
2.626285950010310e-003	9.994492e+000	9.994491e-001
2.633121887510310e-003	9.994492e+000	9.994491e-001
2.639957825010310e-003	9.994491e+000	9.994491e-001
2.646793762510310e-003	9.994491e+000	9.994490e-001
2.653629700010310e-003	9.994490e+000	9.994490e-001
2.660465637510310e-003	9.994490e+000	9.994490e-001
2.667301575010310e-003	9.994489e+000	9.994489e-001
2.674137512510309e-003	9.994489e+000	9.994489e-001
2.680973450010310e-003	9.994489e+000	9.994488e-001
2.687809387510310e-003	9.994489e+000	9.994488e-001
2.694645325010310e-003	9.994488e+000	9.994488e-001
2.701481262510309e-003	9.994488e+000	9.994488e-001
2.708317200010310e-003	9.994487e+000	9.994487e-001
2.721989075010310e-003	9.994487e+000	9.994487e-001
2.728825012510310e-003	9.994487e+000	9.994487e-001
2.735660950010310e-003	9.994486e+000	9.994487e-001
2.742496887510310e-003	9.994486e+000	9.994486e-001
2.749332825010310e-003	9.994486e+000	9.994486e-001
2.756168762510310e-003	9.994486e+000	9.994485e-001
2.763004700010310e-003	9.994486e+000	9.994485e-001
2.769840637510310e-003	9.994485e+000	9.994485e-001
2.776676575010310e-003	9.994485e+000	9.994485e-001
2.783512512510310e-003	9.994485e+000	9.994485e-001
2.797184387510310e-003	9.994484e+000	9.994484e-001
2.810856262510310e-003	9.994484e+000	9.994484e-001
2.824528137510310e-003	9.994484e+000	9.994484e-001
2.831364075010309e-003	9.994484e+000	9.994484e-001
2.838200012510310e-003	9.994484e+000	9.994484e-001
2.845035950010310e-003	9.994484e+000	9.994483e-001
2.851871887510310e-003	9.994484e+000	9.994483e-001
2.858707825010310e-003	9.994483e+000	9.994483e-001
2.872379700010310e-003	9.994482e+000	9.994483e-001
2.886051575010310e-003	9.994482e+000	9.994482e-001
2.899723450010310e-003	9.994482e+000	9.994482e-001
2.913395325010310e-003	9.994482e+000	9.994482e-001
2.933903137510309e-003	9.994482e+000	9.994482e-001
2.947575012510310e-003	9.994482e+000	9.994482e-001
2.961246887510309e-003	9.994482e+000	9.994482e-001
2.974918762510310e-003	9.994482e+000	9.994482e-001
2.995426575010310e-003	9.994482e+000	9.994482e-001
3.031559387510310e-003	9.994481e+000	9.994481e-001
3.067692200010309e-003	9.994481e+000	9.994481e-001
3.103825012510310e-003	9.994480e+000	9.994481e-001
3.139957825010310e-003	9.994480e+000	9.994481e-001
3.176090637510310e-003	9.994480e+000	9.994480e-001
3.212223450010310e-003	9.994480e+000	9.994480e-001
3.248356262510310e-003	9.994480e+000	9.994481e-001
3.314762512510310e-003	9.994480e+000	9.994480e-001
3.381168762510310e-003	9.994480e+000	9.994480e-001
3.447575012510310e-003	9.994480e+000	9.994480e-001
3.513981262510310e-003	9.994480e+000	9.994480e-001
3.580387512510309e-003	9.994480e+000	9.994480e-001
3.646793762510310e-003	9.994480e+000	9.994480e-001
3.713200012510310e-003	9.994480e+000	9.994479e-001
3.993473450010309e-003	9.994480e+000	9.994480e-001
4.000000000000000e-003	1.045333e+001	5.017281e-001
4.000026224399688e-003	1.060941e+001	3.331521e-001
4.000078673199064e-003	1.091117e+001	1.102029e-009
4.000093969819996e-003	1.090377e+001	1.101281e-009
4.000098611545968e-003	1.090220e+001	1.101123e-009
4.000104135504094e-003	1.090132e+001	1.101033e-009
4.000108804791860e-003	1.089988e+001	1.100888e-009
4.000113890284769e-003	1.089830e+001	1.100728e-009
4.000119535074182e-003	1.089646e+001	1.100543e-009
4.000125193656221e-003	1.089468e+001	1.100363e-009
4.000132526106577e-003	1.089234e+001	1.100126e-009
4.000141070538214e-003	1.088977e+001	1.099866e-009
4.000152181785933e-003	1.088694e+001	1.099581e-009
4.000168089612909e-003	1.088432e+001	1.099317e-009
4.000184640828466e-003	1.088243e+001	1.099125e-009
4.000201921342777e-003	1.088003e+001	1.098883e-009
4.000217871095119e-003	1.087692e+001	1.098569e-009
4.000235359170799e-003	1.087272e+001	1.098145e-009
4.000254486740873e-003	1.086756e+001	1.097623e-009
4.000274633661034e-003	1.086178e+001	1.097039e-009
4.000296643521485e-003	1.085527e+001	1.096382e-009
4.000317264267324e-003	1.084911e+001	1.095760e-009
4.000339333229554e-003	1.084252e+001	1.095094e-009
4.000362936508178e-003	1.083554e+001	1.094389e-009
4.000392403365831e-003	1.082692e+001	1.093519e-009
4.000416958952769e-003	1.081983e+001	1.092803e-009
4.000442820907017e-003	1.081249e+001	1.092061e-009
4.000473874164944e-003	1.080382e+001	1.091186e-009
4.000510942168400e-003	1.079368e+001	1.090162e-009
4.000561068613876e-003	1.078032e+001	1.088813e-009
4.000626854228155e-003	1.076336e+001	1.087099e-009
4.000706611242802e-003	1.074359e+001	1.085102e-009
4.000796110377719e-003	1.072259e+001	1.082981e-009
4.000975108647554e-003	1.068344e+001	1.079027e-009
4.001166755890181e-003	1.064561e+001	1.075207e-009
4.001550050375434e-003	1.058145e+001	1.068726e-009
4.002254077101027e-003	1.048723e+001	1.059210e-009
4.003095970661356e-003	1.040651e+001	1.051057e-009
4.004647654926985e-003	1.031346e+001	1.041659e-009
4.006455143512847e-003	1.025082e+001	1.035333e-009
4.007823315178218e-003	1.022639e+001	1.032865e-009
4.009376793783927e-003	1.021344e+001	1.031557e-009
4.010916331736759e-003	1.020726e+001	1.030934e-009
4.012401165166264e-003	1.020448e+001	1.030653e-009
4.015370832025275e-003	1.020214e+001	1.030416e-009
4.019459860376812e-003	1.020051e+001	1.030252e-009
4.026295797876812e-003	1.019874e+001	1.030073e-009
4.033131735376811e-003	1.019718e+001	1.029916e-009
4.039967672876812e-003	1.019572e+001	1.029768e-009
4.046803610376812e-003	1.019431e+001	1.029625e-009
4.053639547876811e-003	1.019294e+001	1.029487e-009
4.060475485376812e-003	1.019160e+001	1.029351e-009
4.067311422876811e-003	1.019027e+001	1.029217e-009
4.074147360376812e-003	1.018896e+001	1.029085e-009
4.080983297876812e-003	1.018766e+001	1.028953e-009
4.087819235376811e-003	1.018636e+001	1.028823e-009
4.094655172876812e-003	1.018508e+001	1.028693e-009
4.101491110376812e-003	1.018379e+001	1.028563e-009
4.108327047876811e-003	1.018252e+001	1.028434e-009
4.115162985376812e-003	1.018124e+001	1.028306e-009
4.121797358994146e-003	1.018001e+001	1.028181e-009
4.128633296494146e-003	1.017875e+001	1.028054e-009
4.135469233994145e-003	1.017749e+001	1.027926e-009
4.142305171494146e-003	1.017623e+001	1.027799e-009
4.149141108994146e-003	1.017497e+001	1.027672e-009
4.155977046494145e-003	1.017372e+001	1.027546e-009
4.162812983994146e-003	1.017247e+001	1.027420e-009
4.169648921494146e-003	1.017123e+001	1.027294e-009
4.176484858994145e-003	1.016999e+001	1.027169e-009
4.183320796494146e-003	1.016875e+001	1.027044e-009
4.190156733994145e-003	1.016751e+001	1.026919e-009
4.196992671494146e-003	1.016628e+001	1.026794e-009
4.203828608994146e-003	1.016505e+001	1.026670e-009
4.210664546494145e-003	1.016383e+001	1.026546e-009
4.217500483994146e-003	1.016260e+001	1.026423e-009
4.224336421494146e-003	1.016138e+001	1.026300e-009
4.231172358994145e-003	1.016017e+001	1.026177e-009
4.238008296494146e-003	1.015895e+001	1.026054e-009
4.244844233994146e-003	1.015774e+001	1.025932e-009
4.251680171494145e-003	1.015654e+001	1.025810e-009
4.258516108994146e-003	1.015533e+001	1.025689e-009
4.265352046494145e-003	1.015413e+001	1.025567e-009
4.272187983994146e-003	1.015294e+001	1.025446e-009
4.279023921494146e-003	1.015174e+001	1.025326e-009
4.285859858994145e-003	1.015055e+001	1.025205e-009
4.292695796494146e-003	1.014936e+001	1.025085e-009
4.299531733994146e-003	1.014818e+001	1.024966e-009
4.306367671494145e-003	1.014699e+001	1.024846e-009
4.313203608994146e-003	1.014581e+001	1.024727e-009
4.320039546494145e-003	1.014464e+001	1.024608e-009
4.326875483994146e-003	1.014347e+001	1.024490e-009
4.333711421494146e-003	1.014229e+001	1.024372e-009
4.340547358994145e-003	1.014113e+001	1.024254e-009
4.347383296494146e-003	1.013996e+001	1.024136e-009
4.354219233994146e-003	1.013880e+001	1.024019e-009
4.361055171494145e-003	1.013764e+001	1.023902e-009
4.367891108994146e-003	1.013649e+001	1.023786e-009
4.374727046494146e-003	1.013534e+001	1.023669e-009
4.381562983994145e-003	1.013419e+001	1.023553e-009
4.388398921494146e-003	1.013304e+001	1.023437e-009
4.395234858994145e-003	1.013190e+001	1.023322e-009
4.402070796494146e-003	1.013076e+001	1.023207e-009
4.408906733994146e-003	1.012962e+001	1.023092e-009
4.415742671494145e-003	1.012849e+001	1.022977e-009
4.422578608994146e-003	1.012736e+001	1.022863e-009
4.429414546494146e-003	1.012623e+001	1.022749e-009
4.436250483994145e-003	1.012510e+001	1.022635e-009
4.443086421494146e-003	1.012398e+001	1.022522e-009
4.449922358994145e-003	1.012286e+001	1.022409e-009
4.456758296494146e-003	1.012174e+001	1.022296e-009
4.463594233994146e-003	1.012063e+001	1.022184e-009
4.470430171494145e-003	1.011952e+001	1.022071e-009
4.477266108994146e-003	1.011841e+001	1.021959e-009
4.484102046494146e-003	1.011730e+001	1.021848e-009
4.490937983994145e-003	1.011620e+001	1.021736e-009
4.497773921494146e-003	1.011510e+001	1.021625e-009
4.504609858994146e-003	1.011401e+001	1.021515e-009
4.511445796494145e-003	1.011291e+001	1.021404e-009
4.518281733994146e-003	1.011182e+001	1.021294e-009
4.525117671494145e-003	1.011073e+001	1.021184e-009
4.531953608994146e-003	1.010965e+001	1.021074e-009
4.538789546494146e-003	1.010856e+001	1.020965e-009
4.545625483994145e-003	1.010748e+001	1.020856e-009
4.552461421494146e-003	1.010641e+001	1.020747e-009
4.559297358994146e-003	1.010533e+001	1.020639e-009
4.566133296494145e-003	1.010426e+001	1.020531e-009
4.572969233994146e-003	1.010319e+001	1.020423e-009
4.579805171494145e-003	1.010213e+001	1.020315e-009
4.586641108994146e-003	1.010107e+001	1.020208e-009
4.593477046494146e-003	1.010001e+001	1.020101e-009
4.600312983994145e-003	1.009895e+001	1.019994e-009
4.607148921494146e-003	1.009789e+001	1.019887e-009
4.613984858994146e-003	1.009684e+001	1.019781e-009
4.620820796494145e-003	1.009579e+001	1.019675e-009
4.627656733994146e-003	1.009475e+001	1.019569e-009
4.634492671494146e-003	1.009370e+001	1.019464e-009
4.641328608994145e-003	1.009266e+001	1.019359e-009
4.648164546494146e-003	1.009162e+001	1.019254e-009
4.655000483994145e-003	1.009059e+001	1.019149e-009
4.661836421494146e-003	1.008955e+001	1.019045e-009
4.668672358994146e-003	1.008852e+001	1.018941e-009
4.675508296494145e-003	1.008750e+001	1.018837e-009
4.682344233994146e-003	1.008647e+001	1.018734e-009
4.689180171494146e-003	1.008545e+001	1.018630e-009
4.696016108994145e-003	1.008443e+001	1.018527e-009
4.702852046494146e-003	1.008341e+001	1.018425e-009
4.709687983994145e-003	1.008240e+001	1.018322e-009
4.716523921494146e-003	1.008139e+001	1.018220e-009
4.723359858994146e-003	1.008038e+001	1.018118e-009
4.730195796494145e-003	1.007937e+001	1.018017e-009
4.737031733994146e-003	1.007837e+001	1.017915e-009
4.743867671494146e-003	1.007737e+001	1.017814e-009
4.750703608994145e-003	1.007637e+001	1.017713e-009
4.757539546494146e-003	1.007537e+001	1.017613e-009
4.764375483994146e-003	1.007438e+001	1.017512e-009
4.771211421494145e-003	1.007339e+001	1.017412e-009
4.778047358994146e-003	1.007240e+001	1.017312e-009
4.784883296494145e-003	1.007141e+001	1.017213e-009
4.791719233994146e-003	1.007043e+001	1.017114e-009
4.798555171494146e-003	1.006945e+001	1.017014e-009
4.805391108994145e-003	1.006847e+001	1.016916e-009
4.812227046494146e-003	1.006750e+001	1.016817e-009
4.819062983994146e-003	1.006652e+001	1.016719e-009
4.825898921494145e-003	1.006555e+001	1.016621e-009
4.832734858994146e-003	1.006458e+001	1.016523e-009
4.839570796494145e-003	1.006362e+001	1.016426e-009
4.846406733994146e-003	1.006266e+001	1.016328e-009
4.853242671494146e-003	1.006170e+001	1.016231e-009
4.860078608994145e-003	1.006074e+001	1.016135e-009
4.866914546494146e-003	1.005978e+001	1.016038e-009
4.873750483994146e-003	1.005883e+001	1.015942e-009
4.880586421494145e-003	1.005788e+001	1.015846e-009
4.887422358994146e-003	1.005693e+001	1.015750e-009
4.894258296494146e-003	1.005599e+001	1.015655e-009
4.901094233994145e-003	1.005504e+001	1.015559e-009
4.907930171494146e-003	1.005410e+001	1.015464e-009
4.914766108994145e-003	1.005316e+001	1.015370e-009
4.921602046494146e-003	1.005223e+001	1.015275e-009
4.928437983994146e-003	1.005129e+001	1.015181e-009
4.935273921494145e-003	1.005036e+001	1.015087e-009
4.942109858994146e-003	1.004943e+001	1.014993e-009
4.948945796494146e-003	1.004851e+001	1.014899e-009
4.955781733994145e-003	1.004758e+001	1.014806e-009
4.962617671494146e-003	1.004666e+001	1.014713e-009
4.969453608994146e-003	1.004574e+001	1.014620e-009
4.976289546494146e-003	1.004483e+001	1.014527e-009
4.983125483994146e-003	1.004391e+001	1.014435e-009
4.989961421494145e-003	1.004300e+001	1.014343e-009
4.993164062500000e-003	1.004257e+001	1.014300e-009
4.993594717988291e-003	1.004252e+001	1.014294e-009
4.994456028964874e-003	1.004240e+001	1.014282e-009
4.996178650918039e-003	1.004217e+001	1.014259e-009
4.998074706630725e-003	1.004192e+001	1.014234e-009
5.000000000000000e-003	1.004166e+001	1.014208e-009
5.003850586738550e-003	1.004115e+001	1.014156e-009
5.008663617600813e-003	1.004051e+001	1.014092e-009
5.015499555100813e-003	1.003961e+001	1.014001e-009
5.022335492600813e-003	1.003871e+001	1.013910e-009
5.029171430100812e-003	1.003781e+001	1.013819e-009
5.036007367600813e-003	1.003691e+001	1.013728e-009
5.042843305100813e-003	1.003602e+001	1.013638e-009
5.049679242600812e-003	1.003513e+001	1.013548e-009
5.056515180100813e-003	1.003424e+001	1.013458e-009
5.063351117600813e-003	1.003335e+001	1.013368e-009
5.070187055100813e-003	1.003246e+001	1.013279e-009
5.077022992600813e-003	1.003158e+001	1.013190e-009
5.083858930100813e-003	1.003070e+001	1.013100e-009
5.090694867600813e-003	1.002982e+001	1.013012e-009
5.097530805100813e-003	1.002894e+001	1.012923e-009
5.104366742600812e-003	1.002806e+001	1.012834e-009
5.111202680100813e-003	1.002719e+001	1.012746e-009
5.118038617600813e-003	1.002632e+001	1.012658e-009
5.124874555100812e-003	1.002545e+001	1.012570e-009
5.131710492600813e-003	1.002458e+001	1.012482e-009
5.138546430100813e-003	1.002371e+001	1.012395e-009
5.145382367600813e-003	1.002284e+001	1.012307e-009
5.152218305100813e-003	1.002197e+001	1.012219e-009
5.159054242600812e-003	1.002111e+001	1.012132e-009
5.165890180100813e-003	1.002025e+001	1.012045e-009
5.172726117600813e-003	1.001938e+001	1.011958e-009
5.179562055100812e-003	1.001852e+001	1.011870e-009
5.186397992600813e-003	1.001766e+001	1.011783e-009
5.193233930100813e-003	1.001679e+001	1.011696e-009
5.200069867600813e-003	1.001593e+001	1.011609e-009
5.206905805100813e-003	1.001507e+001	1.011522e-009
5.213741742600813e-003	1.001421e+001	1.011435e-009
5.220577680100813e-003	1.001335e+001	1.011349e-009
5.234249555100812e-003	1.001163e+001	1.011175e-009
5.244991742600813e-003	1.001029e+001	1.011039e-009
5.255733930100813e-003	1.000894e+001	1.010903e-009
5.266476117600813e-003	1.000759e+001	1.010767e-009
5.277218305100812e-003	1.000625e+001	1.010631e-009
5.287960492600812e-003	1.000491e+001	1.010496e-009
5.298702680100812e-003	1.000357e+001	1.010360e-009
5.309444867600812e-003	1.000223e+001	1.010225e-009
5.323116742600813e-003	1.000053e+001	1.010053e-009
5.336788617600813e-003	9.998827e+000	1.009882e-009
5.350460492600813e-003	9.997132e+000	1.009710e-009
5.357296430100813e-003	9.996286e+000	1.009625e-009
5.364132367600812e-003	9.995442e+000	1.009540e-009
5.370968305100813e-003	9.994599e+000	1.009455e-009
5.377804242600813e-003	9.993758e+000	1.009370e-009
5.384640180100812e-003	9.992920e+000	1.009285e-009
5.391476117600813e-003	9.992093e+000	1.009201e-009
5.398312055100813e-003	9.991340e+000	1.009125e-009
5.405147992600813e-003	9.990926e+000	1.009083e-009
5.411983930100813e-003	9.991180e+000	1.009109e-009
5.418800429508271e-003	9.991919e+000	1.009184e-009
5.422629828910032e-003	9.992269e+000	1.009219e-009
5.426702800380515e-003	9.992458e+000	1.009238e-009
5.431403649924817e-003	9.992582e+000	1.009251e-009
5.435955356658798e-003	9.992662e+000	1.009259e-009
5.442791294158798e-003	9.992760e+000	1.009269e-009
5.449627231658798e-003	9.992851e+000	1.009278e-009
5.456463169158798e-003	9.992943e+000	1.009287e-009
5.463299106658798e-003	9.993037e+000	1.009297e-009
5.470135044158798e-003	9.993132e+000	1.009306e-009
5.476970981658798e-003	9.993225e+000	1.009316e-009
5.483806919158799e-003	9.993317e+000	1.009325e-009
5.490642856658798e-003	9.993406e+000	1.009334e-009
5.497478794158798e-003	9.993493e+000	1.009343e-009
5.504314731658798e-003	9.993578e+000	1.009351e-009
5.511150669158798e-003	9.993660e+000	1.009360e-009
5.517986606658798e-003	9.993739e+000	1.009368e-009
5.524822544158798e-003	9.993816e+000	1.009375e-009
5.531658481658798e-003	9.993892e+000	1.009383e-009
5.538494419158798e-003	9.993964e+000	1.009390e-009
5.545330356658798e-003	9.994036e+000	1.009397e-009
5.552166294158798e-003	9.994103e+000	1.009404e-009
5.559002231658798e-003	9.994170e+000	1.009411e-009
5.565838169158798e-003	9.994234e+000	1.009418e-009
5.572674106658798e-003	9.994297e+000	1.009424e-009
5.586345981658798e-003	9.994415e+000	1.009436e-009
5.600017856658798e-003	9.994527e+000	1.009447e-009
5.613689731658799e-003	9.994632e+000	1.009458e-009
5.627361606658798e-003	9.994730e+000	1.009468e-009
5.647869419158798e-003	9.994864e+000	1.009481e-009
5.661541294158798e-003	9.994947e+000	1.009490e-009
5.675213169158798e-003	9.995025e+000	1.009497e-009
5.688885044158798e-003	9.995097e+000	1.009505e-009
5.709392856658798e-003	9.995196e+000	1.009515e-009
5.727947544158799e-003	9.995276e+000	1.009523e-009
5.746502231658799e-003	9.995350e+000	1.009530e-009
5.765056919158799e-003	9.995418e+000	1.009537e-009
5.783611606658798e-003	9.995480e+000	1.009543e-009
5.802166294158798e-003	9.995536e+000	1.009549e-009
5.820720981658798e-003	9.995586e+000	1.009554e-009
5.839275669158798e-003	9.995630e+000	1.009559e-009
5.859783481658798e-003	9.995675e+000	1.009563e-009
5.880291294158798e-003	9.995716e+000	1.009567e-009
5.900799106658798e-003	9.995752e+000	1.009571e-009
5.921306919158798e-003	9.995785e+000	1.009574e-009
5.941814731658798e-003	9.995813e+000	1.009577e-009
5.962322544158798e-003	9.995840e+000	1.009580e-009
5.982830356658798e-003	9.995863e+000	1.009582e-009
6.003338169158799e-003	9.995884e+000	1.009584e-009
6.023845981658798e-003	9.995903e+000	1.009586e-009
6.044353794158798e-003	9.995919e+000	1.009588e-009
6.064861606658798e-003	9.995934e+000	1.009589e-009
6.085369419158798e-003	9.995947e+000	1.009591e-009
6.105877231658798e-003	9.995959e+000	1.009592e-009
6.126385044158798e-003	9.995970e+000	1.009593e-009
6.146892856658798e-003	9.995979e+000	1.009594e-009
6.167400669158798e-003	9.995988e+000	1.009595e-009
6.187908481658798e-003	9.995996e+000	1.009596e-009
6.208416294158799e-003	9.996002e+000	1.009596e-009
6.228924106658798e-003	9.996008e+000	1.009597e-009
6.249431919158798e-003	9.996014e+000	1.009597e-009
6.269939731658798e-003	9.996018e+000	1.009598e-009
6.287517856658798e-003	9.996022e+000	1.009598e-009
6.305095981658798e-003	9.996025e+000	1.009599e-009
6.322674106658798e-003	9.996028e+000	1.009599e-009
6.340252231658798e-003	9.996031e+000	1.009599e-009
6.357830356658798e-003	9.996034e+000	1.009599e-009
6.375408481658798e-003	9.996036e+000	1.009600e-009
6.392986606658798e-003	9.996038e+000	1.009600e-009
6.411541294158798e-003	9.996040e+000	1.009600e-009
6.430095981658798e-003	9.996042e+000	1.009600e-009
6.448650669158798e-003	9.996043e+000	1.009600e-009
6.467205356658797e-003	9.996045e+000	1.009601e-009
6.485760044158797e-003	9.996046e+000	1.009601e-009
6.504314731658798e-003	9.996047e+000	1.009601e-009
6.522869419158798e-003	9.996048e+000	1.009601e-009
6.543377231658798e-003	9.996049e+000	1.009601e-009
6.563885044158798e-003	9.996050e+000	1.009601e-009
6.584392856658797e-003	9.996050e+000	1.009601e-009
6.604900669158798e-003	9.996051e+000	1.009601e-009
6.625408481658798e-003	9.996052e+000	1.009601e-009
6.645916294158798e-003	9.996053e+000	1.009601e-009
6.666424106658798e-003	9.996054e+000	1.009601e-009
6.690838169158798e-003	9.996054e+000	1.009601e-009
6.715252231658798e-003	9.996054e+000	1.009601e-009
6.739666294158798e-003	9.996054e+000	1.009601e-009
6.764080356658798e-003	9.996055e+000	1.009602e-009
6.788494419158798e-003	9.996055e+000	1.009602e-009
6.812908481658797e-003	9.996056e+000	1.009602e-009
6.837322544158798e-003	9.996057e+000	1.009602e-009
6.858806919158798e-003	9.996056e+000	1.009602e-009
6.880291294158798e-003	9.996056e+000	1.009602e-009
6.901775669158798e-003	9.996056e+000	1.009602e-009
6.923260044158798e-003	9.996057e+000	1.009602e-009
6.944744419158798e-003	9.996057e+000	1.009602e-009
6.966228794158798e-003	9.996057e+000	1.009602e-009
6.987713169158799e-003	9.996058e+000	1.009602e-009
6.994549106658798e-003	9.996058e+000	1.009602e-009
7.000000000000000e-003	9.996058e+000	1.009602e-009
