time	V(vout)	-I(Rl)
0.000000000000000e+000	9.996057e+000	1.009602e-009
2.000000000000000e-003	9.996057e+000	1.009602e-009
2.000000638976985e-003	7.755816e+000	4.423797e-001
2.000001916930955e-003	5.147246e+000	5.147246e-001
2.000002380529745e-003	4.875867e+000	4.875867e-001
2.000002612925303e-003	4.910526e+000	4.910526e-001
2.000002774270459e-003	4.928292e+000	4.928292e-001
2.000002964257398e-003	4.950102e+000	4.950103e-001
2.000003240654323e-003	4.984776e+000	4.984776e-001
2.000003570577210e-003	5.033388e+000	5.033388e-001
2.000004046508467e-003	5.119767e+000	5.119767e-001
2.000004729816038e-003	5.272088e+000	5.272087e-001
2.000005546864043e-003	5.486279e+000	5.486280e-001
2.000006326322492e-003	5.712790e+000	5.712790e-001
2.000007166315524e-003	5.968153e+000	5.968153e-001
2.000007947466821e-003	6.203995e+000	6.203995e-001
2.000009157767917e-003	6.550176e+000	6.550176e-001
2.000010609827091e-003	6.912671e+000	6.912671e-001
2.000013208213577e-003	7.423197e+000	7.423197e-001
2.000015719465435e-003	7.765067e+000	7.765067e-001
2.000018245890915e-003	7.972237e+000	7.972237e-001
2.000020641055813e-003	8.087626e+000	8.087626e-001
2.000022834622052e-003	8.153668e+000	8.153668e-001
2.000025022492396e-003	8.200335e+000	8.200335e-001
2.000027269294959e-003	8.236710e+000	8.236710e-001
2.000030442412309e-003	8.269522e+000	8.269522e-001
2.000033200168204e-003	8.277184e+000	8.277184e-001
2.000036135994939e-003	8.273735e+000	8.273735e-001
2.000039768625653e-003	8.274078e+000	8.274078e-001
2.000043753124237e-003	8.279386e+000	8.279386e-001
2.000048099739713e-003	8.285217e+000	8.285217e-001
2.000055208472465e-003	8.294418e+000	8.294418e-001
2.000063090280363e-003	8.305253e+000	8.305253e-001
2.000071827008602e-003	8.319383e+000	8.319383e-001
2.000080470998103e-003	8.339669e+000	8.339670e-001
2.000091999568721e-003	8.390570e+000	8.390570e-001
2.000107177522412e-003	8.529322e+000	8.529322e-001
2.000122156475138e-003	8.777330e+000	8.777331e-001
2.000131282166157e-003	9.013024e+000	9.013024e-001
2.000140355044742e-003	9.318086e+000	9.318085e-001
2.000144028355174e-003	9.461956e+000	9.461956e-001
2.000147688608986e-003	9.626049e+000	9.626049e-001
2.000152569446465e-003	9.892872e+000	9.892872e-001
2.000158054325175e-003	1.027612e+001	1.027612e+000
2.000163037956942e-003	1.068477e+001	1.068477e+000
2.000166858582107e-003	1.101410e+001	1.101410e+000
2.000169670766221e-003	1.125621e+001	1.125621e+000
2.000171550524834e-003	1.141575e+001	1.141575e+000
2.000172686555105e-003	1.151056e+001	1.151056e+000
2.000173682852892e-003	1.159202e+001	1.159202e+000
2.000174430568898e-003	1.165089e+001	1.165089e+000
2.000175173204305e-003	1.170634e+001	1.170634e+000
2.000175848950595e-003	1.175378e+001	1.175377e+000
2.000176867358026e-003	1.181976e+001	1.181976e+000
2.000178236558388e-003	1.190057e+001	1.190057e+000
2.000179617307574e-003	1.197673e+001	1.197673e+000
2.000180798060645e-003	1.204100e+001	1.204100e+000
2.000181877008313e-003	1.210094e+001	1.210094e+000
2.000182960785203e-003	1.216238e+001	1.216238e+000
2.000184279049445e-003	1.223762e+001	1.223762e+000
2.000186012762667e-003	1.233625e+001	1.233625e+000
2.000187601298111e-003	1.242600e+001	1.242600e+000
2.000189430177575e-003	1.252865e+001	1.252865e+000
2.000192276666942e-003	1.268756e+001	1.268756e+000
2.000195627352445e-003	1.287352e+001	1.287352e+000
2.000199762570569e-003	1.310036e+001	1.310036e+000
2.000208033006817e-003	1.354467e+001	1.354467e+000
2.000216152598121e-003	1.396243e+001	1.396243e+000
2.000228678378022e-003	1.454460e+001	1.454460e+000
2.000253729937826e-003	1.551318e+001	1.551318e+000
2.000282659826532e-003	1.634817e+001	1.634817e+000
2.000317039725620e-003	1.700418e+001	1.700418e+000
2.000365247868234e-003	1.757681e+001	1.757681e+000
2.000419425136304e-003	1.798092e+001	1.798092e+000
2.000458172901639e-003	1.816826e+001	1.816826e+000
2.000494300073759e-003	1.829167e+001	1.829167e+000
2.000512536577639e-003	1.834051e+001	1.834051e+000
2.000533141334860e-003	1.838560e+001	1.838560e+000
2.000555335900395e-003	1.842733e+001	1.842734e+000
2.000569985805010e-003	1.845135e+001	1.845135e+000
2.000580534930514e-003	1.846673e+001	1.846673e+000
2.000590715565532e-003	1.848027e+001	1.848027e+000
2.000601178939577e-003	1.849304e+001	1.849304e+000
2.000612678661522e-003	1.850589e+001	1.850589e+000
2.000623746745932e-003	1.851713e+001	1.851713e+000
2.000637379026359e-003	1.852954e+001	1.852954e+000
2.000652815294303e-003	1.854208e+001	1.854208e+000
2.000664018865926e-003	1.855013e+001	1.855013e+000
2.000675632114331e-003	1.855748e+001	1.855748e+000
2.000687246410638e-003	1.856389e+001	1.856389e+000
2.000699881410616e-003	1.856978e+001	1.856978e+000
2.000712792900043e-003	1.857451e+001	1.857451e+000
2.000725831267232e-003	1.857755e+001	1.857755e+000
2.000737611084697e-003	1.857707e+001	1.857707e+000
2.000749208934214e-003	1.856903e+001	1.856903e+000
2.000757422391941e-003	1.855512e+001	1.855512e+000
2.000765887443517e-003	1.853548e+001	1.853548e+000
2.000770880192483e-003	1.852358e+001	1.852358e+000
2.000777223950676e-003	1.850859e+001	1.850859e+000
2.000784488753184e-003	1.849177e+001	1.849177e+000
2.000796643645492e-003	1.846471e+001	1.846471e+000
2.000810888333161e-003	1.843406e+001	1.843406e+000
2.000826514085528e-003	1.840057e+001	1.840057e+000
2.000846904791949e-003	1.835531e+001	1.835531e+000
2.000873418939325e-003	1.829292e+001	1.829292e+000
2.000904180902684e-003	1.821558e+001	1.821558e+000
2.000947569358082e-003	1.809955e+001	1.809955e+000
2.001001706749687e-003	1.794773e+001	1.794773e+000
2.001056658822699e-003	1.779482e+001	1.779482e+000
2.001087289079627e-003	1.771222e+001	1.771222e+000
2.001124112540305e-003	1.760450e+001	1.760450e+000
2.001156078857542e-003	1.749773e+001	1.749773e+000
2.001193560745244e-003	1.736071e+001	1.736071e+000
2.001252389662702e-003	1.713041e+001	1.713041e+000
2.001305720578387e-003	1.690513e+001	1.690513e+000
2.001395014784994e-003	1.649816e+001	1.649816e+000
2.001479525534206e-003	1.613259e+001	1.613258e+000
2.001533005157481e-003	1.600700e+001	1.600700e+000
2.001569779901114e-003	1.602805e+001	1.602805e+000
2.001593924119150e-003	1.606953e+001	1.606953e+000
2.001606202687294e-003	1.608140e+001	1.608140e+000
2.001617841229874e-003	1.608253e+001	1.608253e+000
2.001634915861445e-003	1.607545e+001	1.607545e+000
2.001650762876467e-003	1.606316e+001	1.606316e+000
2.001664763562198e-003	1.604955e+001	1.604955e+000
2.001676047250941e-003	1.603795e+001	1.603795e+000
2.001689261520231e-003	1.602474e+001	1.602474e+000
2.001701829426274e-003	1.601330e+001	1.601330e+000
2.001718935756635e-003	1.599977e+001	1.599977e+000
2.001733174030258e-003	1.599035e+001	1.599035e+000
2.001745839342172e-003	1.598347e+001	1.598347e+000
2.001758721872949e-003	1.597761e+001	1.597761e+000
2.001774103872580e-003	1.597149e+001	1.597149e+000
2.001796267360878e-003	1.596317e+001	1.596317e+000
2.001823151331405e-003	1.595263e+001	1.595263e+000
2.001850310055885e-003	1.594090e+001	1.594090e+000
2.001877038591151e-003	1.592826e+001	1.592826e+000
2.001907658113385e-003	1.591309e+001	1.591309e+000
2.001937029808573e-003	1.589854e+001	1.589854e+000
2.001979511208121e-003	1.587798e+001	1.587798e+000
2.002021105950504e-003	1.585831e+001	1.585832e+000
2.002066338184191e-003	1.583713e+001	1.583713e+000
2.002118610735080e-003	1.581259e+001	1.581259e+000
2.002188594668664e-003	1.577972e+001	1.577972e+000
2.002265280371329e-003	1.574393e+001	1.574393e+000
2.002391245198389e-003	1.568560e+001	1.568560e+000
2.002535255916046e-003	1.561957e+001	1.561957e+000
2.002812158404576e-003	1.549431e+001	1.549431e+000
2.003088101087158e-003	1.537198e+001	1.537198e+000
2.003639986452322e-003	1.513568e+001	1.513568e+000
2.004743757182651e-003	1.468809e+001	1.468809e+000
2.006376631821892e-003	1.408408e+001	1.408408e+000
2.009543931638424e-003	1.301601e+001	1.301601e+000
2.010038723791641e-003	1.286326e+001	1.286326e+000
2.011028308098076e-003	1.258053e+001	1.258053e+000
2.012174773600183e-003	1.226620e+001	1.226620e+000
2.013191233991323e-003	1.200398e+001	1.200398e+000
2.013776049055558e-003	1.187414e+001	1.187414e+000
2.014093706912067e-003	1.182529e+001	1.182529e+000
2.014277721573777e-003	1.180951e+001	1.180951e+000
2.014391520102943e-003	1.180371e+001	1.180371e+000
2.014487368546629e-003	1.180019e+001	1.180019e+000
2.014593371418547e-003	1.179722e+001	1.179722e+000
2.014692008034634e-003	1.179495e+001	1.179495e+000
2.014822358601036e-003	1.179248e+001	1.179248e+000
2.014949786755807e-003	1.179047e+001	1.179047e+000
2.015090857380359e-003	1.178856e+001	1.178856e+000
2.015294723693399e-003	1.178611e+001	1.178611e+000
2.015509375895182e-003	1.178376e+001	1.178376e+000
2.015784246405650e-003	1.178092e+001	1.178092e+000
2.016154020914161e-003	1.177723e+001	1.177723e+000
2.016628769109530e-003	1.177256e+001	1.177256e+000
2.017365945853545e-003	1.176536e+001	1.176536e+000
2.018422361236363e-003	1.175512e+001	1.175512e+000
2.020074014733622e-003	1.173923e+001	1.173923e+000
2.022544152680568e-003	1.171575e+001	1.171575e+000
2.026132305036994e-003	1.168225e+001	1.168224e+000
2.031520698111405e-003	1.163318e+001	1.163318e+000
2.038356635611405e-003	1.157282e+001	1.157282e+000
2.045192573111406e-003	1.151458e+001	1.151458e+000
2.052028510611405e-003	1.145848e+001	1.145848e+000
2.058864448111405e-003	1.140445e+001	1.140445e+000
2.065700385611405e-003	1.135242e+001	1.135242e+000
2.072536323111406e-003	1.130230e+001	1.130230e+000
2.079372260611405e-003	1.125403e+001	1.125403e+000
2.086208198111405e-003	1.120755e+001	1.120755e+000
2.093044135611405e-003	1.116278e+001	1.116278e+000
2.099880073111406e-003	1.111966e+001	1.111966e+000
2.106716010611405e-003	1.107813e+001	1.107813e+000
2.113551948111405e-003	1.103813e+001	1.103813e+000
2.120387885611405e-003	1.099961e+001	1.099961e+000
2.127223823111406e-003	1.096251e+001	1.096251e+000
2.134059760611405e-003	1.092678e+001	1.092678e+000
2.140895698111405e-003	1.089237e+001	1.089237e+000
2.147731635611406e-003	1.085923e+001	1.085923e+000
2.154567573111406e-003	1.082731e+001	1.082731e+000
2.161403510611405e-003	1.079657e+001	1.079657e+000
2.168239448111405e-003	1.076696e+001	1.076696e+000
2.175075385611406e-003	1.073845e+001	1.073844e+000
2.181911323111405e-003	1.071098e+001	1.071098e+000
2.188747260611405e-003	1.068453e+001	1.068453e+000
2.195583198111405e-003	1.065906e+001	1.065906e+000
2.202419135611406e-003	1.063453e+001	1.063453e+000
2.209255073111405e-003	1.061090e+001	1.061090e+000
2.216091010611405e-003	1.058815e+001	1.058815e+000
2.222926948111405e-003	1.056623e+001	1.056623e+000
2.229762885611406e-003	1.054513e+001	1.054513e+000
2.236598823111405e-003	1.052480e+001	1.052480e+000
2.243434760611405e-003	1.050522e+001	1.050522e+000
2.250270698111406e-003	1.048637e+001	1.048637e+000
2.257106635611406e-003	1.046821e+001	1.046821e+000
2.263942573111405e-003	1.045072e+001	1.045072e+000
2.270778510611405e-003	1.043388e+001	1.043388e+000
2.277614448111406e-003	1.041766e+001	1.041766e+000
2.284450385611405e-003	1.040203e+001	1.040203e+000
2.291286323111405e-003	1.038699e+001	1.038699e+000
2.298122260611405e-003	1.037250e+001	1.037250e+000
2.304958198111406e-003	1.035854e+001	1.035854e+000
2.311794135611405e-003	1.034510e+001	1.034510e+000
2.318630073111405e-003	1.033216e+001	1.033216e+000
2.325466010611405e-003	1.031969e+001	1.031969e+000
2.332301948111406e-003	1.030768e+001	1.030768e+000
2.339137885611405e-003	1.029612e+001	1.029612e+000
2.345973823111405e-003	1.028498e+001	1.028498e+000
2.352809760611405e-003	1.027426e+001	1.027426e+000
2.359645698111406e-003	1.026393e+001	1.026393e+000
2.366481635611405e-003	1.025398e+001	1.025398e+000
2.373317573111405e-003	1.024440e+001	1.024440e+000
2.380153510611406e-003	1.023517e+001	1.023517e+000
2.386989448111406e-003	1.022629e+001	1.022629e+000
2.393825385611405e-003	1.021773e+001	1.021773e+000
2.400661323111405e-003	1.020949e+001	1.020949e+000
2.407497260611406e-003	1.020155e+001	1.020155e+000
2.414333198111405e-003	1.019390e+001	1.019390e+000
2.421169135611405e-003	1.018654e+001	1.018654e+000
2.428005073111405e-003	1.017945e+001	1.017945e+000
2.434841010611406e-003	1.017262e+001	1.017262e+000
2.441676948111405e-003	1.016604e+001	1.016604e+000
2.448512885611405e-003	1.015971e+001	1.015971e+000
2.455348823111405e-003	1.015361e+001	1.015361e+000
2.462184760611406e-003	1.014773e+001	1.014773e+000
2.469020698111405e-003	1.014208e+001	1.014207e+000
2.475856635611405e-003	1.013663e+001	1.013663e+000
2.482692573111405e-003	1.013138e+001	1.013138e+000
2.489528510611406e-003	1.012632e+001	1.012632e+000
2.496364448111405e-003	1.012146e+001	1.012146e+000
2.503200385611405e-003	1.011677e+001	1.011677e+000
2.510036323111406e-003	1.011225e+001	1.011225e+000
2.516872260611406e-003	1.010790e+001	1.010790e+000
2.523708198111405e-003	1.010372e+001	1.010372e+000
2.530544135611405e-003	1.009968e+001	1.009968e+000
2.537380073111406e-003	1.009580e+001	1.009580e+000
2.544216010611405e-003	1.009206e+001	1.009206e+000
2.551051948111405e-003	1.008845e+001	1.008845e+000
2.557887885611405e-003	1.008498e+001	1.008498e+000
2.564723823111406e-003	1.008164e+001	1.008164e+000
2.571559760611405e-003	1.007842e+001	1.007843e+000
2.578395698111405e-003	1.007533e+001	1.007532e+000
2.585231635611405e-003	1.007234e+001	1.007234e+000
2.592067573111406e-003	1.006947e+001	1.006947e+000
2.598903510611405e-003	1.006670e+001	1.006670e+000
2.605739448111405e-003	1.006403e+001	1.006403e+000
2.612575385611405e-003	1.006146e+001	1.006146e+000
2.619411323111406e-003	1.005899e+001	1.005899e+000
2.626247260611405e-003	1.005661e+001	1.005661e+000
2.633083198111405e-003	1.005431e+001	1.005431e+000
2.639919135611406e-003	1.005210e+001	1.005210e+000
2.646755073111405e-003	1.004998e+001	1.004998e+000
2.653591010611405e-003	1.004793e+001	1.004793e+000
2.660426948111405e-003	1.004595e+001	1.004595e+000
2.667262885611406e-003	1.004405e+001	1.004405e+000
2.674098823111405e-003	1.004222e+001	1.004222e+000
2.680934760611405e-003	1.004046e+001	1.004046e+000
2.687770698111405e-003	1.003876e+001	1.003876e+000
2.694606635611406e-003	1.003713e+001	1.003713e+000
2.701442573111405e-003	1.003555e+001	1.003555e+000
2.708278510611405e-003	1.003404e+001	1.003404e+000
2.715114448111405e-003	1.003258e+001	1.003258e+000
2.721950385611406e-003	1.003117e+001	1.003117e+000
2.728786323111405e-003	1.002981e+001	1.002981e+000
2.735622260611405e-003	1.002851e+001	1.002851e+000
2.742458198111406e-003	1.002725e+001	1.002725e+000
2.749294135611406e-003	1.002604e+001	1.002604e+000
2.756130073111405e-003	1.002488e+001	1.002488e+000
2.762966010611405e-003	1.002376e+001	1.002375e+000
2.769801948111406e-003	1.002267e+001	1.002267e+000
2.776637885611405e-003	1.002163e+001	1.002163e+000
2.783473823111405e-003	1.002063e+001	1.002063e+000
2.790309760611405e-003	1.001966e+001	1.001966e+000
2.797145698111406e-003	1.001873e+001	1.001873e+000
2.803981635611405e-003	1.001784e+001	1.001784e+000
2.810817573111405e-003	1.001698e+001	1.001698e+000
2.817653510611405e-003	1.001615e+001	1.001615e+000
2.824489448111406e-003	1.001535e+001	1.001535e+000
2.831325385611405e-003	1.001458e+001	1.001458e+000
2.838161323111405e-003	1.001383e+001	1.001383e+000
2.844997260611405e-003	1.001312e+001	1.001312e+000
2.851833198111406e-003	1.001243e+001	1.001243e+000
2.858669135611405e-003	1.001177e+001	1.001177e+000
2.865505073111405e-003	1.001113e+001	1.001113e+000
2.872341010611406e-003	1.001052e+001	1.001051e+000
2.879176948111406e-003	1.000992e+001	1.000992e+000
2.886012885611405e-003	1.000935e+001	1.000935e+000
2.892848823111405e-003	1.000880e+001	1.000880e+000
2.899684760611406e-003	1.000827e+001	1.000827e+000
2.906520698111405e-003	1.000776e+001	1.000777e+000
2.913356635611405e-003	1.000727e+001	1.000727e+000
2.920192573111405e-003	1.000680e+001	1.000680e+000
2.927028510611406e-003	1.000635e+001	1.000635e+000
2.933864448111405e-003	1.000591e+001	1.000591e+000
2.940700385611405e-003	1.000549e+001	1.000549e+000
2.947536323111405e-003	1.000508e+001	1.000508e+000
2.954372260611406e-003	1.000469e+001	1.000469e+000
2.961208198111405e-003	1.000431e+001	1.000431e+000
2.968044135611405e-003	1.000395e+001	1.000395e+000
2.974880073111405e-003	1.000360e+001	1.000360e+000
2.981716010611406e-003	1.000326e+001	1.000326e+000
2.995387885611405e-003	1.000263e+001	1.000263e+000
3.002223823111406e-003	1.000233e+001	1.000232e+000
3.009059760611405e-003	1.000204e+001	1.000203e+000
3.015895698111405e-003	1.000176e+001	1.000176e+000
3.022731635611405e-003	1.000149e+001	1.000149e+000
3.029567573111406e-003	1.000123e+001	1.000123e+000
3.036403510611405e-003	1.000098e+001	1.000098e+000
3.043239448111405e-003	1.000074e+001	1.000074e+000
3.050075385611405e-003	1.000051e+001	1.000051e+000
3.056911323111406e-003	1.000029e+001	1.000029e+000
3.063747260611405e-003	1.000007e+001	1.000007e+000
3.070583198111405e-003	9.999866e+000	9.999865e-001
3.084255073111406e-003	9.999475e+000	9.999474e-001
3.091091010611405e-003	9.999290e+000	9.999290e-001
3.097926948111405e-003	9.999113e+000	9.999112e-001
3.104762885611406e-003	9.998941e+000	9.998941e-001
3.111598823111406e-003	9.998776e+000	9.998777e-001
3.118434760611405e-003	9.998618e+000	9.998618e-001
3.125270698111405e-003	9.998466e+000	9.998465e-001
3.132106635611406e-003	9.998319e+000	9.998318e-001
3.138942573111405e-003	9.998177e+000	9.998176e-001
3.145778510611405e-003	9.998040e+000	9.998040e-001
3.152614448111405e-003	9.997909e+000	9.997908e-001
3.159450385611406e-003	9.997782e+000	9.997782e-001
3.173122260611405e-003	9.997542e+000	9.997543e-001
3.186794135611406e-003	9.997320e+000	9.997320e-001
3.193630073111405e-003	9.997215e+000	9.997215e-001
3.200466010611405e-003	9.997114e+000	9.997115e-001
3.207301948111405e-003	9.997017e+000	9.997017e-001
3.214137885611406e-003	9.996923e+000	9.996924e-001
3.220973823111405e-003	9.996834e+000	9.996833e-001
3.227809760611405e-003	9.996746e+000	9.996747e-001
3.234645698111406e-003	9.996662e+000	9.996663e-001
3.248317573111405e-003	9.996504e+000	9.996505e-001
3.261989448111406e-003	9.996357e+000	9.996358e-001
3.275661323111405e-003	9.996222e+000	9.996222e-001
3.289333198111406e-003	9.996096e+000	9.996095e-001
3.309841010611405e-003	9.995922e+000	9.995923e-001
3.323512885611405e-003	9.995818e+000	9.995818e-001
3.337184760611405e-003	9.995722e+000	9.995721e-001
3.350856635611405e-003	9.995631e+000	9.995631e-001
3.364528510611406e-003	9.995548e+000	9.995548e-001
3.385036323111405e-003	9.995434e+000	9.995434e-001
3.429958198111405e-003	9.995243e+000	9.995243e-001
3.474880073111406e-003	9.995078e+000	9.995078e-001
3.519801948111405e-003	9.994939e+000	9.994939e-001
3.564723823111406e-003	9.994827e+000	9.994827e-001
3.609645698111405e-003	9.994741e+000	9.994741e-001
3.654567573111406e-003	9.994682e+000	9.994682e-001
3.699489448111405e-003	9.994649e+000	9.994649e-001
3.741481635611406e-003	9.994617e+000	9.994616e-001
3.783473823111405e-003	9.994588e+000	9.994588e-001
3.825466010611405e-003	9.994565e+000	9.994565e-001
3.867458198111405e-003	9.994545e+000	9.994545e-001
3.909450385611406e-003	9.994530e+000	9.994530e-001
3.951442573111405e-003	9.994520e+000	9.994519e-001
3.993434760611405e-003	9.994514e+000	9.994513e-001
4.000000000000000e-003	1.244675e+001	4.998529e-001
4.000001668930054e-003	1.489760e+001	2.806033e-003
4.000001678354249e-003	1.492240e+001	1.507163e-009
4.000001697202640e-003	1.496526e+001	1.511491e-009
4.000001734899420e-003	1.504627e+001	1.519673e-009
4.000001810292982e-003	1.519700e+001	1.534897e-009
4.000001892995947e-003	1.534718e+001	1.550065e-009
4.000002022689896e-003	1.555768e+001	1.571326e-009
4.000002149476487e-003	1.573747e+001	1.589485e-009
4.000002385954593e-003	1.601866e+001	1.617884e-009
4.000002719519838e-003	1.634260e+001	1.650603e-009
4.000003081444902e-003	1.661828e+001	1.678446e-009
4.000003614675254e-003	1.693485e+001	1.710420e-009
4.000004103123258e-003	1.716577e+001	1.733742e-009
4.000004601521513e-003	1.735641e+001	1.752997e-009
4.000005076387042e-003	1.750697e+001	1.768204e-009
4.000005729925585e-003	1.767962e+001	1.785642e-009
4.000006403522864e-003	1.782829e+001	1.800657e-009
4.000007119648000e-003	1.795952e+001	1.813911e-009
4.000007899246869e-003	1.807809e+001	1.825888e-009
4.000008905592066e-003	1.820343e+001	1.838546e-009
4.000010293968786e-003	1.834249e+001	1.852591e-009
4.000012031729896e-003	1.847923e+001	1.866403e-009
4.000014478747123e-003	1.862692e+001	1.881319e-009
4.000018481850891e-003	1.881513e+001	1.900328e-009
4.000022476442921e-003	1.896869e+001	1.915837e-009
4.000026770006376e-003	1.911070e+001	1.930181e-009
4.000032405565042e-003	1.927943e+001	1.947222e-009
4.000039138842708e-003	1.946375e+001	1.965839e-009
4.000047470861470e-003	1.965722e+001	1.985379e-009
4.000055315770280e-003	1.977826e+001	1.997605e-009
4.000063997979256e-003	1.984352e+001	2.004196e-009
4.000071898667977e-003	1.987243e+001	2.007116e-009
4.000079068638611e-003	1.988942e+001	2.008831e-009
4.000088562595622e-003	1.990613e+001	2.010519e-009
4.000098825912088e-003	1.992035e+001	2.011956e-009
4.000111759044615e-003	1.993475e+001	2.013410e-009
4.000125371447735e-003	1.994693e+001	2.014640e-009
4.000148831522854e-003	1.996327e+001	2.016290e-009
4.000181218024069e-003	1.998024e+001	2.018004e-009
4.000217408293138e-003	1.999410e+001	2.019404e-009
4.000261548406517e-003	2.000746e+001	2.020753e-009
4.000294894052085e-003	2.001571e+001	2.021587e-009
4.000330147442906e-003	2.002185e+001	2.022207e-009
4.000352461919738e-003	2.002431e+001	2.022455e-009
4.000367479335692e-003	2.002544e+001	2.022569e-009
4.000386703495336e-003	2.002658e+001	2.022684e-009
4.000408744061382e-003	2.002763e+001	2.022791e-009
4.000422741456886e-003	2.002815e+001	2.022843e-009
4.000437204423137e-003	2.002857e+001	2.022886e-009
4.000453379713245e-003	2.002892e+001	2.022921e-009
4.000470710671903e-003	2.002918e+001	2.022947e-009
4.000489659131878e-003	2.002934e+001	2.022963e-009
4.000510036159958e-003	2.002938e+001	2.022968e-009
4.000530383923118e-003	2.002931e+001	2.022961e-009
4.000549553581470e-003	2.002915e+001	2.022944e-009
4.000569947112661e-003	2.002889e+001	2.022918e-009
4.000590667345295e-003	2.002854e+001	2.022882e-009
4.000613877583502e-003	2.002805e+001	2.022833e-009
4.000641464991485e-003	2.002738e+001	2.022766e-009
4.000660531984397e-003	2.002686e+001	2.022713e-009
4.000678624549974e-003	2.002632e+001	2.022658e-009
4.000700849024187e-003	2.002561e+001	2.022586e-009
4.000724416251312e-003	2.002480e+001	2.022505e-009
4.000755437861070e-003	2.002365e+001	2.022389e-009
4.000795734088143e-003	2.002204e+001	2.022226e-009
4.000853650244054e-003	2.001952e+001	2.021971e-009
4.000923329644412e-003	2.001622e+001	2.021638e-009
4.000991061806127e-003	2.001266e+001	2.021279e-009
4.001109596914613e-003	2.000552e+001	2.020557e-009
4.001289337862414e-003	1.999170e+001	2.019162e-009
4.001578333669335e-003	1.995826e+001	2.015785e-009
4.001938187715526e-003	1.989035e+001	2.008926e-009
4.002337935224440e-003	1.977331e+001	1.997105e-009
4.002850417314816e-003	1.956661e+001	1.976228e-009
4.003395408313297e-003	1.929890e+001	1.949189e-009
4.003620677169133e-003	1.917286e+001	1.936459e-009
4.003917716107826e-003	1.899224e+001	1.918216e-009
4.004143298189465e-003	1.884611e+001	1.903457e-009
4.004402918648279e-003	1.866172e+001	1.884834e-009
4.004860241177706e-003	1.830052e+001	1.848353e-009
4.005364371892710e-003	1.786020e+001	1.803881e-009
4.006127043870968e-003	1.715423e+001	1.732577e-009
4.007206185647869e-003	1.618090e+001	1.634271e-009
4.008279157285456e-003	1.533235e+001	1.548567e-009
4.008773789294947e-003	1.504277e+001	1.519320e-009
4.009048013901603e-003	1.493195e+001	1.508127e-009
4.009273613517025e-003	1.485376e+001	1.500230e-009
4.009413713472416e-003	1.480597e+001	1.495403e-009
4.009544333721389e-003	1.476175e+001	1.490937e-009
4.009679272334644e-003	1.471641e+001	1.486358e-009
4.009811876754780e-003	1.467220e+001	1.481893e-009
4.009969330956689e-003	1.462020e+001	1.476640e-009
4.010243931483031e-003	1.453060e+001	1.467591e-009
4.010578202036721e-003	1.442315e+001	1.456739e-009
4.010935253932048e-003	1.431060e+001	1.445370e-009
4.011453779226624e-003	1.415095e+001	1.429246e-009
4.012078571348637e-003	1.396426e+001	1.410390e-009
4.012971275147916e-003	1.370799e+001	1.384507e-009
4.014250162172627e-003	1.335632e+001	1.348988e-009
4.015020993283678e-003	1.315980e+001	1.329140e-009
4.015491712425844e-003	1.306555e+001	1.319620e-009
4.015888989602012e-003	1.301661e+001	1.314678e-009
4.016057729688680e-003	1.300605e+001	1.313611e-009
4.016262674984719e-003	1.299899e+001	1.312898e-009
4.016394040503880e-003	1.299547e+001	1.312542e-009
4.016544590991458e-003	1.299214e+001	1.312207e-009
4.016738706314139e-003	1.298832e+001	1.311821e-009
4.016955804654596e-003	1.298438e+001	1.311423e-009
4.017188295903138e-003	1.298039e+001	1.311019e-009
4.017559327708029e-003	1.297420e+001	1.310394e-009
4.018048963467832e-003	1.296615e+001	1.309581e-009
4.018626889557051e-003	1.295672e+001	1.308629e-009
4.019531562798257e-003	1.294204e+001	1.307146e-009
4.020827901042670e-003	1.292114e+001	1.305035e-009
4.023033751748004e-003	1.288596e+001	1.301482e-009
4.026608673580691e-003	1.283001e+001	1.295831e-009
4.033444611080690e-003	1.272582e+001	1.285308e-009
4.040280548580690e-003	1.262502e+001	1.275127e-009
4.047116486080690e-003	1.252793e+001	1.265321e-009
4.053952423580690e-003	1.243443e+001	1.255878e-009
4.060788361080690e-003	1.234439e+001	1.246783e-009
4.067624298580690e-003	1.225766e+001	1.238024e-009
4.074460236080690e-003	1.217415e+001	1.229589e-009
4.081296173580691e-003	1.209371e+001	1.221465e-009
4.088132111080690e-003	1.201624e+001	1.213641e-009
4.094968048580690e-003	1.194164e+001	1.206106e-009
4.101803986080690e-003	1.186979e+001	1.198849e-009
4.108639923580690e-003	1.180060e+001	1.191860e-009
4.115475861080690e-003	1.173396e+001	1.185129e-009
4.122311798580690e-003	1.166978e+001	1.178647e-009
4.129147736080690e-003	1.160797e+001	1.172405e-009
4.135983673580690e-003	1.154844e+001	1.166392e-009
4.142819611080690e-003	1.149111e+001	1.160602e-009
4.149655548580690e-003	1.143590e+001	1.155026e-009
4.156491486080691e-003	1.138273e+001	1.149655e-009
4.163327423580690e-003	1.133152e+001	1.144483e-009
4.170163361080690e-003	1.128220e+001	1.139502e-009
4.176999298580690e-003	1.123470e+001	1.134705e-009
4.183835236080690e-003	1.118896e+001	1.130085e-009
4.190671173580690e-003	1.114491e+001	1.125635e-009
4.197507111080690e-003	1.110248e+001	1.121350e-009
4.204343048580690e-003	1.106162e+001	1.117224e-009
4.211178986080691e-003	1.102227e+001	1.113249e-009
4.218014923580690e-003	1.098437e+001	1.109421e-009
4.224850861080690e-003	1.094787e+001	1.105735e-009
4.231686798580690e-003	1.091272e+001	1.102185e-009
4.238522736080690e-003	1.087887e+001	1.098766e-009
4.245358673580690e-003	1.084627e+001	1.095473e-009
4.252194611080690e-003	1.081487e+001	1.092302e-009
4.259030548580690e-003	1.078463e+001	1.089248e-009
4.265866486080690e-003	1.075551e+001	1.086306e-009
4.272702423580690e-003	1.072746e+001	1.083474e-009
4.279538361080690e-003	1.070045e+001	1.080746e-009
4.286374298580691e-003	1.067444e+001	1.078118e-009
4.293210236080690e-003	1.064939e+001	1.075588e-009
4.300046173580690e-003	1.062526e+001	1.073151e-009
4.306882111080690e-003	1.060202e+001	1.070804e-009
4.313718048580690e-003	1.057965e+001	1.068544e-009
4.320553986080690e-003	1.055809e+001	1.066367e-009
4.327389923580690e-003	1.053734e+001	1.064271e-009
4.334225861080690e-003	1.051735e+001	1.062252e-009
4.341061798580691e-003	1.049810e+001	1.060308e-009
4.347897736080690e-003	1.047956e+001	1.058435e-009
4.354733673580690e-003	1.046170e+001	1.056632e-009
4.361569611080690e-003	1.044451e+001	1.054895e-009
4.368405548580690e-003	1.042794e+001	1.053222e-009
4.375241486080690e-003	1.041199e+001	1.051611e-009
4.382077423580690e-003	1.039663e+001	1.050060e-009
4.388913361080690e-003	1.038184e+001	1.048566e-009
4.395749298580690e-003	1.036759e+001	1.047127e-009
4.402585236080690e-003	1.035387e+001	1.045741e-009
4.409421173580690e-003	1.034066e+001	1.044407e-009
4.416257111080691e-003	1.032793e+001	1.043121e-009
4.423093048580690e-003	1.031568e+001	1.041883e-009
4.429928986080690e-003	1.030387e+001	1.040691e-009
4.436764923580690e-003	1.029251e+001	1.039543e-009
4.443600861080690e-003	1.028156e+001	1.038437e-009
4.450436798580690e-003	1.027101e+001	1.037372e-009
4.457272736080690e-003	1.026086e+001	1.036347e-009
4.464108673580690e-003	1.025108e+001	1.035359e-009
4.470944611080690e-003	1.024166e+001	1.034408e-009
4.477780548580690e-003	1.023259e+001	1.033492e-009
4.484616486080690e-003	1.022386e+001	1.032610e-009
4.491452423580690e-003	1.021545e+001	1.031760e-009
4.498288361080690e-003	1.020734e+001	1.030942e-009
4.505124298580690e-003	1.019954e+001	1.030154e-009
4.511960236080690e-003	1.019203e+001	1.029395e-009
4.518796173580690e-003	1.018479e+001	1.028664e-009
4.525632111080690e-003	1.017782e+001	1.027960e-009
4.532468048580690e-003	1.017111e+001	1.027282e-009
4.539303986080690e-003	1.016464e+001	1.026629e-009
4.546139923580691e-003	1.015842e+001	1.026000e-009
4.552975861080690e-003	1.015242e+001	1.025395e-009
4.559811798580690e-003	1.014665e+001	1.024811e-009
4.566647736080690e-003	1.014109e+001	1.024250e-009
4.573483673580690e-003	1.013573e+001	1.023709e-009
4.580319611080690e-003	1.013057e+001	1.023188e-009
4.587155548580690e-003	1.012560e+001	1.022686e-009
4.593991486080690e-003	1.012082e+001	1.022203e-009
4.600827423580690e-003	1.011621e+001	1.021737e-009
4.607663361080690e-003	1.011178e+001	1.021289e-009
4.614499298580690e-003	1.010750e+001	1.020858e-009
4.621335236080690e-003	1.010339e+001	1.020442e-009
4.628171173580690e-003	1.009942e+001	1.020042e-009
4.635007111080690e-003	1.009561e+001	1.019656e-009
4.641843048580690e-003	1.009193e+001	1.019285e-009
4.648678986080690e-003	1.008839e+001	1.018927e-009
4.655514923580690e-003	1.008498e+001	1.018583e-009
4.662350861080690e-003	1.008170e+001	1.018251e-009
4.669186798580690e-003	1.007853e+001	1.017932e-009
4.676022736080691e-003	1.007549e+001	1.017624e-009
4.682858673580690e-003	1.007255e+001	1.017328e-009
4.689694611080690e-003	1.006973e+001	1.017043e-009
4.696530548580690e-003	1.006701e+001	1.016768e-009
4.703366486080690e-003	1.006439e+001	1.016503e-009
4.710202423580690e-003	1.006186e+001	1.016248e-009
4.717038361080690e-003	1.005943e+001	1.016003e-009
4.723874298580690e-003	1.005709e+001	1.015767e-009
4.730710236080690e-003	1.005484e+001	1.015539e-009
4.737546173580690e-003	1.005267e+001	1.015320e-009
4.744382111080690e-003	1.005058e+001	1.015108e-009
4.751218048580690e-003	1.004857e+001	1.014905e-009
4.758053986080690e-003	1.004663e+001	1.014709e-009
4.764889923580690e-003	1.004476e+001	1.014521e-009
4.771725861080690e-003	1.004296e+001	1.014339e-009
4.778561798580690e-003	1.004123e+001	1.014164e-009
4.785397736080690e-003	1.003956e+001	1.013996e-009
4.792233673580690e-003	1.003795e+001	1.013833e-009
4.799069611080690e-003	1.003641e+001	1.013677e-009
4.805905548580691e-003	1.003492e+001	1.013527e-009
4.812741486080690e-003	1.003348e+001	1.013382e-009
4.819577423580690e-003	1.003210e+001	1.013242e-009
4.826413361080690e-003	1.003077e+001	1.013108e-009
4.833249298580690e-003	1.002949e+001	1.012978e-009
4.840085236080690e-003	1.002825e+001	1.012854e-009
4.846921173580690e-003	1.002706e+001	1.012733e-009
4.853757111080690e-003	1.002592e+001	1.012618e-009
4.860593048580690e-003	1.002482e+001	1.012507e-009
4.867428986080690e-003	1.002375e+001	1.012399e-009
4.874264923580690e-003	1.002273e+001	1.012296e-009
4.881100861080691e-003	1.002175e+001	1.012196e-009
4.887936798580690e-003	1.002080e+001	1.012101e-009
4.894772736080690e-003	1.001988e+001	1.012008e-009
4.901608673580690e-003	1.001900e+001	1.011919e-009
4.908444611080690e-003	1.001816e+001	1.011834e-009
4.915280548580690e-003	1.001734e+001	1.011751e-009
4.922116486080690e-003	1.001656e+001	1.011672e-009
4.928952423580690e-003	1.001580e+001	1.011596e-009
4.935788361080691e-003	1.001507e+001	1.011522e-009
4.942624298580690e-003	1.001437e+001	1.011451e-009
4.949460236080690e-003	1.001369e+001	1.011383e-009
4.956296173580690e-003	1.001304e+001	1.011317e-009
4.963132111080690e-003	1.001241e+001	1.011254e-009
4.969968048580690e-003	1.001181e+001	1.011193e-009
4.976803986080690e-003	1.001123e+001	1.011134e-009
4.983639923580690e-003	1.001067e+001	1.011077e-009
4.990475861080690e-003	1.001013e+001	1.011023e-009
4.993164062500000e-003	1.000992e+001	1.011002e-009
4.994623597161380e-003	1.000981e+001	1.010990e-009
4.997080930677239e-003	1.000962e+001	1.010972e-009
5.000000000000000e-003	1.000941e+001	1.010950e-009
5.005719729573876e-003	1.000900e+001	1.010909e-009
5.012555667073875e-003	1.000852e+001	1.010860e-009
5.019391604573876e-003	1.000806e+001	1.010814e-009
5.026227542073876e-003	1.000762e+001	1.010769e-009
5.033063479573876e-003	1.000719e+001	1.010726e-009
5.039899417073876e-003	1.000678e+001	1.010685e-009
5.046735354573876e-003	1.000638e+001	1.010645e-009
5.053571292073876e-003	1.000600e+001	1.010606e-009
5.060407229573876e-003	1.000563e+001	1.010569e-009
5.067243167073876e-003	1.000528e+001	1.010533e-009
5.080915042073876e-003	1.000461e+001	1.010466e-009
5.087750979573876e-003	1.000430e+001	1.010434e-009
5.094586917073876e-003	1.000399e+001	1.010403e-009
5.101422854573876e-003	1.000370e+001	1.010374e-009
5.108258792073876e-003	1.000342e+001	1.010345e-009
5.115094729573876e-003	1.000315e+001	1.010318e-009
5.121930667073876e-003	1.000288e+001	1.010291e-009
5.128766604573876e-003	1.000263e+001	1.010266e-009
5.135602542073876e-003	1.000239e+001	1.010241e-009
5.142438479573875e-003	1.000216e+001	1.010218e-009
5.149274417073876e-003	1.000193e+001	1.010195e-009
5.156110354573876e-003	1.000171e+001	1.010173e-009
5.169782229573876e-003	1.000130e+001	1.010132e-009
5.176618167073876e-003	1.000111e+001	1.010112e-009
5.183454104573876e-003	1.000092e+001	1.010093e-009
5.190290042073876e-003	1.000074e+001	1.010075e-009
5.197125979573876e-003	1.000057e+001	1.010058e-009
5.203961917073876e-003	1.000040e+001	1.010041e-009
5.210797854573876e-003	1.000024e+001	1.010025e-009
5.217633792073876e-003	1.000009e+001	1.010009e-009
5.224469729573876e-003	9.999941e+000	1.009994e-009
5.231305667073876e-003	9.999797e+000	1.009979e-009
5.238141604573876e-003	9.999659e+000	1.009966e-009
5.244977542073876e-003	9.999526e+000	1.009952e-009
5.258649417073876e-003	9.999275e+000	1.009927e-009
5.272321292073876e-003	9.999042e+000	1.009903e-009
5.285993167073876e-003	9.998826e+000	1.009881e-009
5.292829104573876e-003	9.998724e+000	1.009871e-009
5.299665042073876e-003	9.998625e+000	1.009861e-009
5.306500979573876e-003	9.998530e+000	1.009852e-009
5.313336917073876e-003	9.998440e+000	1.009842e-009
5.320172854573876e-003	9.998352e+000	1.009834e-009
5.333844729573876e-003	9.998185e+000	1.009817e-009
5.347516604573875e-003	9.998032e+000	1.009801e-009
5.361188479573876e-003	9.997889e+000	1.009787e-009
5.374860354573876e-003	9.997756e+000	1.009773e-009
5.395368167073876e-003	9.997575e+000	1.009755e-009
5.409040042073876e-003	9.997465e+000	1.009744e-009
5.422711917073876e-003	9.997363e+000	1.009734e-009
5.436383792073876e-003	9.997269e+000	1.009724e-009
5.456891604573876e-003	9.997140e+000	1.009711e-009
5.499860354573876e-003	9.996931e+000	1.009690e-009
5.542829104573876e-003	9.996749e+000	1.009672e-009
5.585797854573876e-003	9.996596e+000	1.009656e-009
5.628766604573876e-003	9.996472e+000	1.009644e-009
5.671735354573876e-003	9.996375e+000	1.009634e-009
5.714704104573877e-003	9.996307e+000	1.009627e-009
5.757672854573876e-003	9.996266e+000	1.009623e-009
5.850446292073876e-003	9.996201e+000	1.009616e-009
5.943219729573877e-003	9.996148e+000	1.009611e-009
6.035993167073876e-003	9.996108e+000	1.009607e-009
6.128766604573876e-003	9.996079e+000	1.009604e-009
6.221540042073877e-003	9.996063e+000	1.009602e-009
6.314313479573877e-003	9.996058e+000	1.009602e-009
6.407086917073876e-003	9.996066e+000	1.009603e-009
6.988141604573876e-003	9.996059e+000	1.009602e-009
6.994977542073876e-003	9.996059e+000	1.009602e-009
7.000000000000000e-003	9.996059e+000	1.009602e-009
