time	V(vout)	-I(Rl)
0.000000000000000e+000	9.996057e+000	1.009602e-009
1.009638400021875e-003	9.996057e+000	1.009602e-009
2.000000000000000e-003	9.996057e+000	1.009602e-009
2.000000529999590e-003	7.908418e+000	4.576398e-001
2.000001589998769e-003	5.248088e+000	5.248088e-001
2.000001862000899e-003	4.981092e+000	4.981092e-001
2.000001980358680e-003	4.971467e+000	4.971468e-001
2.000002078070206e-003	4.964890e+000	4.964890e-001
2.000002194784508e-003	4.959657e+000	4.959657e-001
2.000002354908928e-003	4.956000e+000	4.956000e-001
2.000002534754268e-003	4.956684e+000	4.956684e-001
2.000002808445113e-003	4.966761e+000	4.966761e-001
2.000003163548974e-003	4.994981e+000	4.994981e-001
2.000003706997489e-003	5.067674e+000	5.067673e-001
2.000004448626458e-003	5.208719e+000	5.208719e-001
2.000005142607840e-003	5.375312e+000	5.375312e-001
2.000005783495758e-003	5.552351e+000	5.552351e-001
2.000006377711299e-003	5.728615e+000	5.728616e-001
2.000007016353029e-003	5.923774e+000	5.923774e-001
2.000007592278977e-003	6.099816e+000	6.099816e-001
2.000008408581956e-003	6.342106e+000	6.342106e-001
2.000009575388411e-003	6.666051e+000	6.666051e-001
2.000010942291822e-003	6.999625e+000	6.999624e-001
2.000012913889279e-003	7.389420e+000	7.389420e-001
2.000015042290443e-003	7.705349e+000	7.705349e-001
2.000016632580809e-003	7.869668e+000	7.869667e-001
2.000018220684349e-003	7.979393e+000	7.979392e-001
2.000020210841306e-003	8.073541e+000	8.073541e-001
2.000021995091366e-003	8.132504e+000	8.132503e-001
2.000023797359552e-003	8.176148e+000	8.176149e-001
2.000025703495461e-003	8.212796e+000	8.212796e-001
2.000027726357805e-003	8.243935e+000	8.243935e-001
2.000030131485396e-003	8.270606e+000	8.270606e-001
2.000031979856263e-003	8.278752e+000	8.278753e-001
2.000034208152598e-003	8.276036e+000	8.276036e-001
2.000036440320212e-003	8.272399e+000	8.272399e-001
2.000038732642700e-003	8.273023e+000	8.273022e-001
2.000041698154549e-003	8.276713e+000	8.276713e-001
2.000045471725930e-003	8.281713e+000	8.281713e-001
2.000049434461229e-003	8.286893e+000	8.286893e-001
2.000053616506551e-003	8.292316e+000	8.292316e-001
2.000057803864753e-003	8.297786e+000	8.297786e-001
2.000062907396120e-003	8.304729e+000	8.304729e-001
2.000068583210980e-003	8.313184e+000	8.313184e-001
2.000073785695704e-003	8.322619e+000	8.322620e-001
2.000082352354909e-003	8.345184e+000	8.345185e-001
2.000093952508053e-003	8.396758e+000	8.396758e-001
2.000104710963331e-003	8.486053e+000	8.486054e-001
2.000116481806520e-003	8.647134e+000	8.647134e-001
2.000122898828936e-003	8.773304e+000	8.773304e-001
2.000127358289636e-003	8.887152e+000	8.887152e-001
2.000133220550517e-003	9.060984e+000	9.060984e-001
2.000135594966760e-003	9.138812e+000	9.138812e-001
2.000137436220908e-003	9.203947e+000	9.203948e-001
2.000139621545956e-003	9.285658e+000	9.285658e-001
2.000142831815439e-003	9.413059e+000	9.413059e-001
2.000146182910145e-003	9.555806e+000	9.555807e-001
2.000149607184828e-003	9.720476e+000	9.720476e-001
2.000153957336027e-003	9.976509e+000	9.976510e-001
2.000158355120641e-003	1.029573e+001	1.029573e+000
2.000161555464218e-003	1.055960e+001	1.055960e+000
2.000163696634267e-003	1.074393e+001	1.074393e+000
2.000165780455615e-003	1.092437e+001	1.092437e+000
2.000169035597997e-003	1.120514e+001	1.120514e+000
2.000170318726471e-003	1.131484e+001	1.131484e+000
2.000171164973086e-003	1.138651e+001	1.138651e+000
2.000171759915501e-003	1.143651e+001	1.143651e+000
2.000172320715665e-003	1.148331e+001	1.148331e+000
2.000172908638297e-003	1.153192e+001	1.153192e+000
2.000173570726637e-003	1.158600e+001	1.158600e+000
2.000174053954702e-003	1.162475e+001	1.162475e+000
2.000174418600425e-003	1.165315e+001	1.165315e+000
2.000174829375072e-003	1.168405e+001	1.168405e+000
2.000175250857010e-003	1.171453e+001	1.171453e+000
2.000176093820886e-003	1.177263e+001	1.177263e+000
2.000176980768959e-003	1.182961e+001	1.182961e+000
2.000178040239256e-003	1.189200e+001	1.189200e+000
2.000179088928345e-003	1.194992e+001	1.194992e+000
2.000179957933332e-003	1.199683e+001	1.199682e+000
2.000180713118932e-003	1.203792e+001	1.203792e+000
2.000181513506759e-003	1.208228e+001	1.208228e+000
2.000182245985719e-003	1.212360e+001	1.212360e+000
2.000183422228626e-003	1.219065e+001	1.219065e+000
2.000185018457358e-003	1.228177e+001	1.228177e+000
2.000186030590808e-003	1.233927e+001	1.233927e+000
2.000187335734343e-003	1.241297e+001	1.241297e+000
2.000188748667809e-003	1.249236e+001	1.249236e+000
2.000191156522501e-003	1.262704e+001	1.262704e+000
2.000193501179929e-003	1.275757e+001	1.275756e+000
2.000197339736086e-003	1.296993e+001	1.296993e+000
2.000201172991131e-003	1.317945e+001	1.317945e+000
2.000208839501222e-003	1.358961e+001	1.358961e+000
2.000216521546876e-003	1.398454e+001	1.398454e+000
2.000227222858675e-003	1.449205e+001	1.449205e+000
2.000245377601919e-003	1.523661e+001	1.523661e+000
2.000269804311283e-003	1.604325e+001	1.604326e+000
2.000292027841806e-003	1.658612e+001	1.658612e+000
2.000323993433649e-003	1.713870e+001	1.713870e+000
2.000352091624772e-003	1.748786e+001	1.748786e+000
2.000380769768621e-003	1.774368e+001	1.774368e+000
2.000411004708236e-003	1.794743e+001	1.794743e+000
2.000434555735276e-003	1.806979e+001	1.806978e+000
2.000464428782245e-003	1.819251e+001	1.819251e+000
2.000485380879903e-003	1.826356e+001	1.826356e+000
2.000500607566864e-003	1.830672e+001	1.830671e+000
2.000519730624378e-003	1.835332e+001	1.835332e+000
2.000538931819877e-003	1.839413e+001	1.839413e+000
2.000554112073272e-003	1.842252e+001	1.842252e+000
2.000564104530346e-003	1.843928e+001	1.843928e+000
2.000573693695679e-003	1.845400e+001	1.845400e+000
2.000583487157621e-003	1.846791e+001	1.846792e+000
2.000593050184499e-003	1.848047e+001	1.848047e+000
2.000603639026369e-003	1.849332e+001	1.849332e+000
2.000613231753586e-003	1.850404e+001	1.850404e+000
2.000623924790324e-003	1.851500e+001	1.851500e+000
2.000635230363544e-003	1.852557e+001	1.852557e+000
2.000647003404439e-003	1.853560e+001	1.853560e+000
2.000655859965999e-003	1.854250e+001	1.854250e+000
2.000663093487988e-003	1.854768e+001	1.854768e+000
2.000670859148814e-003	1.855280e+001	1.855280e+000
2.000679757896207e-003	1.855816e+001	1.855816e+000
2.000688988170602e-003	1.856316e+001	1.856316e+000
2.000698725367469e-003	1.856779e+001	1.856779e+000
2.000708527473469e-003	1.857173e+001	1.857173e+000
2.000718306191814e-003	1.857484e+001	1.857484e+000
2.000727359341813e-003	1.857675e+001	1.857675e+000
2.000735704572712e-003	1.857693e+001	1.857692e+000
2.000745822165549e-003	1.857343e+001	1.857343e+000
2.000751714290328e-003	1.856702e+001	1.856702e+000
2.000756572724762e-003	1.855761e+001	1.855761e+000
2.000761316117017e-003	1.854651e+001	1.854651e+000
2.000765563936598e-003	1.853637e+001	1.853637e+000
2.000770507295802e-003	1.852458e+001	1.852458e+000
2.000776434154861e-003	1.851049e+001	1.851049e+000
2.000783027013319e-003	1.849506e+001	1.849506e+000
2.000791100558139e-003	1.847671e+001	1.847671e+000
2.000800644930208e-003	1.845580e+001	1.845580e+000
2.000812242414142e-003	1.843100e+001	1.843101e+000
2.000824639328540e-003	1.840450e+001	1.840451e+000
2.000841404012489e-003	1.836777e+001	1.836777e+000
2.000860556605380e-003	1.832392e+001	1.832392e+000
2.000883252808409e-003	1.826902e+001	1.826902e+000
2.000910909831614e-003	1.819841e+001	1.819841e+000
2.000946577163379e-003	1.810302e+001	1.810302e+000
2.000983962182406e-003	1.799888e+001	1.799888e+000
2.001013940183993e-003	1.791234e+001	1.791234e+000
2.001048068658241e-003	1.781518e+001	1.781518e+000
2.001064481729478e-003	1.777304e+001	1.777304e+000
2.001085232066213e-003	1.772118e+001	1.772118e+000
2.001106127809778e-003	1.766254e+001	1.766254e+000
2.001125171490689e-003	1.760270e+001	1.760270e+000
2.001157455641125e-003	1.749248e+001	1.749248e+000
2.001197414428514e-003	1.734709e+001	1.734709e+000
2.001234016984433e-003	1.720551e+001	1.720551e+000
2.001283866847075e-003	1.700072e+001	1.700072e+000
2.001339156998341e-003	1.675924e+001	1.675924e+000
2.001402516148197e-003	1.646737e+001	1.646737e+000
2.001498671947952e-003	1.605202e+001	1.605202e+000
2.001533283800048e-003	1.598063e+001	1.598063e+000
2.001555717712620e-003	1.600393e+001	1.600393e+000
2.001572102356448e-003	1.604152e+001	1.604152e+000
2.001580489020907e-003	1.605840e+001	1.605840e+000
2.001588255457421e-003	1.606984e+001	1.606984e+000
2.001595917739121e-003	1.607726e+001	1.607726e+000
2.001605934270379e-003	1.608123e+001	1.608123e+000
2.001622480139078e-003	1.607910e+001	1.607910e+000
2.001636312085543e-003	1.607158e+001	1.607158e+000
2.001647414678399e-003	1.606236e+001	1.606236e+000
2.001659084470666e-003	1.605111e+001	1.605111e+000
2.001668923626806e-003	1.604119e+001	1.604119e+000
2.001677677725725e-003	1.603240e+001	1.603240e+000
2.001686453767599e-003	1.602393e+001	1.602393e+000
2.001696896429841e-003	1.601458e+001	1.601458e+000
2.001710137937254e-003	1.600394e+001	1.600394e+000
2.001722070368744e-003	1.599554e+001	1.599554e+000
2.001731621557679e-003	1.598973e+001	1.598973e+000
2.001740599512590e-003	1.598496e+001	1.598496e+000
2.001749663783426e-003	1.598069e+001	1.598069e+000
2.001760544317999e-003	1.597610e+001	1.597610e+000
2.001775758231292e-003	1.597019e+001	1.597019e+000
2.001795464242648e-003	1.596273e+001	1.596273e+000
2.001816456231024e-003	1.595444e+001	1.595444e+000
2.001838897588093e-003	1.594483e+001	1.594483e+000
2.001860151502428e-003	1.593499e+001	1.593499e+000
2.001884589624108e-003	1.592307e+001	1.592307e+000
2.001907000381858e-003	1.591193e+001	1.591193e+000
2.001935336082622e-003	1.589794e+001	1.589794e+000
2.001967497461881e-003	1.588237e+001	1.588237e+000
2.001997500821852e-003	1.586814e+001	1.586814e+000
2.002034509088334e-003	1.585077e+001	1.585077e+000
2.002071652032338e-003	1.583334e+001	1.583334e+000
2.002136814422427e-003	1.580271e+001	1.580271e+000
2.002204861889943e-003	1.577079e+001	1.577079e+000
2.002273830204877e-003	1.573863e+001	1.573863e+000
2.002377057215981e-003	1.569081e+001	1.569081e+000
2.002487488533672e-003	1.564005e+001	1.564005e+000
2.002708351169054e-003	1.553962e+001	1.553962e+000
2.003351063368864e-003	1.525711e+001	1.525711e+000
2.004206641179828e-003	1.489879e+001	1.489879e+000
2.005206641179828e-003	1.450061e+001	1.450061e+000
2.006206641179828e-003	1.412492e+001	1.412492e+000
2.007206641179828e-003	1.377058e+001	1.377058e+000
2.008206641179828e-003	1.343566e+001	1.343566e+000
2.009206641179828e-003	1.311842e+001	1.311842e+000
2.010206641179828e-003	1.281729e+001	1.281729e+000
2.011206641179828e-003	1.253083e+001	1.253083e+000
2.012206641179828e-003	1.225705e+001	1.225705e+000
2.012950100139873e-003	1.206093e+001	1.206093e+000
2.013337072830591e-003	1.196216e+001	1.196216e+000
2.013580519989339e-003	1.190329e+001	1.190329e+000
2.013751137503329e-003	1.186775e+001	1.186775e+000
2.013958887558438e-003	1.183387e+001	1.183387e+000
2.014057235868473e-003	1.182212e+001	1.182212e+000
2.014146097709347e-003	1.181455e+001	1.181455e+000
2.014251778894326e-003	1.180776e+001	1.180776e+000
2.014382090634322e-003	1.180160e+001	1.180160e+000
2.014539373799816e-003	1.179633e+001	1.179633e+000
2.014739740560594e-003	1.179163e+001	1.179163e+000
2.014948474346944e-003	1.178806e+001	1.178806e+000
2.015166268717434e-003	1.178519e+001	1.178519e+000
2.015533748657418e-003	1.178108e+001	1.178108e+000
2.015887886508055e-003	1.177744e+001	1.177744e+000
2.016450611616024e-003	1.177188e+001	1.177188e+000
2.017300056259716e-003	1.176359e+001	1.176359e+000
2.018300056259715e-003	1.175389e+001	1.175389e+000
2.019300056259716e-003	1.174424e+001	1.174424e+000
2.020300056259716e-003	1.173465e+001	1.173465e+000
2.021300056259716e-003	1.172510e+001	1.172510e+000
2.022300056259716e-003	1.171561e+001	1.171561e+000
2.023300056259716e-003	1.170617e+001	1.170617e+000
2.024300056259716e-003	1.169678e+001	1.169678e+000
2.025300056259716e-003	1.168745e+001	1.168745e+000
2.026300056259716e-003	1.167816e+001	1.167816e+000
2.027300056259716e-003	1.166893e+001	1.166893e+000
2.028300056259715e-003	1.165974e+001	1.165974e+000
2.029300056259716e-003	1.165061e+001	1.165061e+000
2.030300056259716e-003	1.164153e+001	1.164153e+000
2.031300056259716e-003	1.163249e+001	1.163249e+000
2.032300056259716e-003	1.162351e+001	1.162351e+000
2.033300056259716e-003	1.161457e+001	1.161458e+000
2.034300056259716e-003	1.160569e+001	1.160569e+000
2.035300056259716e-003	1.159685e+001	1.159685e+000
2.036300056259716e-003	1.158806e+001	1.158806e+000
2.037300056259716e-003	1.157932e+001	1.157932e+000
2.038300056259716e-003	1.157063e+001	1.157063e+000
2.039300056259716e-003	1.156199e+001	1.156199e+000
2.040300056259716e-003	1.155339e+001	1.155339e+000
2.041300056259715e-003	1.154484e+001	1.154484e+000
2.042300056259716e-003	1.153633e+001	1.153633e+000
2.043300056259716e-003	1.152788e+001	1.152788e+000
2.044300056259716e-003	1.151947e+001	1.151947e+000
2.045300056259716e-003	1.151110e+001	1.151110e+000
2.046300056259716e-003	1.150278e+001	1.150278e+000
2.047300056259716e-003	1.149451e+001	1.149451e+000
2.048300056259716e-003	1.148628e+001	1.148628e+000
2.049300056259716e-003	1.147810e+001	1.147810e+000
2.050300056259716e-003	1.146996e+001	1.146996e+000
2.051300056259716e-003	1.146187e+001	1.146187e+000
2.052300056259716e-003	1.145382e+001	1.145382e+000
2.053300056259716e-003	1.144582e+001	1.144582e+000
2.054300056259715e-003	1.143786e+001	1.143786e+000
2.055300056259716e-003	1.142994e+001	1.142994e+000
2.056300056259716e-003	1.142207e+001	1.142207e+000
2.057300056259716e-003	1.141424e+001	1.141424e+000
2.058300056259716e-003	1.140645e+001	1.140645e+000
2.059300056259716e-003	1.139871e+001	1.139871e+000
2.060300056259716e-003	1.139100e+001	1.139100e+000
2.061300056259716e-003	1.138334e+001	1.138334e+000
2.062300056259716e-003	1.137572e+001	1.137572e+000
2.063300056259716e-003	1.136815e+001	1.136815e+000
2.065300056259716e-003	1.135312e+001	1.135312e+000
2.066300056259716e-003	1.134567e+001	1.134567e+000
2.067300056259715e-003	1.133826e+001	1.133826e+000
2.068300056259716e-003	1.133088e+001	1.133089e+000
2.069300056259716e-003	1.132355e+001	1.132355e+000
2.070300056259716e-003	1.131627e+001	1.131626e+000
2.071300056259716e-003	1.130901e+001	1.130901e+000
2.072300056259716e-003	1.130180e+001	1.130180e+000
2.073300056259716e-003	1.129463e+001	1.129463e+000
2.074300056259716e-003	1.128750e+001	1.128750e+000
2.075300056259716e-003	1.128041e+001	1.128041e+000
2.076300056259716e-003	1.127336e+001	1.127336e+000
2.077300056259715e-003	1.126634e+001	1.126634e+000
2.078300056259716e-003	1.125936e+001	1.125936e+000
2.079300056259716e-003	1.125243e+001	1.125242e+000
2.080300056259716e-003	1.124553e+001	1.124552e+000
2.081300056259716e-003	1.123866e+001	1.123866e+000
2.082300056259716e-003	1.123184e+001	1.123184e+000
2.083300056259716e-003	1.122505e+001	1.122505e+000
2.084300056259716e-003	1.121830e+001	1.121830e+000
2.085300056259716e-003	1.121159e+001	1.121159e+000
2.086300056259716e-003	1.120491e+001	1.120491e+000
2.087300056259716e-003	1.119827e+001	1.119827e+000
2.088300056259716e-003	1.119167e+001	1.119167e+000
2.089300056259716e-003	1.118510e+001	1.118510e+000
2.090300056259715e-003	1.117857e+001	1.117857e+000
2.091300056259716e-003	1.117208e+001	1.117208e+000
2.092300056259716e-003	1.116562e+001	1.116562e+000
2.093300056259716e-003	1.115919e+001	1.115919e+000
2.094300056259716e-003	1.115280e+001	1.115280e+000
2.095300056259716e-003	1.114645e+001	1.114645e+000
2.096300056259716e-003	1.114013e+001	1.114013e+000
2.097300056259716e-003	1.113384e+001	1.113384e+000
2.098300056259716e-003	1.112759e+001	1.112759e+000
2.099300056259716e-003	1.112138e+001	1.112138e+000
2.100300056259716e-003	1.111520e+001	1.111520e+000
2.101300056259716e-003	1.110905e+001	1.110905e+000
2.102300056259716e-003	1.110293e+001	1.110293e+000
2.103300056259715e-003	1.109685e+001	1.109685e+000
2.104300056259716e-003	1.109081e+001	1.109081e+000
2.105300056259716e-003	1.108479e+001	1.108479e+000
2.106300056259716e-003	1.107881e+001	1.107881e+000
2.107300056259716e-003	1.107286e+001	1.107286e+000
2.108300056259716e-003	1.106695e+001	1.106695e+000
2.109300056259716e-003	1.106107e+001	1.106107e+000
2.110300056259716e-003	1.105521e+001	1.105521e+000
2.111300056259716e-003	1.104940e+001	1.104939e+000
2.112300056259716e-003	1.104361e+001	1.104361e+000
2.113300056259716e-003	1.103785e+001	1.103785e+000
2.114300056259716e-003	1.103213e+001	1.103213e+000
2.115300056259716e-003	1.102644e+001	1.102644e+000
2.116300056259715e-003	1.102078e+001	1.102078e+000
2.117300056259716e-003	1.101515e+001	1.101515e+000
2.118300056259716e-003	1.100955e+001	1.100955e+000
2.119300056259716e-003	1.100398e+001	1.100398e+000
2.120300056259716e-003	1.099844e+001	1.099844e+000
2.121300056259716e-003	1.099293e+001	1.099293e+000
2.122300056259716e-003	1.098746e+001	1.098746e+000
2.123300056259716e-003	1.098201e+001	1.098201e+000
2.124300056259716e-003	1.097659e+001	1.097659e+000
2.125300056259716e-003	1.097120e+001	1.097120e+000
2.126300056259715e-003	1.096585e+001	1.096585e+000
2.127300056259716e-003	1.096052e+001	1.096052e+000
2.128300056259716e-003	1.095522e+001	1.095522e+000
2.129300056259716e-003	1.094995e+001	1.094995e+000
2.130300056259716e-003	1.094471e+001	1.094471e+000
2.131300056259716e-003	1.093949e+001	1.093949e+000
2.132300056259716e-003	1.093431e+001	1.093431e+000
2.133300056259716e-003	1.092915e+001	1.092915e+000
2.134300056259716e-003	1.092402e+001	1.092403e+000
2.135300056259716e-003	1.091893e+001	1.091893e+000
2.136300056259716e-003	1.091385e+001	1.091385e+000
2.137300056259716e-003	1.090881e+001	1.090881e+000
2.138300056259716e-003	1.090380e+001	1.090379e+000
2.139300056259715e-003	1.089881e+001	1.089881e+000
2.140300056259716e-003	1.089384e+001	1.089385e+000
2.141300056259716e-003	1.088891e+001	1.088891e+000
2.142300056259716e-003	1.088400e+001	1.088400e+000
2.143300056259716e-003	1.087912e+001	1.087912e+000
2.144300056259716e-003	1.087427e+001	1.087427e+000
2.145300056259716e-003	1.086944e+001	1.086944e+000
2.146300056259716e-003	1.086465e+001	1.086464e+000
2.147300056259716e-003	1.085987e+001	1.085987e+000
2.148300056259716e-003	1.085512e+001	1.085512e+000
2.149300056259716e-003	1.085040e+001	1.085040e+000
2.150300056259716e-003	1.084571e+001	1.084571e+000
2.151300056259716e-003	1.084104e+001	1.084104e+000
2.152300056259715e-003	1.083639e+001	1.083639e+000
2.153300056259716e-003	1.083177e+001	1.083177e+000
2.154300056259716e-003	1.082718e+001	1.082718e+000
2.155300056259716e-003	1.082261e+001	1.082261e+000
2.156300056259716e-003	1.081807e+001	1.081807e+000
2.157300056259716e-003	1.081355e+001	1.081355e+000
2.158300056259716e-003	1.080906e+001	1.080906e+000
2.159300056259716e-003	1.080459e+001	1.080459e+000
2.160300056259716e-003	1.080014e+001	1.080014e+000
2.161300056259716e-003	1.079572e+001	1.079572e+000
2.162300056259715e-003	1.079133e+001	1.079133e+000
2.163300056259716e-003	1.078696e+001	1.078696e+000
2.164300056259716e-003	1.078261e+001	1.078261e+000
2.165300056259715e-003	1.077828e+001	1.077828e+000
2.166300056259716e-003	1.077398e+001	1.077399e+000
2.167300056259716e-003	1.076971e+001	1.076971e+000
2.168300056259716e-003	1.076546e+001	1.076545e+000
2.169300056259716e-003	1.076122e+001	1.076123e+000
2.170300056259716e-003	1.075702e+001	1.075702e+000
2.171300056259716e-003	1.075284e+001	1.075284e+000
2.172300056259716e-003	1.074867e+001	1.074867e+000
2.173300056259716e-003	1.074454e+001	1.074454e+000
2.174300056259716e-003	1.074042e+001	1.074042e+000
2.175300056259715e-003	1.073633e+001	1.073633e+000
2.176300056259716e-003	1.073226e+001	1.073226e+000
2.177300056259716e-003	1.072821e+001	1.072821e+000
2.178300056259716e-003	1.072419e+001	1.072419e+000
2.179300056259716e-003	1.072018e+001	1.072018e+000
2.180300056259716e-003	1.071620e+001	1.071620e+000
2.181300056259716e-003	1.071224e+001	1.071224e+000
2.182300056259716e-003	1.070830e+001	1.070830e+000
2.183300056259716e-003	1.070439e+001	1.070439e+000
2.184300056259716e-003	1.070049e+001	1.070049e+000
2.185300056259716e-003	1.069662e+001	1.069662e+000
2.186300056259716e-003	1.069277e+001	1.069277e+000
2.187300056259716e-003	1.068894e+001	1.068894e+000
2.188300056259715e-003	1.068513e+001	1.068513e+000
2.189300056259716e-003	1.068134e+001	1.068134e+000
2.190300056259716e-003	1.067757e+001	1.067757e+000
2.191300056259716e-003	1.067382e+001	1.067382e+000
2.192300056259716e-003	1.067009e+001	1.067009e+000
2.193300056259716e-003	1.066639e+001	1.066639e+000
2.194300056259716e-003	1.066270e+001	1.066270e+000
2.195300056259716e-003	1.065903e+001	1.065903e+000
2.196300056259716e-003	1.065539e+001	1.065539e+000
2.197300056259716e-003	1.065176e+001	1.065176e+000
2.198300056259716e-003	1.064816e+001	1.064816e+000
2.199300056259716e-003	1.064457e+001	1.064457e+000
2.200300056259716e-003	1.064100e+001	1.064100e+000
2.201300056259715e-003	1.063746e+001	1.063746e+000
2.202300056259716e-003	1.063393e+001	1.063393e+000
2.203300056259716e-003	1.063042e+001	1.063042e+000
2.204300056259716e-003	1.062693e+001	1.062693e+000
2.205300056259716e-003	1.062346e+001	1.062346e+000
2.206300056259716e-003	1.062001e+001	1.062001e+000
2.207300056259716e-003	1.061658e+001	1.061658e+000
2.208300056259716e-003	1.061317e+001	1.061316e+000
2.209300056259716e-003	1.060977e+001	1.060977e+000
2.210300056259716e-003	1.060640e+001	1.060640e+000
2.211300056259715e-003	1.060304e+001	1.060304e+000
2.212300056259716e-003	1.059970e+001	1.059970e+000
2.213300056259716e-003	1.059638e+001	1.059638e+000
2.214300056259715e-003	1.059308e+001	1.059308e+000
2.215300056259716e-003	1.058979e+001	1.058979e+000
2.216300056259716e-003	1.058653e+001	1.058653e+000
2.217300056259716e-003	1.058328e+001	1.058328e+000
2.218300056259716e-003	1.058005e+001	1.058005e+000
2.219300056259716e-003	1.057683e+001	1.057683e+000
2.220300056259716e-003	1.057364e+001	1.057364e+000
2.221300056259716e-003	1.057046e+001	1.057046e+000
2.223300056259716e-003	1.056416e+001	1.056416e+000
2.224300056259715e-003	1.056103e+001	1.056103e+000
2.225300056259716e-003	1.055792e+001	1.055792e+000
2.226300056259716e-003	1.055483e+001	1.055483e+000
2.227300056259716e-003	1.055176e+001	1.055176e+000
2.228300056259716e-003	1.054870e+001	1.054870e+000
2.229300056259716e-003	1.054566e+001	1.054566e+000
2.230300056259716e-003	1.054264e+001	1.054264e+000
2.231300056259716e-003	1.053963e+001	1.053963e+000
2.232300056259716e-003	1.053664e+001	1.053664e+000
2.233300056259716e-003	1.053366e+001	1.053366e+000
2.234300056259716e-003	1.053070e+001	1.053071e+000
2.235300056259716e-003	1.052776e+001	1.052776e+000
2.236300056259716e-003	1.052484e+001	1.052484e+000
2.237300056259715e-003	1.052193e+001	1.052193e+000
2.238300056259716e-003	1.051903e+001	1.051903e+000
2.239300056259716e-003	1.051615e+001	1.051615e+000
2.240300056259716e-003	1.051329e+001	1.051329e+000
2.241300056259716e-003	1.051045e+001	1.051045e+000
2.242300056259716e-003	1.050762e+001	1.050761e+000
2.243300056259716e-003	1.050480e+001	1.050480e+000
2.244300056259716e-003	1.050200e+001	1.050200e+000
2.245300056259716e-003	1.049922e+001	1.049922e+000
2.246300056259716e-003	1.049645e+001	1.049645e+000
2.247300056259716e-003	1.049369e+001	1.049369e+000
2.248300056259716e-003	1.049095e+001	1.049095e+000
2.249300056259716e-003	1.048823e+001	1.048823e+000
2.250300056259715e-003	1.048552e+001	1.048552e+000
2.251300056259716e-003	1.048283e+001	1.048283e+000
2.252300056259716e-003	1.048015e+001	1.048015e+000
2.253300056259716e-003	1.047748e+001	1.047748e+000
2.254300056259716e-003	1.047483e+001	1.047483e+000
2.255300056259716e-003	1.047219e+001	1.047220e+000
2.256300056259716e-003	1.046957e+001	1.046957e+000
2.257300056259716e-003	1.046697e+001	1.046697e+000
2.258300056259716e-003	1.046437e+001	1.046438e+000
2.259300056259716e-003	1.046180e+001	1.046180e+000
2.260300056259715e-003	1.045923e+001	1.045923e+000
2.261300056259716e-003	1.045668e+001	1.045668e+000
2.262300056259716e-003	1.045415e+001	1.045415e+000
2.263300056259715e-003	1.045162e+001	1.045162e+000
2.264300056259716e-003	1.044912e+001	1.044912e+000
2.265300056259716e-003	1.044662e+001	1.044662e+000
2.266300056259716e-003	1.044414e+001	1.044414e+000
2.267300056259716e-003	1.044167e+001	1.044167e+000
2.268300056259716e-003	1.043922e+001	1.043922e+000
2.269300056259716e-003	1.043678e+001	1.043678e+000
2.270300056259716e-003	1.043435e+001	1.043435e+000
2.271300056259716e-003	1.043194e+001	1.043194e+000
2.272300056259716e-003	1.042954e+001	1.042954e+000
2.273300056259715e-003	1.042715e+001	1.042715e+000
2.274300056259716e-003	1.042478e+001	1.042478e+000
2.275300056259716e-003	1.042242e+001	1.042242e+000
2.276300056259716e-003	1.042007e+001	1.042007e+000
2.277300056259716e-003	1.041773e+001	1.041773e+000
2.278300056259716e-003	1.041541e+001	1.041541e+000
2.279300056259716e-003	1.041310e+001	1.041310e+000
2.280300056259716e-003	1.041080e+001	1.041080e+000
2.281300056259716e-003	1.040852e+001	1.040852e+000
2.282300056259716e-003	1.040625e+001	1.040625e+000
2.283300056259716e-003	1.040399e+001	1.040399e+000
2.284300056259716e-003	1.040174e+001	1.040174e+000
2.285300056259716e-003	1.039951e+001	1.039951e+000
2.286300056259715e-003	1.039729e+001	1.039729e+000
2.287300056259716e-003	1.039507e+001	1.039508e+000
2.288300056259716e-003	1.039288e+001	1.039288e+000
2.289300056259716e-003	1.039069e+001	1.039069e+000
2.290300056259716e-003	1.038852e+001	1.038852e+000
2.291300056259716e-003	1.038636e+001	1.038635e+000
2.292300056259716e-003	1.038420e+001	1.038420e+000
2.293300056259716e-003	1.038207e+001	1.038207e+000
2.294300056259716e-003	1.037994e+001	1.037994e+000
2.295300056259716e-003	1.037782e+001	1.037783e+000
2.296300056259716e-003	1.037572e+001	1.037572e+000
2.297300056259716e-003	1.037363e+001	1.037363e+000
2.298300056259716e-003	1.037155e+001	1.037155e+000
2.299300056259715e-003	1.036948e+001	1.036948e+000
2.300300056259716e-003	1.036742e+001	1.036742e+000
2.301300056259716e-003	1.036538e+001	1.036538e+000
2.302300056259716e-003	1.036334e+001	1.036334e+000
2.303300056259716e-003	1.036132e+001	1.036132e+000
2.304300056259716e-003	1.035930e+001	1.035930e+000
2.305300056259716e-003	1.035730e+001	1.035730e+000
2.306300056259716e-003	1.035531e+001	1.035531e+000
2.308300056259716e-003	1.035136e+001	1.035136e+000
2.309300056259715e-003	1.034941e+001	1.034940e+000
2.310300056259716e-003	1.034746e+001	1.034746e+000
2.311300056259716e-003	1.034552e+001	1.034552e+000
2.312300056259715e-003	1.034359e+001	1.034359e+000
2.313300056259716e-003	1.034168e+001	1.034168e+000
2.314300056259716e-003	1.033977e+001	1.033977e+000
2.315300056259716e-003	1.033788e+001	1.033788e+000
2.316300056259716e-003	1.033599e+001	1.033599e+000
2.317300056259716e-003	1.033412e+001	1.033412e+000
2.318300056259716e-003	1.033226e+001	1.033226e+000
2.319300056259716e-003	1.033040e+001	1.033040e+000
2.320300056259716e-003	1.032856e+001	1.032856e+000
2.321300056259716e-003	1.032673e+001	1.032673e+000
2.322300056259715e-003	1.032490e+001	1.032490e+000
2.323300056259716e-003	1.032309e+001	1.032309e+000
2.324300056259716e-003	1.032129e+001	1.032129e+000
2.325300056259716e-003	1.031949e+001	1.031950e+000
2.326300056259716e-003	1.031771e+001	1.031771e+000
2.327300056259716e-003	1.031594e+001	1.031594e+000
2.328300056259716e-003	1.031417e+001	1.031417e+000
2.329300056259716e-003	1.031242e+001	1.031242e+000
2.330300056259716e-003	1.031067e+001	1.031067e+000
2.331300056259716e-003	1.030894e+001	1.030894e+000
2.332300056259716e-003	1.030721e+001	1.030721e+000
2.333300056259716e-003	1.030550e+001	1.030550e+000
2.334300056259716e-003	1.030379e+001	1.030379e+000
2.335300056259715e-003	1.030209e+001	1.030210e+000
2.336300056259716e-003	1.030041e+001	1.030041e+000
2.337300056259716e-003	1.029873e+001	1.029873e+000
2.338300056259716e-003	1.029706e+001	1.029706e+000
2.339300056259716e-003	1.029540e+001	1.029540e+000
2.340300056259716e-003	1.029375e+001	1.029375e+000
2.341300056259716e-003	1.029210e+001	1.029211e+000
2.342300056259716e-003	1.029047e+001	1.029047e+000
2.343300056259716e-003	1.028885e+001	1.028885e+000
2.344300056259716e-003	1.028723e+001	1.028723e+000
2.345300056259716e-003	1.028563e+001	1.028563e+000
2.346300056259716e-003	1.028403e+001	1.028403e+000
2.347300056259716e-003	1.028244e+001	1.028244e+000
2.348300056259715e-003	1.028086e+001	1.028086e+000
2.349300056259716e-003	1.027929e+001	1.027929e+000
2.350300056259716e-003	1.027773e+001	1.027773e+000
2.351300056259716e-003	1.027617e+001	1.027617e+000
2.352300056259716e-003	1.027463e+001	1.027462e+000
2.353300056259716e-003	1.027309e+001	1.027309e+000
2.354300056259716e-003	1.027156e+001	1.027156e+000
2.355300056259716e-003	1.027004e+001	1.027004e+000
2.356300056259716e-003	1.026853e+001	1.026853e+000
2.357300056259716e-003	1.026702e+001	1.026702e+000
2.358300056259715e-003	1.026553e+001	1.026553e+000
2.359300056259716e-003	1.026404e+001	1.026404e+000
2.360300056259716e-003	1.026256e+001	1.026256e+000
2.361300056259715e-003	1.026109e+001	1.026109e+000
2.362300056259716e-003	1.025963e+001	1.025963e+000
2.363300056259716e-003	1.025817e+001	1.025817e+000
2.364300056259716e-003	1.025673e+001	1.025673e+000
2.365300056259716e-003	1.025529e+001	1.025529e+000
2.366300056259716e-003	1.025386e+001	1.025385e+000
2.367300056259716e-003	1.025243e+001	1.025243e+000
2.368300056259716e-003	1.025102e+001	1.025102e+000
2.369300056259716e-003	1.024961e+001	1.024961e+000
2.370300056259716e-003	1.024821e+001	1.024821e+000
2.371300056259715e-003	1.024682e+001	1.024682e+000
2.372300056259716e-003	1.024543e+001	1.024543e+000
2.373300056259716e-003	1.024405e+001	1.024405e+000
2.374300056259716e-003	1.024269e+001	1.024269e+000
2.375300056259716e-003	1.024132e+001	1.024132e+000
2.376300056259716e-003	1.023997e+001	1.023997e+000
2.377300056259716e-003	1.023862e+001	1.023862e+000
2.378300056259716e-003	1.023728e+001	1.023728e+000
2.379300056259716e-003	1.023595e+001	1.023595e+000
2.381300056259716e-003	1.023331e+001	1.023331e+000
2.382300056259716e-003	1.023200e+001	1.023200e+000
2.383300056259716e-003	1.023069e+001	1.023069e+000
2.384300056259715e-003	1.022940e+001	1.022940e+000
2.385300056259716e-003	1.022811e+001	1.022811e+000
2.386300056259716e-003	1.022683e+001	1.022683e+000
2.387300056259716e-003	1.022555e+001	1.022555e+000
2.388300056259716e-003	1.022428e+001	1.022428e+000
2.389300056259716e-003	1.022302e+001	1.022302e+000
2.390300056259716e-003	1.022177e+001	1.022177e+000
2.391300056259716e-003	1.022052e+001	1.022052e+000
2.393300056259716e-003	1.021805e+001	1.021805e+000
2.394300056259715e-003	1.021682e+001	1.021682e+000
2.395300056259716e-003	1.021560e+001	1.021560e+000
2.396300056259716e-003	1.021439e+001	1.021439e+000
2.397300056259715e-003	1.021318e+001	1.021318e+000
2.398300056259716e-003	1.021198e+001	1.021198e+000
2.399300056259716e-003	1.021079e+001	1.021079e+000
2.400300056259716e-003	1.020960e+001	1.020960e+000
2.401300056259716e-003	1.020842e+001	1.020842e+000
2.402300056259716e-003	1.020724e+001	1.020725e+000
2.403300056259716e-003	1.020608e+001	1.020608e+000
2.404300056259716e-003	1.020492e+001	1.020492e+000
2.405300056259716e-003	1.020376e+001	1.020376e+000
2.406300056259716e-003	1.020261e+001	1.020261e+000
2.407300056259715e-003	1.020147e+001	1.020147e+000
2.408300056259716e-003	1.020034e+001	1.020034e+000
2.409300056259716e-003	1.019921e+001	1.019921e+000
2.410300056259715e-003	1.019808e+001	1.019808e+000
2.411300056259716e-003	1.019697e+001	1.019696e+000
2.412300056259716e-003	1.019585e+001	1.019585e+000
2.413300056259716e-003	1.019475e+001	1.019475e+000
2.414300056259716e-003	1.019365e+001	1.019365e+000
2.415300056259716e-003	1.019256e+001	1.019256e+000
2.416300056259716e-003	1.019147e+001	1.019147e+000
2.417300056259716e-003	1.019039e+001	1.019039e+000
2.418300056259716e-003	1.018931e+001	1.018931e+000
2.419300056259716e-003	1.018824e+001	1.018824e+000
2.420300056259715e-003	1.018718e+001	1.018718e+000
2.421300056259716e-003	1.018612e+001	1.018612e+000
2.422300056259716e-003	1.018507e+001	1.018507e+000
2.423300056259716e-003	1.018403e+001	1.018403e+000
2.424300056259716e-003	1.018299e+001	1.018299e+000
2.425300056259716e-003	1.018195e+001	1.018195e+000
2.426300056259716e-003	1.018092e+001	1.018092e+000
2.427300056259716e-003	1.017990e+001	1.017990e+000
2.428300056259716e-003	1.017888e+001	1.017888e+000
2.429300056259716e-003	1.017787e+001	1.017787e+000
2.430300056259716e-003	1.017686e+001	1.017686e+000
2.431300056259716e-003	1.017586e+001	1.017586e+000
2.432300056259716e-003	1.017487e+001	1.017487e+000
2.433300056259715e-003	1.017388e+001	1.017388e+000
2.434300056259716e-003	1.017289e+001	1.017289e+000
2.435300056259716e-003	1.017192e+001	1.017192e+000
2.436300056259716e-003	1.017094e+001	1.017094e+000
2.437300056259716e-003	1.016997e+001	1.016997e+000
2.438300056259716e-003	1.016901e+001	1.016901e+000
2.439300056259716e-003	1.016805e+001	1.016805e+000
2.440300056259716e-003	1.016710e+001	1.016710e+000
2.442300056259716e-003	1.016521e+001	1.016521e+000
2.443300056259715e-003	1.016427e+001	1.016427e+000
2.444300056259716e-003	1.016334e+001	1.016334e+000
2.445300056259716e-003	1.016242e+001	1.016242e+000
2.446300056259715e-003	1.016149e+001	1.016149e+000
2.447300056259716e-003	1.016058e+001	1.016058e+000
2.448300056259716e-003	1.015967e+001	1.015967e+000
2.449300056259716e-003	1.015876e+001	1.015876e+000
2.450300056259716e-003	1.015786e+001	1.015786e+000
2.451300056259716e-003	1.015696e+001	1.015696e+000
2.452300056259716e-003	1.015607e+001	1.015607e+000
2.454300056259716e-003	1.015430e+001	1.015430e+000
2.455300056259716e-003	1.015342e+001	1.015342e+000
2.456300056259715e-003	1.015255e+001	1.015255e+000
2.457300056259716e-003	1.015168e+001	1.015168e+000
2.458300056259716e-003	1.015082e+001	1.015082e+000
2.459300056259715e-003	1.014996e+001	1.014996e+000
2.460300056259716e-003	1.014911e+001	1.014911e+000
2.461300056259716e-003	1.014826e+001	1.014826e+000
2.462300056259716e-003	1.014742e+001	1.014742e+000
2.463300056259716e-003	1.014658e+001	1.014658e+000
2.464300056259716e-003	1.014574e+001	1.014575e+000
2.466300056259716e-003	1.014409e+001	1.014409e+000
2.467300056259716e-003	1.014327e+001	1.014327e+000
2.468300056259716e-003	1.014245e+001	1.014245e+000
2.469300056259715e-003	1.014164e+001	1.014164e+000
2.470300056259716e-003	1.014083e+001	1.014083e+000
2.471300056259716e-003	1.014003e+001	1.014003e+000
2.472300056259716e-003	1.013923e+001	1.013923e+000
2.473300056259716e-003	1.013844e+001	1.013844e+000
2.474300056259716e-003	1.013765e+001	1.013765e+000
2.475300056259716e-003	1.013686e+001	1.013686e+000
2.476300056259716e-003	1.013608e+001	1.013608e+000
2.478300056259716e-003	1.013453e+001	1.013453e+000
2.479300056259716e-003	1.013376e+001	1.013376e+000
2.480300056259716e-003	1.013300e+001	1.013300e+000
2.481300056259716e-003	1.013224e+001	1.013224e+000
2.482300056259715e-003	1.013148e+001	1.013148e+000
2.483300056259716e-003	1.013073e+001	1.013073e+000
2.484300056259716e-003	1.012998e+001	1.012998e+000
2.485300056259716e-003	1.012924e+001	1.012924e+000
2.486300056259716e-003	1.012850e+001	1.012850e+000
2.487300056259716e-003	1.012776e+001	1.012776e+000
2.488300056259716e-003	1.012703e+001	1.012703e+000
2.491300056259716e-003	1.012486e+001	1.012486e+000
2.492300056259715e-003	1.012414e+001	1.012414e+000
2.493300056259716e-003	1.012343e+001	1.012343e+000
2.494300056259716e-003	1.012273e+001	1.012273e+000
2.495300056259715e-003	1.012202e+001	1.012202e+000
2.496300056259716e-003	1.012132e+001	1.012132e+000
2.497300056259716e-003	1.012063e+001	1.012063e+000
2.498300056259716e-003	1.011993e+001	1.011993e+000
2.499300056259716e-003	1.011925e+001	1.011925e+000
2.500300056259716e-003	1.011856e+001	1.011856e+000
2.503300056259716e-003	1.011653e+001	1.011653e+000
2.504300056259716e-003	1.011586e+001	1.011586e+000
2.505300056259715e-003	1.011519e+001	1.011519e+000
2.506300056259716e-003	1.011453e+001	1.011453e+000
2.507300056259716e-003	1.011387e+001	1.011387e+000
2.508300056259715e-003	1.011322e+001	1.011322e+000
2.509300056259716e-003	1.011257e+001	1.011257e+000
2.510300056259716e-003	1.011192e+001	1.011192e+000
2.511300056259716e-003	1.011127e+001	1.011127e+000
2.512300056259716e-003	1.011063e+001	1.011063e+000
2.515300056259716e-003	1.010873e+001	1.010873e+000
2.516300056259716e-003	1.010810e+001	1.010810e+000
2.517300056259716e-003	1.010748e+001	1.010748e+000
2.518300056259715e-003	1.010686e+001	1.010686e+000
2.519300056259716e-003	1.010624e+001	1.010624e+000
2.520300056259716e-003	1.010563e+001	1.010563e+000
2.521300056259716e-003	1.010502e+001	1.010502e+000
2.522300056259716e-003	1.010441e+001	1.010441e+000
2.523300056259716e-003	1.010381e+001	1.010381e+000
2.524300056259716e-003	1.010321e+001	1.010321e+000
2.527300056259716e-003	1.010143e+001	1.010143e+000
2.528300056259716e-003	1.010084e+001	1.010084e+000
2.529300056259716e-003	1.010026e+001	1.010026e+000
2.530300056259716e-003	1.009968e+001	1.009968e+000
2.531300056259715e-003	1.009910e+001	1.009910e+000
2.532300056259716e-003	1.009853e+001	1.009853e+000
2.533300056259716e-003	1.009796e+001	1.009796e+000
2.534300056259716e-003	1.009739e+001	1.009739e+000
2.535300056259716e-003	1.009682e+001	1.009682e+000
2.536300056259716e-003	1.009626e+001	1.009626e+000
2.540300056259716e-003	1.009405e+001	1.009405e+000
2.541300056259715e-003	1.009350e+001	1.009350e+000
2.542300056259716e-003	1.009296e+001	1.009296e+000
2.543300056259716e-003	1.009242e+001	1.009242e+000
2.544300056259715e-003	1.009188e+001	1.009188e+000
2.545300056259716e-003	1.009134e+001	1.009134e+000
2.546300056259716e-003	1.009081e+001	1.009081e+000
2.547300056259716e-003	1.009028e+001	1.009028e+000
2.548300056259716e-003	1.008976e+001	1.008976e+000
2.549014341974001e-003	1.008938e+001	1.008938e+000
2.549728627688287e-003	1.008901e+001	1.008901e+000
2.550442913402573e-003	1.008864e+001	1.008864e+000
2.551157199116859e-003	1.008827e+001	1.008827e+000
2.551871484831144e-003	1.008790e+001	1.008790e+000
2.552585770545430e-003	1.008754e+001	1.008754e+000
2.553300056259716e-003	1.008717e+001	1.008717e+000
2.554300056259715e-003	1.008666e+001	1.008666e+000
2.555300056259716e-003	1.008616e+001	1.008616e+000
2.556300056259716e-003	1.008566e+001	1.008566e+000
2.557300056259715e-003	1.008515e+001	1.008515e+000
2.558300056259716e-003	1.008466e+001	1.008466e+000
2.559300056259716e-003	1.008416e+001	1.008416e+000
2.561300056259716e-003	1.008318e+001	1.008318e+000
2.564300056259716e-003	1.008173e+001	1.008173e+000
2.565300056259716e-003	1.008125e+001	1.008125e+000
2.566300056259716e-003	1.008077e+001	1.008077e+000
2.567300056259715e-003	1.008030e+001	1.008030e+000
2.568300056259716e-003	1.007983e+001	1.007983e+000
2.569300056259716e-003	1.007936e+001	1.007936e+000
2.570300056259715e-003	1.007889e+001	1.007890e+000
2.571300056259716e-003	1.007843e+001	1.007843e+000
2.573300056259716e-003	1.007751e+001	1.007751e+000
2.574014341974002e-003	1.007719e+001	1.007719e+000
2.574728627688287e-003	1.007686e+001	1.007686e+000
2.575442913402573e-003	1.007654e+001	1.007654e+000
2.576157199116858e-003	1.007622e+001	1.007622e+000
2.576871484831144e-003	1.007590e+001	1.007590e+000
2.577585770545430e-003	1.007558e+001	1.007558e+000
2.578300056259716e-003	1.007526e+001	1.007526e+000
2.579300056259716e-003	1.007482e+001	1.007482e+000
2.580300056259715e-003	1.007438e+001	1.007437e+000
2.581300056259716e-003	1.007394e+001	1.007394e+000
2.582300056259716e-003	1.007350e+001	1.007350e+000
2.584300056259716e-003	1.007264e+001	1.007264e+000
2.585157199116858e-003	1.007227e+001	1.007227e+000
2.586014341974001e-003	1.007190e+001	1.007190e+000
2.586871484831144e-003	1.007154e+001	1.007154e+000
2.587728627688287e-003	1.007117e+001	1.007118e+000
2.588585770545430e-003	1.007081e+001	1.007081e+000
2.589442913402573e-003	1.007045e+001	1.007046e+000
2.590300056259715e-003	1.007010e+001	1.007010e+000
2.592300056259716e-003	1.006927e+001	1.006927e+000
2.594300056259716e-003	1.006845e+001	1.006845e+000
2.596300056259716e-003	1.006764e+001	1.006764e+000
2.597157199116859e-003	1.006730e+001	1.006730e+000
2.598014341974002e-003	1.006695e+001	1.006695e+000
2.598871484831144e-003	1.006661e+001	1.006661e+000
2.599728627688287e-003	1.006627e+001	1.006627e+000
2.600585770545430e-003	1.006594e+001	1.006594e+000
2.601442913402573e-003	1.006560e+001	1.006560e+000
2.602300056259716e-003	1.006526e+001	1.006526e+000
2.604300056259716e-003	1.006449e+001	1.006449e+000
2.606300056259715e-003	1.006372e+001	1.006372e+000
2.608300056259716e-003	1.006297e+001	1.006297e+000
2.609300056259716e-003	1.006259e+001	1.006259e+000
2.610300056259716e-003	1.006222e+001	1.006222e+000
2.611300056259716e-003	1.006184e+001	1.006184e+000
2.612300056259716e-003	1.006148e+001	1.006148e+000
2.613300056259716e-003	1.006111e+001	1.006111e+000
2.614300056259716e-003	1.006074e+001	1.006074e+000
2.615300056259716e-003	1.006038e+001	1.006038e+000
2.617300056259716e-003	1.005966e+001	1.005966e+000
2.619300056259715e-003	1.005894e+001	1.005894e+000
2.622300056259716e-003	1.005789e+001	1.005789e+000
2.623442913402573e-003	1.005749e+001	1.005749e+000
2.624585770545430e-003	1.005710e+001	1.005710e+000
2.625728627688287e-003	1.005670e+001	1.005670e+000
2.626871484831144e-003	1.005631e+001	1.005631e+000
2.628014341974001e-003	1.005593e+001	1.005593e+000
2.629157199116858e-003	1.005554e+001	1.005554e+000
2.630300056259716e-003	1.005516e+001	1.005516e+000
2.633300056259716e-003	1.005416e+001	1.005416e+000
2.634442913402573e-003	1.005379e+001	1.005379e+000
2.635585770545430e-003	1.005342e+001	1.005342e+000
2.636728627688287e-003	1.005305e+001	1.005305e+000
2.637871484831144e-003	1.005268e+001	1.005268e+000
2.639014341974002e-003	1.005232e+001	1.005232e+000
2.640157199116859e-003	1.005195e+001	1.005195e+000
2.641300056259716e-003	1.005159e+001	1.005159e+000
2.644300056259716e-003	1.005066e+001	1.005066e+000
2.645442913402573e-003	1.005031e+001	1.005031e+000
2.646585770545430e-003	1.004996e+001	1.004996e+000
2.647728627688287e-003	1.004961e+001	1.004961e+000
2.648871484831144e-003	1.004926e+001	1.004926e+000
2.650014341974001e-003	1.004892e+001	1.004892e+000
2.651157199116858e-003	1.004858e+001	1.004858e+000
2.652300056259715e-003	1.004824e+001	1.004824e+000
2.655300056259715e-003	1.004736e+001	1.004736e+000
2.656442913402573e-003	1.004703e+001	1.004703e+000
2.657585770545430e-003	1.004670e+001	1.004670e+000
2.658728627688287e-003	1.004637e+001	1.004637e+000
2.659871484831144e-003	1.004605e+001	1.004604e+000
2.661014341974001e-003	1.004572e+001	1.004572e+000
2.662157199116859e-003	1.004540e+001	1.004540e+000
2.663300056259716e-003	1.004508e+001	1.004508e+000
2.666300056259716e-003	1.004425e+001	1.004425e+000
2.669300056259716e-003	1.004344e+001	1.004344e+000
2.670728627688287e-003	1.004305e+001	1.004305e+000
2.672157199116859e-003	1.004267e+001	1.004267e+000
2.673585770545430e-003	1.004230e+001	1.004230e+000
2.675014341974001e-003	1.004192e+001	1.004192e+000
2.676442913402573e-003	1.004155e+001	1.004155e+000
2.677871484831144e-003	1.004118e+001	1.004118e+000
2.679300056259716e-003	1.004082e+001	1.004082e+000
2.680728627688287e-003	1.004045e+001	1.004045e+000
2.682157199116859e-003	1.004009e+001	1.004009e+000
2.683585770545430e-003	1.003974e+001	1.003974e+000
2.685014341974001e-003	1.003938e+001	1.003938e+000
2.686442913402573e-003	1.003903e+001	1.003903e+000
2.687871484831144e-003	1.003868e+001	1.003868e+000
2.689300056259716e-003	1.003834e+001	1.003834e+000
2.690728627688287e-003	1.003799e+001	1.003799e+000
2.692157199116859e-003	1.003765e+001	1.003765e+000
2.693585770545430e-003	1.003731e+001	1.003731e+000
2.695014341974001e-003	1.003698e+001	1.003698e+000
2.696442913402573e-003	1.003665e+001	1.003665e+000
2.697871484831144e-003	1.003631e+001	1.003631e+000
2.699300056259716e-003	1.003599e+001	1.003599e+000
2.701014341974002e-003	1.003560e+001	1.003560e+000
2.702728627688287e-003	1.003521e+001	1.003521e+000
2.704442913402573e-003	1.003483e+001	1.003483e+000
2.706157199116858e-003	1.003445e+001	1.003445e+000
2.707871484831144e-003	1.003407e+001	1.003407e+000
2.709585770545430e-003	1.003370e+001	1.003370e+000
2.711300056259716e-003	1.003333e+001	1.003333e+000
2.713014341974001e-003	1.003297e+001	1.003297e+000
2.714728627688287e-003	1.003261e+001	1.003261e+000
2.716442913402573e-003	1.003225e+001	1.003225e+000
2.718157199116859e-003	1.003190e+001	1.003190e+000
2.719871484831144e-003	1.003154e+001	1.003154e+000
2.721585770545430e-003	1.003120e+001	1.003120e+000
2.723300056259716e-003	1.003085e+001	1.003085e+000
2.725157199116859e-003	1.003048e+001	1.003048e+000
2.727014341974002e-003	1.003012e+001	1.003012e+000
2.728871484831144e-003	1.002975e+001	1.002975e+000
2.730728627688287e-003	1.002940e+001	1.002939e+000
2.732585770545430e-003	1.002904e+001	1.002904e+000
2.734442913402573e-003	1.002869e+001	1.002869e+000
2.736300056259716e-003	1.002834e+001	1.002834e+000
2.738300056259716e-003	1.002797e+001	1.002797e+000
2.740300056259716e-003	1.002760e+001	1.002760e+000
2.742300056259716e-003	1.002724e+001	1.002724e+000
2.744300056259716e-003	1.002688e+001	1.002688e+000
2.746300056259715e-003	1.002653e+001	1.002653e+000
2.748300056259716e-003	1.002618e+001	1.002618e+000
2.750300056259715e-003	1.002583e+001	1.002583e+000
2.752442913402573e-003	1.002546e+001	1.002546e+000
2.754585770545430e-003	1.002510e+001	1.002510e+000
2.756728627688287e-003	1.002474e+001	1.002474e+000
2.758871484831144e-003	1.002439e+001	1.002438e+000
2.761014341974001e-003	1.002403e+001	1.002403e+000
2.763157199116858e-003	1.002369e+001	1.002369e+000
2.765300056259716e-003	1.002335e+001	1.002335e+000
2.768442913402573e-003	1.002285e+001	1.002285e+000
2.771585770545430e-003	1.002236e+001	1.002237e+000
2.774728627688287e-003	1.002189e+001	1.002189e+000
2.777871484831144e-003	1.002142e+001	1.002142e+000
2.781014341974001e-003	1.002095e+001	1.002095e+000
2.784157199116859e-003	1.002050e+001	1.002050e+000
2.787300056259716e-003	1.002005e+001	1.002005e+000
2.791157199116858e-003	1.001952e+001	1.001952e+000
2.795014341974001e-003	1.001899e+001	1.001899e+000
2.798871484831144e-003	1.001848e+001	1.001848e+000
2.802728627688287e-003	1.001797e+001	1.001797e+000
2.806585770545430e-003	1.001748e+001	1.001748e+000
2.810442913402573e-003	1.001700e+001	1.001700e+000
2.814300056259716e-003	1.001652e+001	1.001652e+000
2.818157199116858e-003	1.001606e+001	1.001606e+000
2.822014341974002e-003	1.001561e+001	1.001561e+000
2.825871484831144e-003	1.001516e+001	1.001516e+000
2.829728627688287e-003	1.001473e+001	1.001473e+000
2.833585770545430e-003	1.001430e+001	1.001430e+000
2.837442913402573e-003	1.001389e+001	1.001389e+000
2.841300056259716e-003	1.001348e+001	1.001348e+000
2.849300056259716e-003	1.001266e+001	1.001266e+000
2.868871484831144e-003	1.001085e+001	1.001085e+000
2.888442913402573e-003	1.000918e+001	1.000918e+000
2.908014341974001e-003	1.000766e+001	1.000766e+000
2.927585770545430e-003	1.000628e+001	1.000628e+000
2.947157199116859e-003	1.000505e+001	1.000505e+000
2.966728627688287e-003	1.000397e+001	1.000397e+000
2.986300056259716e-003	1.000303e+001	1.000304e+000
3.008728627688287e-003	1.000207e+001	1.000207e+000
3.031157199116859e-003	1.000119e+001	1.000119e+000
3.053585770545430e-003	1.000040e+001	1.000040e+000
3.076014341974001e-003	9.999690e+000	9.999691e-001
3.098442913402573e-003	9.999069e+000	9.999070e-001
3.120871484831144e-003	9.998534e+000	9.998535e-001
3.143300056259716e-003	9.998086e+000	9.998085e-001
3.171728627688287e-003	9.997585e+000	9.997585e-001
3.200157199116858e-003	9.997137e+000	9.997138e-001
3.228585770545430e-003	9.996742e+000	9.996742e-001
3.257014341974001e-003	9.996399e+000	9.996400e-001
3.285442913402573e-003	9.996109e+000	9.996109e-001
3.313871484831144e-003	9.995871e+000	9.995871e-001
3.342300056259716e-003	9.995686e+000	9.995686e-001
3.383728627688287e-003	9.995459e+000	9.995459e-001
3.425157199116858e-003	9.995261e+000	9.995262e-001
3.466585770545430e-003	9.995094e+000	9.995094e-001
3.508014341974001e-003	9.994957e+000	9.994957e-001
3.549442913402573e-003	9.994849e+000	9.994849e-001
3.590871484831144e-003	9.994772e+000	9.994772e-001
3.632300056259715e-003	9.994724e+000	9.994724e-001
3.666585770545430e-003	9.994685e+000	9.994685e-001
3.700871484831144e-003	9.994650e+000	9.994650e-001
3.735157199116858e-003	9.994619e+000	9.994620e-001
3.769442913402573e-003	9.994594e+000	9.994594e-001
3.803728627688287e-003	9.994573e+000	9.994573e-001
3.838014341974002e-003	9.994557e+000	9.994557e-001
3.872300056259716e-003	9.994545e+000	9.994545e-001
3.873300056259716e-003	9.994545e+000	9.994545e-001
3.999000000000000e-003	9.994513e+000	9.994513e-001
4.000000000000000e-003	1.087284e+001	4.998419e-001
4.000000244140625e-003	1.153733e+001	3.331466e-001
4.000000732421875e-003	1.390258e+001	1.404160e-009
4.000000845099046e-003	1.430076e+001	1.444376e-009
4.000000886766941e-003	1.441389e+001	1.455803e-009
4.000000917253460e-003	1.449125e+001	1.463617e-009
4.000000953804222e-003	1.457974e+001	1.472554e-009
4.000000983382787e-003	1.464823e+001	1.479471e-009
4.000001019295305e-003	1.472734e+001	1.487462e-009
4.000001058066160e-003	1.480828e+001	1.495637e-009
4.000001111517905e-003	1.491336e+001	1.506249e-009
4.000001172070822e-003	1.502535e+001	1.517561e-009
4.000001233046833e-003	1.513117e+001	1.528248e-009
4.000001310236757e-003	1.525638e+001	1.540894e-009
4.000001408852569e-003	1.540330e+001	1.555733e-009
4.000001579910355e-003	1.563223e+001	1.578855e-009
4.000001765151975e-003	1.585162e+001	1.601014e-009
4.000001932620320e-003	1.602439e+001	1.618463e-009
4.000002150568892e-003	1.621798e+001	1.638016e-009
4.000002479548271e-003	1.646565e+001	1.663031e-009
4.000002909623884e-003	1.673585e+001	1.690321e-009
4.000003339643013e-003	1.696077e+001	1.713038e-009
4.000003745513156e-003	1.714003e+001	1.731143e-009
4.000004131335830e-003	1.728746e+001	1.746034e-009
4.000004495697122e-003	1.740888e+001	1.758297e-009
4.000005010803249e-003	1.755825e+001	1.773384e-009
4.000005572191834e-003	1.769983e+001	1.787682e-009
4.000006074630629e-003	1.780934e+001	1.798743e-009
4.000006621317688e-003	1.791296e+001	1.809209e-009
4.000007160930560e-003	1.800199e+001	1.818201e-009
4.000007898461033e-003	1.810714e+001	1.828821e-009
4.000008704296535e-003	1.820469e+001	1.838674e-009
4.000009931916998e-003	1.832848e+001	1.851177e-009
4.000011220144132e-003	1.843496e+001	1.861931e-009
4.000013145329618e-003	1.856363e+001	1.874927e-009
4.000015252983468e-003	1.867919e+001	1.886598e-009
4.000017746441328e-003	1.879380e+001	1.898174e-009
4.000019997228798e-003	1.888422e+001	1.907306e-009
4.000022324485634e-003	1.896834e+001	1.915802e-009
4.000025270023530e-003	1.906577e+001	1.925642e-009
4.000030804522959e-003	1.923524e+001	1.942760e-009
4.000035842961032e-003	1.937860e+001	1.957239e-009
4.000042635571250e-003	1.955566e+001	1.975122e-009
4.000049143473436e-003	1.970022e+001	1.989723e-009
4.000054295796868e-003	1.977942e+001	1.997722e-009
4.000059647619494e-003	1.982515e+001	2.002340e-009
4.000065199603982e-003	1.985213e+001	2.005065e-009
4.000070824702155e-003	1.987037e+001	2.006908e-009
4.000078153240372e-003	1.988794e+001	2.008681e-009
4.000085061821251e-003	1.990091e+001	2.009992e-009
4.000093588564186e-003	1.991383e+001	2.011297e-009
4.000102657288717e-003	1.992522e+001	2.012447e-009
4.000114168680442e-003	1.993733e+001	2.013671e-009
4.000125652114408e-003	1.994745e+001	2.014693e-009
4.000143624926058e-003	1.996033e+001	2.015994e-009
4.000169955324795e-003	1.997533e+001	2.017508e-009
4.000197077165793e-003	1.998706e+001	2.018693e-009
4.000230644964899e-003	1.999833e+001	2.019831e-009
4.000251614722028e-003	2.000471e+001	2.020475e-009
4.000269560118506e-003	2.001001e+001	2.021011e-009
4.000289854652760e-003	2.001517e+001	2.021532e-009
4.000311439609307e-003	2.001928e+001	2.021947e-009
4.000329509874521e-003	2.002180e+001	2.022202e-009
4.000343346117933e-003	2.002328e+001	2.022351e-009
4.000358707373993e-003	2.002460e+001	2.022485e-009
4.000374951721297e-003	2.002575e+001	2.022601e-009
4.000395099089870e-003	2.002691e+001	2.022718e-009
4.000406409732684e-003	2.002745e+001	2.022772e-009
4.000417252154624e-003	2.002788e+001	2.022815e-009
4.000429236553263e-003	2.002827e+001	2.022855e-009
4.000441769276994e-003	2.002861e+001	2.022889e-009
4.000455104248672e-003	2.002889e+001	2.022918e-009
4.000469250302678e-003	2.002911e+001	2.022940e-009
4.000484447580250e-003	2.002926e+001	2.022956e-009
4.000500814101175e-003	2.002935e+001	2.022964e-009
4.000516201128083e-003	2.002935e+001	2.022964e-009
4.000531578526973e-003	2.002929e+001	2.022958e-009
4.000546975001184e-003	2.002916e+001	2.022945e-009
4.000563230600568e-003	2.002897e+001	2.022926e-009
4.000580047290195e-003	2.002872e+001	2.022901e-009
4.000598263935918e-003	2.002839e+001	2.022867e-009
4.000618699095412e-003	2.002794e+001	2.022822e-009
4.000643485664457e-003	2.002734e+001	2.022761e-009
4.000658248576376e-003	2.002694e+001	2.022721e-009
4.000672718504157e-003	2.002651e+001	2.022678e-009
4.000690804181989e-003	2.002595e+001	2.022621e-009
4.000709214611553e-003	2.002534e+001	2.022560e-009
4.000732188376694e-003	2.002454e+001	2.022479e-009
4.000758687846664e-003	2.002355e+001	2.022379e-009
4.000798112649836e-003	2.002198e+001	2.022220e-009
4.000840486623426e-003	2.002017e+001	2.022037e-009
4.000890193063315e-003	2.001789e+001	2.021807e-009
4.000944024644421e-003	2.001523e+001	2.021538e-009
4.001023047676514e-003	2.001091e+001	2.021102e-009
4.001160001476723e-003	2.000238e+001	2.020241e-009
4.001301893423573e-003	1.999115e+001	2.019106e-009
4.001585677317273e-003	1.995904e+001	2.015863e-009
4.001878313420273e-003	1.990769e+001	2.010677e-009
4.002217499922010e-003	1.981895e+001	2.001714e-009
4.002564197132796e-003	1.969741e+001	1.989439e-009
4.002925439427152e-003	1.954133e+001	1.973675e-009
4.003287625465571e-003	1.936222e+001	1.955584e-009
4.003449160126664e-003	1.927501e+001	1.946777e-009
4.003564639999433e-003	1.920922e+001	1.940131e-009
4.003667578264303e-003	1.914896e+001	1.934045e-009
4.003756103760571e-003	1.909603e+001	1.928699e-009
4.003853884401548e-003	1.903598e+001	1.922634e-009
4.004039554152795e-003	1.891785e+001	1.910703e-009
4.004241946709360e-003	1.878284e+001	1.897066e-009
4.004439703803655e-003	1.864080e+001	1.882721e-009
4.004796570298202e-003	1.835935e+001	1.854294e-009
4.005284469671262e-003	1.793892e+001	1.811831e-009
4.005775883986111e-003	1.748683e+001	1.766170e-009
4.006558551752774e-003	1.675359e+001	1.692113e-009
4.007399703206455e-003	1.600170e+001	1.616172e-009
4.008215785586505e-003	1.534846e+001	1.550194e-009
4.008550140360874e-003	1.513667e+001	1.528804e-009
4.008796359094956e-003	1.502371e+001	1.517395e-009
4.008901288196341e-003	1.498458e+001	1.513443e-009
4.009038967538390e-003	1.493644e+001	1.508581e-009
4.009130117122666e-003	1.490485e+001	1.505390e-009
4.009236544294910e-003	1.486824e+001	1.501692e-009
4.009363612455389e-003	1.482479e+001	1.497304e-009
4.009483784798981e-003	1.478405e+001	1.493189e-009
4.009724129486168e-003	1.470338e+001	1.485041e-009
4.009970441250044e-003	1.462177e+001	1.476799e-009
4.010317705105852e-003	1.450890e+001	1.465399e-009
4.010912332289796e-003	1.432100e+001	1.446421e-009
4.011885567141993e-003	1.402465e+001	1.416490e-009
4.012885567141992e-003	1.373330e+001	1.387063e-009
4.013885567141992e-003	1.345484e+001	1.358939e-009
4.014659949466468e-003	1.324726e+001	1.337974e-009
4.015041895116858e-003	1.314935e+001	1.328085e-009
4.015292879550975e-003	1.309112e+001	1.322203e-009
4.015474744627134e-003	1.305676e+001	1.318733e-009
4.015616641012315e-003	1.303675e+001	1.316711e-009
4.015719185846681e-003	1.302632e+001	1.315658e-009
4.015850499016750e-003	1.301668e+001	1.314685e-009
4.016003201338343e-003	1.300858e+001	1.313866e-009
4.016197559396308e-003	1.300121e+001	1.313122e-009
4.016390474985944e-003	1.299581e+001	1.312576e-009
4.016632261731344e-003	1.299048e+001	1.312038e-009
4.016864420551838e-003	1.298608e+001	1.311594e-009
4.017220279747808e-003	1.297990e+001	1.310970e-009
4.017597541576518e-003	1.297361e+001	1.310334e-009
4.018352065233938e-003	1.296124e+001	1.309086e-009
4.019051166014993e-003	1.294986e+001	1.307936e-009
4.020051166014993e-003	1.293366e+001	1.306300e-009
4.021051166014993e-003	1.291755e+001	1.304672e-009
4.022051166014993e-003	1.290152e+001	1.303053e-009
4.023051166014993e-003	1.288557e+001	1.301443e-009
4.024051166014992e-003	1.286971e+001	1.299841e-009
4.025051166014993e-003	1.285394e+001	1.298248e-009
4.026051166014993e-003	1.283826e+001	1.296664e-009
4.027051166014993e-003	1.282266e+001	1.295089e-009
4.028051166014993e-003	1.280715e+001	1.293522e-009
4.029051166014993e-003	1.279172e+001	1.291964e-009
4.030051166014992e-003	1.277638e+001	1.290414e-009
4.031051166014993e-003	1.276112e+001	1.288873e-009
4.032051166014993e-003	1.274594e+001	1.287340e-009
4.033051166014993e-003	1.273085e+001	1.285816e-009
4.034051166014993e-003	1.271584e+001	1.284300e-009
4.035051166014993e-003	1.270091e+001	1.282792e-009
4.036051166014993e-003	1.268606e+001	1.281292e-009
4.037051166014992e-003	1.267130e+001	1.279801e-009
4.038051166014993e-003	1.265662e+001	1.278318e-009
4.039051166014993e-003	1.264201e+001	1.276843e-009
4.040051166014993e-003	1.262749e+001	1.275376e-009
4.041051166014993e-003	1.261305e+001	1.273918e-009
4.042051166014993e-003	1.259868e+001	1.272467e-009
4.043051166014992e-003	1.258440e+001	1.271024e-009
4.044051166014992e-003	1.257019e+001	1.269589e-009
4.045051166014993e-003	1.255606e+001	1.268162e-009
4.046051166014993e-003	1.254201e+001	1.266743e-009
4.047051166014993e-003	1.252804e+001	1.265332e-009
4.048051166014993e-003	1.251414e+001	1.263928e-009
4.049051166014993e-003	1.250032e+001	1.262532e-009
4.050051166014992e-003	1.248657e+001	1.261144e-009
4.051051166014993e-003	1.247290e+001	1.259763e-009
4.052051166014993e-003	1.245931e+001	1.258390e-009
4.053051166014993e-003	1.244579e+001	1.257025e-009
4.054051166014993e-003	1.243234e+001	1.255667e-009
4.055051166014993e-003	1.241897e+001	1.254316e-009
4.056051166014992e-003	1.240567e+001	1.252973e-009
4.057051166014992e-003	1.239245e+001	1.251637e-009
4.058051166014993e-003	1.237929e+001	1.250309e-009
4.059051166014993e-003	1.236621e+001	1.248987e-009
4.060051166014993e-003	1.235320e+001	1.247674e-009
4.061051166014993e-003	1.234027e+001	1.246367e-009
4.062051166014993e-003	1.232740e+001	1.245067e-009
4.063051166014992e-003	1.231460e+001	1.243775e-009
4.064051166014993e-003	1.230188e+001	1.242490e-009
4.065051166014993e-003	1.228922e+001	1.241211e-009
4.066051166014993e-003	1.227663e+001	1.239940e-009
4.067051166014993e-003	1.226412e+001	1.238676e-009
4.068051166014993e-003	1.225167e+001	1.237418e-009
4.069051166014992e-003	1.223929e+001	1.236168e-009
4.070051166014992e-003	1.222697e+001	1.234924e-009
4.071051166014993e-003	1.221473e+001	1.233688e-009
4.072051166014993e-003	1.220255e+001	1.232458e-009
4.073051166014993e-003	1.219044e+001	1.231234e-009
4.074051166014993e-003	1.217840e+001	1.230018e-009
4.075051166014993e-003	1.216642e+001	1.228808e-009
4.076051166014992e-003	1.215451e+001	1.227605e-009
4.077051166014993e-003	1.214266e+001	1.226409e-009
4.078051166014993e-003	1.213088e+001	1.225218e-009
4.079051166014993e-003	1.211916e+001	1.224035e-009
4.080051166014993e-003	1.210751e+001	1.222858e-009
4.081051166014993e-003	1.209592e+001	1.221688e-009
4.082051166014992e-003	1.208439e+001	1.220523e-009
4.083051166014992e-003	1.207293e+001	1.219366e-009
4.084051166014993e-003	1.206153e+001	1.218214e-009
4.085051166014993e-003	1.205019e+001	1.217069e-009
4.086051166014993e-003	1.203892e+001	1.215931e-009
4.087051166014993e-003	1.202770e+001	1.214798e-009
4.088051166014993e-003	1.201655e+001	1.213672e-009
4.089051166014992e-003	1.200546e+001	1.212552e-009
4.090051166014993e-003	1.199443e+001	1.211438e-009
4.091051166014993e-003	1.198347e+001	1.210330e-009
4.092051166014993e-003	1.197256e+001	1.209228e-009
4.093051166014993e-003	1.196171e+001	1.208132e-009
4.094051166014993e-003	1.195092e+001	1.207043e-009
4.095051166014993e-003	1.194019e+001	1.205959e-009
4.096051166014992e-003	1.192952e+001	1.204881e-009
4.097051166014993e-003	1.191891e+001	1.203809e-009
4.098051166014993e-003	1.190835e+001	1.202744e-009
4.099051166014993e-003	1.189786e+001	1.201683e-009
4.100051166014993e-003	1.188742e+001	1.200629e-009
4.101051166014993e-003	1.187704e+001	1.199581e-009
4.102051166014992e-003	1.186671e+001	1.198538e-009
4.103051166014993e-003	1.185644e+001	1.197501e-009
4.104051166014993e-003	1.184623e+001	1.196470e-009
4.105051166014993e-003	1.183608e+001	1.195444e-009
4.106051166014993e-003	1.182598e+001	1.194424e-009
4.107051166014993e-003	1.181594e+001	1.193409e-009
4.108051166014993e-003	1.180595e+001	1.192401e-009
4.109051166014992e-003	1.179601e+001	1.191397e-009
4.110051166014993e-003	1.178613e+001	1.190399e-009
4.111051166014993e-003	1.177631e+001	1.189407e-009
4.112051166014993e-003	1.176654e+001	1.188420e-009
4.113051166014993e-003	1.175682e+001	1.187439e-009
4.114051166014993e-003	1.174715e+001	1.186462e-009
4.115051166014992e-003	1.173754e+001	1.185492e-009
4.116051166014993e-003	1.172798e+001	1.184526e-009
4.117051166014993e-003	1.171848e+001	1.183566e-009
4.118051166014993e-003	1.170902e+001	1.182611e-009
4.119051166014993e-003	1.169962e+001	1.181662e-009
4.120051166014993e-003	1.169027e+001	1.180717e-009
4.121051166014993e-003	1.168097e+001	1.179778e-009
4.122051166014992e-003	1.167172e+001	1.178844e-009
4.123051166014993e-003	1.166253e+001	1.177915e-009
4.124051166014993e-003	1.165338e+001	1.176991e-009
4.125051166014993e-003	1.164428e+001	1.176072e-009
4.126051166014993e-003	1.163523e+001	1.175159e-009
4.127051166014993e-003	1.162624e+001	1.174250e-009
4.128051166014992e-003	1.161729e+001	1.173346e-009
4.129051166014993e-003	1.160839e+001	1.172448e-009
4.130051166014993e-003	1.159954e+001	1.171554e-009
4.131051166014993e-003	1.159074e+001	1.170665e-009
4.132051166014993e-003	1.158199e+001	1.169781e-009
4.133051166014993e-003	1.157328e+001	1.168902e-009
4.134051166014993e-003	1.156463e+001	1.168027e-009
4.135051166014992e-003	1.155602e+001	1.167158e-009
4.136051166014993e-003	1.154745e+001	1.166293e-009
4.137051166014993e-003	1.153894e+001	1.165433e-009
4.138051166014993e-003	1.153047e+001	1.164578e-009
4.139051166014993e-003	1.152205e+001	1.163727e-009
4.140051166014993e-003	1.151367e+001	1.162881e-009
4.141051166014992e-003	1.150534e+001	1.162040e-009
4.142051166014992e-003	1.149706e+001	1.161203e-009
4.143051166014993e-003	1.148882e+001	1.160371e-009
4.144051166014993e-003	1.148063e+001	1.159543e-009
4.145051166014993e-003	1.147248e+001	1.158720e-009
4.146051166014993e-003	1.146437e+001	1.157902e-009
4.147051166014993e-003	1.145632e+001	1.157088e-009
4.148051166014992e-003	1.144830e+001	1.156278e-009
4.149051166014993e-003	1.144033e+001	1.155473e-009
4.150051166014993e-003	1.143240e+001	1.154672e-009
4.151051166014993e-003	1.142452e+001	1.153876e-009
4.152051166014993e-003	1.141668e+001	1.153084e-009
4.153051166014993e-003	1.140888e+001	1.152297e-009
4.154051166014992e-003	1.140112e+001	1.151514e-009
4.155051166014992e-003	1.139341e+001	1.150735e-009
4.156051166014993e-003	1.138574e+001	1.149960e-009
4.157051166014993e-003	1.137811e+001	1.149190e-009
4.158051166014993e-003	1.137053e+001	1.148423e-009
4.159051166014993e-003	1.136299e+001	1.147662e-009
4.160051166014993e-003	1.135548e+001	1.146904e-009
4.161051166014992e-003	1.134802e+001	1.146150e-009
4.162051166014993e-003	1.134060e+001	1.145401e-009
4.163051166014993e-003	1.133322e+001	1.144655e-009
4.164051166014993e-003	1.132588e+001	1.143914e-009
4.165051166014993e-003	1.131858e+001	1.143177e-009
4.166051166014993e-003	1.131132e+001	1.142444e-009
4.167051166014993e-003	1.130410e+001	1.141714e-009
4.168051166014992e-003	1.129692e+001	1.140989e-009
4.169051166014993e-003	1.128978e+001	1.140268e-009
4.170051166014993e-003	1.128268e+001	1.139551e-009
4.171051166014993e-003	1.127562e+001	1.138838e-009
4.172051166014993e-003	1.126860e+001	1.138128e-009
4.174051166014992e-003	1.125467e+001	1.136721e-009
4.175051166014993e-003	1.124776e+001	1.136023e-009
4.176051166014993e-003	1.124089e+001	1.135330e-009
4.177051166014993e-003	1.123405e+001	1.134639e-009
4.178051166014993e-003	1.122726e+001	1.133953e-009
4.179051166014993e-003	1.122050e+001	1.133271e-009
4.180051166014993e-003	1.121378e+001	1.132592e-009
4.181051166014992e-003	1.120710e+001	1.131917e-009
4.182051166014993e-003	1.120045e+001	1.131245e-009
4.183051166014993e-003	1.119384e+001	1.130578e-009
4.184051166014993e-003	1.118726e+001	1.129914e-009
4.185051166014993e-003	1.118073e+001	1.129253e-009
4.186051166014993e-003	1.117422e+001	1.128597e-009
4.187051166014992e-003	1.116776e+001	1.127944e-009
4.188051166014993e-003	1.116133e+001	1.127294e-009
4.189051166014993e-003	1.115493e+001	1.126648e-009
4.190051166014993e-003	1.114857e+001	1.126006e-009
4.191051166014993e-003	1.114224e+001	1.125366e-009
4.192051166014993e-003	1.113595e+001	1.124731e-009
4.193051166014993e-003	1.112969e+001	1.124099e-009
4.194051166014992e-003	1.112347e+001	1.123471e-009
4.195051166014993e-003	1.111728e+001	1.122846e-009
4.196051166014993e-003	1.111113e+001	1.122224e-009
4.197051166014993e-003	1.110501e+001	1.121606e-009
4.198051166014993e-003	1.109892e+001	1.120991e-009
4.199051166014993e-003	1.109287e+001	1.120380e-009
4.200051166014992e-003	1.108685e+001	1.119772e-009
4.201051166014993e-003	1.108086e+001	1.119167e-009
4.202051166014993e-003	1.107491e+001	1.118566e-009
4.203051166014993e-003	1.106899e+001	1.117968e-009
4.204051166014993e-003	1.106310e+001	1.117373e-009
4.205051166014993e-003	1.105724e+001	1.116781e-009
4.206051166014993e-003	1.105142e+001	1.116193e-009
4.207051166014992e-003	1.104562e+001	1.115608e-009
4.208051166014993e-003	1.103986e+001	1.115026e-009
4.209051166014993e-003	1.103413e+001	1.114447e-009
4.210051166014993e-003	1.102843e+001	1.113872e-009
4.211051166014993e-003	1.102277e+001	1.113300e-009
4.212051166014993e-003	1.101713e+001	1.112730e-009
4.213051166014992e-003	1.101153e+001	1.112164e-009
4.214051166014993e-003	1.100595e+001	1.111601e-009
4.215051166014993e-003	1.100041e+001	1.111041e-009
4.216051166014993e-003	1.099490e+001	1.110485e-009
4.217051166014993e-003	1.098942e+001	1.109931e-009
4.218051166014993e-003	1.098396e+001	1.109380e-009
4.219051166014993e-003	1.097854e+001	1.108833e-009
4.220051166014992e-003	1.097315e+001	1.108288e-009
4.221051166014993e-003	1.096778e+001	1.107746e-009
4.222051166014993e-003	1.096245e+001	1.107208e-009
4.223051166014993e-003	1.095715e+001	1.106672e-009
4.224051166014993e-003	1.095187e+001	1.106139e-009
4.225051166014993e-003	1.094663e+001	1.105609e-009
4.226051166014992e-003	1.094141e+001	1.105082e-009
4.227051166014993e-003	1.093622e+001	1.104558e-009
4.228051166014993e-003	1.093106e+001	1.104037e-009
4.229051166014993e-003	1.092593e+001	1.103519e-009
4.230051166014993e-003	1.092082e+001	1.103003e-009
4.231051166014993e-003	1.091575e+001	1.102491e-009
4.232051166014993e-003	1.091070e+001	1.101981e-009
4.233051166014992e-003	1.090568e+001	1.101474e-009
4.234051166014993e-003	1.090069e+001	1.100969e-009
4.235051166014993e-003	1.089572e+001	1.100468e-009
4.236051166014993e-003	1.089078e+001	1.099969e-009
4.237051166014993e-003	1.088587e+001	1.099473e-009
4.238051166014993e-003	1.088099e+001	1.098980e-009
4.239051166014992e-003	1.087613e+001	1.098489e-009
4.240051166014992e-003	1.087130e+001	1.098001e-009
4.241051166014993e-003	1.086650e+001	1.097516e-009
4.242051166014993e-003	1.086172e+001	1.097034e-009
4.243051166014993e-003	1.085697e+001	1.096554e-009
4.244051166014993e-003	1.085224e+001	1.096076e-009
4.245051166014993e-003	1.084754e+001	1.095602e-009
4.246051166014992e-003	1.084287e+001	1.095130e-009
4.247051166014993e-003	1.083822e+001	1.094660e-009
4.248051166014993e-003	1.083360e+001	1.094193e-009
4.249051166014993e-003	1.082900e+001	1.093729e-009
4.250051166014993e-003	1.082443e+001	1.093267e-009
4.251051166014993e-003	1.081988e+001	1.092808e-009
4.252051166014993e-003	1.081536e+001	1.092351e-009
4.253051166014992e-003	1.081086e+001	1.091897e-009
4.254051166014993e-003	1.080639e+001	1.091445e-009
4.255051166014993e-003	1.080194e+001	1.090996e-009
4.256051166014993e-003	1.079752e+001	1.090549e-009
4.257051166014993e-003	1.079312e+001	1.090105e-009
4.259051166014992e-003	1.078439e+001	1.089224e-009
4.260051166014993e-003	1.078007e+001	1.088787e-009
4.261051166014993e-003	1.077576e+001	1.088352e-009
4.262051166014993e-003	1.077148e+001	1.087920e-009
4.263051166014993e-003	1.076723e+001	1.087490e-009
4.264051166014993e-003	1.076299e+001	1.087063e-009
4.265051166014993e-003	1.075879e+001	1.086637e-009
4.266051166014992e-003	1.075460e+001	1.086214e-009
4.267051166014993e-003	1.075043e+001	1.085794e-009
4.268051166014993e-003	1.074629e+001	1.085376e-009
4.269051166014993e-003	1.074218e+001	1.084960e-009
4.270051166014993e-003	1.073808e+001	1.084546e-009
4.271051166014993e-003	1.073401e+001	1.084135e-009
4.272051166014992e-003	1.072996e+001	1.083726e-009
4.273051166014993e-003	1.072593e+001	1.083319e-009
4.274051166014993e-003	1.072192e+001	1.082914e-009
4.275051166014993e-003	1.071794e+001	1.082512e-009
4.276051166014993e-003	1.071398e+001	1.082112e-009
4.277051166014993e-003	1.071004e+001	1.081714e-009
4.278051166014993e-003	1.070612e+001	1.081318e-009
4.279051166014992e-003	1.070222e+001	1.080924e-009
4.280051166014993e-003	1.069835e+001	1.080533e-009
4.281051166014993e-003	1.069449e+001	1.080143e-009
4.282051166014993e-003	1.069066e+001	1.079756e-009
4.283051166014993e-003	1.068684e+001	1.079371e-009
4.284051166014993e-003	1.068305e+001	1.078988e-009
4.285051166014992e-003	1.067928e+001	1.078607e-009
4.286051166014993e-003	1.067553e+001	1.078229e-009
4.287051166014993e-003	1.067180e+001	1.077852e-009
4.288051166014993e-003	1.066809e+001	1.077477e-009
4.289051166014993e-003	1.066440e+001	1.077105e-009
4.290051166014993e-003	1.066074e+001	1.076734e-009
4.291051166014993e-003	1.065709e+001	1.076366e-009
4.292051166014992e-003	1.065346e+001	1.075999e-009
4.293051166014993e-003	1.064985e+001	1.075635e-009
4.294051166014993e-003	1.064626e+001	1.075272e-009
4.295051166014993e-003	1.064269e+001	1.074912e-009
4.296051166014993e-003	1.063914e+001	1.074554e-009
4.297051166014993e-003	1.063561e+001	1.074197e-009
4.298051166014992e-003	1.063210e+001	1.073842e-009
4.299051166014993e-003	1.062861e+001	1.073490e-009
4.300051166014993e-003	1.062514e+001	1.073139e-009
4.301051166014993e-003	1.062169e+001	1.072790e-009
4.302051166014993e-003	1.061825e+001	1.072444e-009
4.303051166014993e-003	1.061484e+001	1.072099e-009
4.304051166014993e-003	1.061144e+001	1.071756e-009
4.305051166014992e-003	1.060806e+001	1.071415e-009
4.306051166014993e-003	1.060470e+001	1.071075e-009
4.307051166014993e-003	1.060136e+001	1.070738e-009
4.308051166014993e-003	1.059804e+001	1.070402e-009
4.309051166014993e-003	1.059474e+001	1.070068e-009
4.310051166014993e-003	1.059145e+001	1.069737e-009
4.311051166014992e-003	1.058818e+001	1.069407e-009
4.312051166014993e-003	1.058493e+001	1.069078e-009
4.313051166014993e-003	1.058170e+001	1.068752e-009
4.314051166014993e-003	1.057849e+001	1.068427e-009
4.315051166014993e-003	1.057529e+001	1.068104e-009
4.316051166014993e-003	1.057211e+001	1.067783e-009
4.317051166014993e-003	1.056895e+001	1.067464e-009
4.318051166014992e-003	1.056580e+001	1.067146e-009
4.319051166014993e-003	1.056268e+001	1.066830e-009
4.320051166014993e-003	1.055957e+001	1.066516e-009
4.321051166014993e-003	1.055647e+001	1.066204e-009
4.322051166014993e-003	1.055340e+001	1.065893e-009
4.323051166014993e-003	1.055034e+001	1.065584e-009
4.324051166014993e-003	1.054730e+001	1.065277e-009
4.325051166014992e-003	1.054427e+001	1.064971e-009
4.326051166014993e-003	1.054126e+001	1.064667e-009
4.327051166014993e-003	1.053827e+001	1.064365e-009
4.328051166014993e-003	1.053529e+001	1.064065e-009
4.329051166014993e-003	1.053233e+001	1.063766e-009
4.330051166014993e-003	1.052939e+001	1.063468e-009
4.331051166014992e-003	1.052646e+001	1.063173e-009
4.332051166014993e-003	1.052355e+001	1.062879e-009
4.333051166014993e-003	1.052065e+001	1.062586e-009
4.334051166014993e-003	1.051778e+001	1.062295e-009
4.335051166014993e-003	1.051491e+001	1.062006e-009
4.336051166014993e-003	1.051206e+001	1.061718e-009
4.337051166014993e-003	1.050923e+001	1.061432e-009
4.338051166014992e-003	1.050641e+001	1.061148e-009
4.339051166014993e-003	1.050361e+001	1.060865e-009
4.340051166014993e-003	1.050083e+001	1.060584e-009
4.341051166014993e-003	1.049806e+001	1.060304e-009
4.342051166014993e-003	1.049530e+001	1.060025e-009
4.344051166014992e-003	1.048984e+001	1.059473e-009
4.345051166014993e-003	1.048713e+001	1.059200e-009
4.346051166014993e-003	1.048443e+001	1.058927e-009
4.347051166014993e-003	1.048175e+001	1.058657e-009
4.348051166014993e-003	1.047908e+001	1.058387e-009
4.349051166014993e-003	1.047643e+001	1.058120e-009
4.350051166014993e-003	1.047380e+001	1.057853e-009
4.351051166014992e-003	1.047117e+001	1.057588e-009
4.352051166014993e-003	1.046857e+001	1.057325e-009
4.353051166014993e-003	1.046597e+001	1.057063e-009
4.354051166014993e-003	1.046339e+001	1.056803e-009
4.355051166014993e-003	1.046083e+001	1.056544e-009
4.356051166014993e-003	1.045828e+001	1.056286e-009
4.357051166014992e-003	1.045574e+001	1.056030e-009
4.358051166014993e-003	1.045322e+001	1.055775e-009
4.359051166014993e-003	1.045071e+001	1.055521e-009
4.360051166014993e-003	1.044821e+001	1.055269e-009
4.361051166014993e-003	1.044573e+001	1.055019e-009
4.362051166014993e-003	1.044326e+001	1.054769e-009
4.363051166014993e-003	1.044081e+001	1.054521e-009
4.364051166014992e-003	1.043837e+001	1.054275e-009
4.365051166014993e-003	1.043594e+001	1.054030e-009
4.366051166014993e-003	1.043352e+001	1.053786e-009
4.367051166014993e-003	1.043112e+001	1.053543e-009
4.368051166014993e-003	1.042873e+001	1.053302e-009
4.369051166014993e-003	1.042636e+001	1.053062e-009
4.370051166014992e-003	1.042400e+001	1.052824e-009
4.371051166014993e-003	1.042165e+001	1.052586e-009
4.372051166014993e-003	1.041931e+001	1.052351e-009
4.373051166014993e-003	1.041699e+001	1.052116e-009
4.374051166014993e-003	1.041468e+001	1.051883e-009
4.375051166014993e-003	1.041238e+001	1.051651e-009
4.376051166014993e-003	1.041010e+001	1.051420e-009
4.377051166014992e-003	1.040782e+001	1.051190e-009
4.378051166014993e-003	1.040556e+001	1.050962e-009
4.379051166014993e-003	1.040332e+001	1.050735e-009
4.380051166014993e-003	1.040108e+001	1.050509e-009
4.381051166014993e-003	1.039886e+001	1.050285e-009
4.382051166014993e-003	1.039665e+001	1.050061e-009
4.383051166014992e-003	1.039445e+001	1.049839e-009
4.384051166014993e-003	1.039226e+001	1.049618e-009
4.385051166014993e-003	1.039009e+001	1.049399e-009
4.386051166014993e-003	1.038792e+001	1.049180e-009
4.387051166014993e-003	1.038577e+001	1.048963e-009
4.388051166014993e-003	1.038363e+001	1.048747e-009
4.389051166014993e-003	1.038151e+001	1.048532e-009
4.390051166014992e-003	1.037939e+001	1.048318e-009
4.391051166014993e-003	1.037729e+001	1.048106e-009
4.392051166014993e-003	1.037519e+001	1.047895e-009
4.393051166014993e-003	1.037311e+001	1.047684e-009
4.394051166014993e-003	1.037104e+001	1.047475e-009
4.395051166014993e-003	1.036898e+001	1.047267e-009
4.396051166014993e-003	1.036694e+001	1.047061e-009
4.397051166014993e-003	1.036490e+001	1.046855e-009
4.398051166014993e-003	1.036288e+001	1.046651e-009
4.399051166014993e-003	1.036086e+001	1.046447e-009
4.400051166014993e-003	1.035886e+001	1.046245e-009
4.401051166014993e-003	1.035687e+001	1.046044e-009
4.402051166014993e-003	1.035489e+001	1.045844e-009
4.403051166014992e-003	1.035292e+001	1.045645e-009
4.404051166014993e-003	1.035096e+001	1.045447e-009
4.405051166014993e-003	1.034901e+001	1.045250e-009
4.406051166014993e-003	1.034708e+001	1.045055e-009
4.407051166014993e-003	1.034515e+001	1.044860e-009
4.408051166014993e-003	1.034323e+001	1.044667e-009
4.409051166014993e-003	1.034133e+001	1.044474e-009
4.410051166014993e-003	1.033943e+001	1.044283e-009
4.411051166014993e-003	1.033755e+001	1.044092e-009
4.412051166014993e-003	1.033567e+001	1.043903e-009
4.413051166014993e-003	1.033381e+001	1.043715e-009
4.414051166014993e-003	1.033196e+001	1.043527e-009
4.415051166014993e-003	1.033011e+001	1.043341e-009
4.416051166014992e-003	1.032828e+001	1.043156e-009
4.417051166014993e-003	1.032645e+001	1.042972e-009
4.418051166014993e-003	1.032464e+001	1.042789e-009
4.419051166014993e-003	1.032284e+001	1.042607e-009
4.420051166014993e-003	1.032104e+001	1.042425e-009
4.421051166014993e-003	1.031926e+001	1.042245e-009
4.422051166014993e-003	1.031749e+001	1.042066e-009
4.423051166014992e-003	1.031572e+001	1.041888e-009
4.424051166014993e-003	1.031397e+001	1.041711e-009
4.425051166014993e-003	1.031222e+001	1.041534e-009
4.426051166014993e-003	1.031049e+001	1.041359e-009
4.427051166014993e-003	1.030876e+001	1.041185e-009
4.429051166014992e-003	1.030534e+001	1.040839e-009
4.430051166014993e-003	1.030364e+001	1.040668e-009
4.431051166014993e-003	1.030195e+001	1.040497e-009
4.432051166014993e-003	1.030027e+001	1.040327e-009
4.433051166014993e-003	1.029860e+001	1.040159e-009
4.434051166014993e-003	1.029694e+001	1.039991e-009
4.435051166014993e-003	1.029529e+001	1.039824e-009
4.436051166014992e-003	1.029365e+001	1.039658e-009
4.437051166014993e-003	1.029202e+001	1.039493e-009
4.438051166014993e-003	1.029039e+001	1.039329e-009
4.439051166014993e-003	1.028877e+001	1.039166e-009
4.441051166014993e-003	1.028557e+001	1.038843e-009
4.442051166014992e-003	1.028398e+001	1.038682e-009
4.443051166014993e-003	1.028240e+001	1.038522e-009
4.444051166014993e-003	1.028083e+001	1.038364e-009
4.445051166014993e-003	1.027927e+001	1.038206e-009
4.446051166014993e-003	1.027771e+001	1.038049e-009
4.447051166014993e-003	1.027617e+001	1.037893e-009
4.448051166014993e-003	1.027463e+001	1.037737e-009
4.449051166014992e-003	1.027310e+001	1.037583e-009
4.450051166014993e-003	1.027158e+001	1.037429e-009
4.451051166014993e-003	1.027007e+001	1.037277e-009
4.453051166014993e-003	1.026707e+001	1.036974e-009
4.454051166014993e-003	1.026558e+001	1.036823e-009
4.455051166014992e-003	1.026410e+001	1.036674e-009
4.456051166014993e-003	1.026263e+001	1.036525e-009
4.457051166014993e-003	1.026116e+001	1.036378e-009
4.458051166014993e-003	1.025971e+001	1.036231e-009
4.459051166014993e-003	1.025826e+001	1.036085e-009
4.460051166014993e-003	1.025682e+001	1.035939e-009
4.461051166014993e-003	1.025539e+001	1.035795e-009
4.462051166014992e-003	1.025397e+001	1.035651e-009
4.463051166014993e-003	1.025255e+001	1.035508e-009
4.464051166014993e-003	1.025114e+001	1.035366e-009
4.465051166014993e-003	1.024974e+001	1.035224e-009
4.466051166014993e-003	1.024835e+001	1.035084e-009
4.467051166014993e-003	1.024697e+001	1.034944e-009
4.468051166014992e-003	1.024559e+001	1.034805e-009
4.469051166014993e-003	1.024422e+001	1.034666e-009
4.470051166014993e-003	1.024286e+001	1.034529e-009
4.471051166014993e-003	1.024150e+001	1.034392e-009
4.472051166014993e-003	1.024016e+001	1.034256e-009
4.473051166014993e-003	1.023882e+001	1.034120e-009
4.474051166014993e-003	1.023748e+001	1.033986e-009
4.475051166014992e-003	1.023616e+001	1.033852e-009
4.476051166014993e-003	1.023484e+001	1.033719e-009
4.477051166014993e-003	1.023353e+001	1.033587e-009
4.478051166014993e-003	1.023223e+001	1.033455e-009
4.479051166014993e-003	1.023093e+001	1.033324e-009
4.480051166014993e-003	1.022964e+001	1.033194e-009
4.481051166014993e-003	1.022836e+001	1.033064e-009
4.482051166014993e-003	1.022708e+001	1.032936e-009
4.483051166014993e-003	1.022582e+001	1.032807e-009
4.484051166014993e-003	1.022456e+001	1.032680e-009
4.485051166014993e-003	1.022330e+001	1.032553e-009
4.486051166014993e-003	1.022205e+001	1.032427e-009
4.487051166014993e-003	1.022081e+001	1.032302e-009
4.488051166014992e-003	1.021958e+001	1.032178e-009
4.490051166014993e-003	1.021713e+001	1.031930e-009
4.491051166014993e-003	1.021592e+001	1.031808e-009
4.492051166014993e-003	1.021471e+001	1.031686e-009
4.493051166014993e-003	1.021351e+001	1.031565e-009
4.494051166014993e-003	1.021232e+001	1.031444e-009
4.495051166014993e-003	1.021113e+001	1.031324e-009
4.496051166014993e-003	1.020995e+001	1.031205e-009
4.497051166014993e-003	1.020878e+001	1.031086e-009
4.498051166014993e-003	1.020761e+001	1.030969e-009
4.499051166014993e-003	1.020645e+001	1.030851e-009
4.500051166014993e-003	1.020529e+001	1.030735e-009
4.502051166014993e-003	1.020300e+001	1.030503e-009
4.503051166014993e-003	1.020187e+001	1.030389e-009
4.504051166014993e-003	1.020074e+001	1.030274e-009
4.505051166014993e-003	1.019961e+001	1.030161e-009
4.506051166014993e-003	1.019850e+001	1.030048e-009
4.507051166014993e-003	1.019738e+001	1.029936e-009
4.508051166014993e-003	1.019628e+001	1.029824e-009
4.509051166014993e-003	1.019518e+001	1.029713e-009
4.510051166014993e-003	1.019409e+001	1.029603e-009
4.511051166014993e-003	1.019300e+001	1.029493e-009
4.512051166014993e-003	1.019192e+001	1.029384e-009
4.514051166014992e-003	1.018978e+001	1.029167e-009
4.515051166014993e-003	1.018871e+001	1.029060e-009
4.516051166014993e-003	1.018765e+001	1.028953e-009
4.517051166014993e-003	1.018660e+001	1.028847e-009
4.518051166014993e-003	1.018556e+001	1.028741e-009
4.519051166014993e-003	1.018452e+001	1.028636e-009
4.520051166014993e-003	1.018348e+001	1.028532e-009
4.521051166014992e-003	1.018245e+001	1.028428e-009
4.522051166014993e-003	1.018143e+001	1.028325e-009
4.523051166014993e-003	1.018041e+001	1.028222e-009
4.524051166014993e-003	1.017940e+001	1.028120e-009
4.526051166014993e-003	1.017739e+001	1.027917e-009
4.527051166014992e-003	1.017640e+001	1.027816e-009
4.528051166014993e-003	1.017541e+001	1.027716e-009
4.529051166014993e-003	1.017443e+001	1.027617e-009
4.530051166014993e-003	1.017345e+001	1.027518e-009
4.531051166014993e-003	1.017247e+001	1.027420e-009
4.532051166014993e-003	1.017150e+001	1.027322e-009
4.533051166014993e-003	1.017054e+001	1.027225e-009
4.534051166014992e-003	1.016958e+001	1.027128e-009
4.535051166014993e-003	1.016863e+001	1.027032e-009
4.536051166014993e-003	1.016768e+001	1.026936e-009
4.539051166014993e-003	1.016487e+001	1.026652e-009
4.540051166014992e-003	1.016395e+001	1.026559e-009
4.541051166014993e-003	1.016302e+001	1.026465e-009
4.542051166014993e-003	1.016211e+001	1.026373e-009
4.543051166014993e-003	1.016120e+001	1.026281e-009
4.544051166014993e-003	1.016029e+001	1.026189e-009
4.545051166014993e-003	1.015939e+001	1.026098e-009
4.546051166014993e-003	1.015849e+001	1.026008e-009
4.547051166014992e-003	1.015760e+001	1.025918e-009
4.548051166014993e-003	1.015671e+001	1.025828e-009
4.551051166014993e-003	1.015408e+001	1.025562e-009
4.552051166014993e-003	1.015322e+001	1.025475e-009
4.553051166014993e-003	1.015235e+001	1.025388e-009
4.554051166014993e-003	1.015149e+001	1.025301e-009
4.555051166014993e-003	1.015064e+001	1.025215e-009
4.556051166014993e-003	1.014979e+001	1.025129e-009
4.557051166014993e-003	1.014895e+001	1.025044e-009
4.558051166014993e-003	1.014811e+001	1.024959e-009
4.559051166014993e-003	1.014728e+001	1.024875e-009
4.560051166014992e-003	1.014645e+001	1.024791e-009
4.563051166014993e-003	1.014398e+001	1.024542e-009
4.564051166014993e-003	1.014317e+001	1.024460e-009
4.565051166014993e-003	1.014236e+001	1.024379e-009
4.566051166014993e-003	1.014156e+001	1.024298e-009
4.567051166014993e-003	1.014076e+001	1.024217e-009
4.568051166014993e-003	1.013997e+001	1.024137e-009
4.569051166014993e-003	1.013918e+001	1.024057e-009
4.570051166014993e-003	1.013839e+001	1.023978e-009
4.571051166014993e-003	1.013761e+001	1.023899e-009
4.573051166014992e-003	1.013606e+001	1.023742e-009
4.575051166014993e-003	1.013453e+001	1.023587e-009
4.576051166014993e-003	1.013377e+001	1.023511e-009
4.577051166014993e-003	1.013301e+001	1.023434e-009
4.578051166014993e-003	1.013226e+001	1.023358e-009
4.579051166014993e-003	1.013151e+001	1.023283e-009
4.580051166014993e-003	1.013077e+001	1.023208e-009
4.581051166014993e-003	1.013003e+001	1.023133e-009
4.582051166014993e-003	1.012929e+001	1.023059e-009
4.583051166014993e-003	1.012856e+001	1.022985e-009
4.585051166014993e-003	1.012711e+001	1.022838e-009
4.588051166014993e-003	1.012497e+001	1.022622e-009
4.589051166014993e-003	1.012426e+001	1.022550e-009
4.590051166014993e-003	1.012356e+001	1.022479e-009
4.591051166014993e-003	1.012286e+001	1.022408e-009
4.592051166014993e-003	1.012216e+001	1.022338e-009
4.593051166014993e-003	1.012147e+001	1.022268e-009
4.594051166014993e-003	1.012078e+001	1.022199e-009
4.595051166014993e-003	1.012009e+001	1.022129e-009
4.597051166014993e-003	1.011874e+001	1.021992e-009
4.600051166014993e-003	1.011673e+001	1.021789e-009
4.601051166014993e-003	1.011607e+001	1.021722e-009
4.602051166014993e-003	1.011541e+001	1.021656e-009
4.603051166014993e-003	1.011475e+001	1.021590e-009
4.604051166014993e-003	1.011410e+001	1.021524e-009
4.605051166014993e-003	1.011345e+001	1.021459e-009
4.606051166014992e-003	1.011281e+001	1.021394e-009
4.608051166014993e-003	1.011153e+001	1.021264e-009
4.608765451729278e-003	1.011108e+001	1.021219e-009
4.609479737443564e-003	1.011062e+001	1.021173e-009
4.610194023157850e-003	1.011018e+001	1.021128e-009
4.610908308872136e-003	1.010973e+001	1.021083e-009
4.611622594586421e-003	1.010928e+001	1.021037e-009
4.612336880300707e-003	1.010884e+001	1.020993e-009
4.613051166014993e-003	1.010839e+001	1.020948e-009
4.614051166014993e-003	1.010778e+001	1.020886e-009
4.615051166014993e-003	1.010716e+001	1.020824e-009
4.616051166014993e-003	1.010655e+001	1.020762e-009
4.617051166014993e-003	1.010595e+001	1.020701e-009
4.618051166014993e-003	1.010534e+001	1.020640e-009
4.620051166014993e-003	1.010415e+001	1.020519e-009
4.620908308872135e-003	1.010364e+001	1.020468e-009
4.621765451729278e-003	1.010313e+001	1.020417e-009
4.622622594586421e-003	1.010263e+001	1.020366e-009
4.623479737443564e-003	1.010213e+001	1.020315e-009
4.624336880300707e-003	1.010163e+001	1.020265e-009
4.625194023157850e-003	1.010113e+001	1.020214e-009
4.626051166014993e-003	1.010064e+001	1.020164e-009
4.628051166014993e-003	1.009949e+001	1.020049e-009
4.630051166014993e-003	1.009836e+001	1.019934e-009
4.632051166014992e-003	1.009724e+001	1.019821e-009
4.632908308872135e-003	1.009676e+001	1.019773e-009
4.633765451729279e-003	1.009629e+001	1.019725e-009
4.634622594586422e-003	1.009582e+001	1.019678e-009
4.635479737443564e-003	1.009535e+001	1.019630e-009
4.636336880300707e-003	1.009488e+001	1.019583e-009
4.637194023157851e-003	1.009442e+001	1.019536e-009
4.638051166014993e-003	1.009395e+001	1.019489e-009
4.640051166014993e-003	1.009288e+001	1.019381e-009
4.642051166014993e-003	1.009182e+001	1.019274e-009
4.644051166014993e-003	1.009077e+001	1.019168e-009
4.645051166014993e-003	1.009025e+001	1.019116e-009
4.646051166014993e-003	1.008974e+001	1.019063e-009
4.647051166014994e-003	1.008922e+001	1.019011e-009
4.648051166014993e-003	1.008871e+001	1.018960e-009
4.649051166014993e-003	1.008820e+001	1.018908e-009
4.650051166014993e-003	1.008770e+001	1.018857e-009
4.651051166014993e-003	1.008719e+001	1.018806e-009
4.653051166014993e-003	1.008619e+001	1.018706e-009
4.655051166014993e-003	1.008521e+001	1.018606e-009
4.658051166014992e-003	1.008375e+001	1.018459e-009
4.659194023157850e-003	1.008320e+001	1.018403e-009
4.660336880300707e-003	1.008265e+001	1.018348e-009
4.661479737443564e-003	1.008211e+001	1.018293e-009
4.662622594586421e-003	1.008157e+001	1.018238e-009
4.663765451729278e-003	1.008103e+001	1.018184e-009
4.664908308872135e-003	1.008050e+001	1.018131e-009
4.666051166014993e-003	1.007997e+001	1.018077e-009
4.669051166014993e-003	1.007860e+001	1.017938e-009
4.670194023157851e-003	1.007808e+001	1.017886e-009
4.671336880300707e-003	1.007757e+001	1.017834e-009
4.672479737443565e-003	1.007705e+001	1.017782e-009
4.673622594586421e-003	1.007655e+001	1.017731e-009
4.674765451729279e-003	1.007604e+001	1.017680e-009
4.675908308872136e-003	1.007554e+001	1.017630e-009
4.677051166014993e-003	1.007504e+001	1.017579e-009
4.680051166014993e-003	1.007375e+001	1.017449e-009
4.681194023157850e-003	1.007326e+001	1.017399e-009
4.682336880300707e-003	1.007278e+001	1.017350e-009
4.683479737443565e-003	1.007230e+001	1.017302e-009
4.684622594586421e-003	1.007182e+001	1.017253e-009
4.685765451729279e-003	1.007134e+001	1.017206e-009
4.686908308872135e-003	1.007087e+001	1.017158e-009
4.688051166014993e-003	1.007040e+001	1.017111e-009
4.691051166014993e-003	1.006918e+001	1.016988e-009
4.692194023157850e-003	1.006872e+001	1.016941e-009
4.693336880300707e-003	1.006827e+001	1.016895e-009
4.694479737443564e-003	1.006782e+001	1.016849e-009
4.695622594586421e-003	1.006737e+001	1.016804e-009
4.696765451729278e-003	1.006692e+001	1.016759e-009
4.697908308872135e-003	1.006647e+001	1.016714e-009
4.699051166014993e-003	1.006603e+001	1.016669e-009
4.702051166014993e-003	1.006489e+001	1.016554e-009
4.703336880300707e-003	1.006440e+001	1.016505e-009
4.704622594586421e-003	1.006392e+001	1.016456e-009
4.705908308872135e-003	1.006344e+001	1.016408e-009
4.707194023157850e-003	1.006297e+001	1.016360e-009
4.708479737443564e-003	1.006249e+001	1.016312e-009
4.709765451729278e-003	1.006203e+001	1.016265e-009
4.711051166014993e-003	1.006156e+001	1.016218e-009
4.714051166014993e-003	1.006049e+001	1.016109e-009
4.715479737443564e-003	1.005998e+001	1.016058e-009
4.716908308872136e-003	1.005948e+001	1.016008e-009
4.718336880300707e-003	1.005899e+001	1.015958e-009
4.719765451729278e-003	1.005849e+001	1.015908e-009
4.721194023157850e-003	1.005800e+001	1.015858e-009
4.722622594586421e-003	1.005752e+001	1.015809e-009
4.724051166014993e-003	1.005704e+001	1.015761e-009
4.725479737443564e-003	1.005656e+001	1.015713e-009
4.726908308872136e-003	1.005609e+001	1.015665e-009
4.728336880300707e-003	1.005562e+001	1.015617e-009
4.729765451729279e-003	1.005515e+001	1.015570e-009
4.731194023157850e-003	1.005469e+001	1.015523e-009
4.732622594586422e-003	1.005423e+001	1.015477e-009
4.734051166014993e-003	1.005377e+001	1.015431e-009
4.735765451729278e-003	1.005323e+001	1.015376e-009
4.737479737443565e-003	1.005269e+001	1.015322e-009
4.739194023157850e-003	1.005216e+001	1.015268e-009
4.740908308872136e-003	1.005163e+001	1.015215e-009
4.742622594586421e-003	1.005111e+001	1.015162e-009
4.744336880300707e-003	1.005060e+001	1.015110e-009
4.746051166014993e-003	1.005008e+001	1.015058e-009
4.747908308872136e-003	1.004953e+001	1.015003e-009
4.749765451729279e-003	1.004899e+001	1.014948e-009
4.751622594586421e-003	1.004845e+001	1.014894e-009
4.753479737443564e-003	1.004792e+001	1.014840e-009
4.755336880300707e-003	1.004739e+001	1.014787e-009
4.757194023157850e-003	1.004687e+001	1.014734e-009
4.759051166014993e-003	1.004635e+001	1.014682e-009
4.760479737443564e-003	1.004596e+001	1.014642e-009
4.761908308872136e-003	1.004557e+001	1.014602e-009
4.763336880300707e-003	1.004518e+001	1.014563e-009
4.764765451729278e-003	1.004480e+001	1.014524e-009
4.766194023157849e-003	1.004441e+001	1.014486e-009
4.767622594586421e-003	1.004404e+001	1.014447e-009
4.769051166014992e-003	1.004366e+001	1.014410e-009
4.770051166014993e-003	1.004340e+001	1.014383e-009
4.772051166014993e-003	1.004288e+001	1.014331e-009
4.774051166014992e-003	1.004237e+001	1.014279e-009
4.776051166014993e-003	1.004186e+001	1.014228e-009
4.778051166014993e-003	1.004136e+001	1.014177e-009
4.780051166014993e-003	1.004086e+001	1.014127e-009
4.782051166014992e-003	1.004037e+001	1.014078e-009
4.784051166014993e-003	1.003989e+001	1.014029e-009
4.786194023157850e-003	1.003937e+001	1.013977e-009
4.788336880300707e-003	1.003887e+001	1.013925e-009
4.790479737443564e-003	1.003836e+001	1.013875e-009
4.792622594586422e-003	1.003787e+001	1.013825e-009
4.794765451729278e-003	1.003738e+001	1.013775e-009
4.796908308872136e-003	1.003689e+001	1.013726e-009
4.799051166014993e-003	1.003641e+001	1.013678e-009
4.802479737443565e-003	1.003566e+001	1.013602e-009
4.805908308872136e-003	1.003492e+001	1.013527e-009
4.809336880300707e-003	1.003419e+001	1.013453e-009
4.812765451729278e-003	1.003348e+001	1.013381e-009
4.816194023157850e-003	1.003278e+001	1.013311e-009
4.819622594586421e-003	1.003209e+001	1.013241e-009
4.823051166014993e-003	1.003142e+001	1.013173e-009
4.826765451729278e-003	1.003070e+001	1.013101e-009
4.830479737443564e-003	1.003000e+001	1.013030e-009
4.834194023157850e-003	1.002932e+001	1.012961e-009
4.837908308872136e-003	1.002864e+001	1.012893e-009
4.841622594586421e-003	1.002798e+001	1.012826e-009
4.845336880300707e-003	1.002734e+001	1.012761e-009
4.849051166014993e-003	1.002670e+001	1.012697e-009
4.853051166014992e-003	1.002604e+001	1.012630e-009
4.857051166014993e-003	1.002538e+001	1.012564e-009
4.861051166014993e-003	1.002475e+001	1.012499e-009
4.865051166014993e-003	1.002412e+001	1.012436e-009
4.869051166014993e-003	1.002351e+001	1.012374e-009
4.873051166014993e-003	1.002291e+001	1.012314e-009
4.877051166014993e-003	1.002233e+001	1.012255e-009
4.895900999441423e-003	1.001979e+001	1.011999e-009
4.914750832867852e-003	1.001746e+001	1.011763e-009
4.933600666294282e-003	1.001532e+001	1.011547e-009
4.952450499720712e-003	1.001338e+001	1.011352e-009
4.971300333147142e-003	1.001164e+001	1.011176e-009
4.990150166573571e-003	1.001010e+001	1.011021e-009
5.009000000000000e-003	1.000876e+001	1.010885e-009
5.029857142857143e-003	1.000742e+001	1.010749e-009
5.050714285714286e-003	1.000619e+001	1.010625e-009
5.071571428571429e-003	1.000507e+001	1.010512e-009
5.092428571428572e-003	1.000407e+001	1.010411e-009
5.113285714285714e-003	1.000318e+001	1.010321e-009
5.134142857142857e-003	1.000241e+001	1.010243e-009
5.155000000000000e-003	1.000175e+001	1.010176e-009
5.180000000000000e-003	1.000104e+001	1.010105e-009
5.205000000000000e-003	1.000040e+001	1.010040e-009
5.229999999999999e-003	9.999830e+000	1.009983e-009
5.255000000000000e-003	9.999327e+000	1.009932e-009
5.280000000000000e-003	9.998892e+000	1.009888e-009
5.305000000000000e-003	9.998526e+000	1.009851e-009
5.330000000000000e-003	9.998227e+000	1.009821e-009
5.364000000000000e-003	9.997877e+000	1.009786e-009
5.398000000000000e-003	9.997569e+000	1.009754e-009
5.432000000000000e-003	9.997301e+000	1.009727e-009
5.466000000000000e-003	9.997075e+000	1.009704e-009
5.500000000000000e-003	9.996889e+000	1.009686e-009
5.534000000000000e-003	9.996745e+000	1.009671e-009
5.568000000000000e-003	9.996642e+000	1.009661e-009
5.600142857142857e-003	9.996552e+000	1.009652e-009
5.632285714285715e-003	9.996472e+000	1.009644e-009
5.664428571428572e-003	9.996402e+000	1.009637e-009
5.696571428571428e-003	9.996343e+000	1.009631e-009
5.728714285714286e-003	9.996293e+000	1.009626e-009
5.760857142857143e-003	9.996254e+000	1.009622e-009
5.793000000000000e-003	9.996225e+000	1.009619e-009
5.794000000000001e-003	9.996225e+000	1.009619e-009
5.898571428571429e-003	9.996169e+000	1.009613e-009
6.003142857142858e-003	9.996123e+000	1.009608e-009
6.107714285714287e-003	9.996089e+000	1.009605e-009
6.212285714285715e-003	9.996065e+000	1.009603e-009
6.316857142857143e-003	9.996052e+000	1.009601e-009
6.421428571428572e-003	9.996050e+000	1.009601e-009
6.526000000000001e-003	9.996059e+000	1.009602e-009
6.818000000000000e-003	9.996057e+000	1.009602e-009
6.999000000000000e-003	9.996057e+000	1.009602e-009
7.000000000000000e-003	9.996057e+000	1.009602e-009
