time	V(vout)	-I(Rl)
0.000000000000000e+000	1.027415e+000	1.037689e-010
1.000000013351432e-010	1.027415e+000	1.037689e-010
2.000000026702864e-010	1.027415e+000	1.037689e-010
4.000000053405728e-010	1.027415e+000	1.037689e-010
8.000000106811456e-010	1.027415e+000	1.037689e-010
1.600000021362291e-009	1.027415e+000	1.037690e-010
3.200000042724582e-009	1.027416e+000	1.037690e-010
6.400000085449165e-009	1.027415e+000	1.037690e-010
1.280000017089833e-008	1.027415e+000	1.037690e-010
2.560000034179666e-008	1.027415e+000	1.037689e-010
5.120000068359332e-008	1.027415e+000	1.037689e-010
1.024000013671866e-007	1.027415e+000	1.037689e-010
2.048000027343733e-007	1.027415e+000	1.037689e-010
4.096000054687465e-007	1.027415e+000	1.037689e-010
8.192000109374931e-007	1.027415e+000	1.037689e-010
1.638400021874986e-006	1.027415e+000	1.037689e-010
2.638400021874986e-006	1.027415e+000	1.037689e-010
3.638400021874986e-006	1.027415e+000	1.037689e-010
5.638400021874986e-006	1.027415e+000	1.037689e-010
7.638400021874986e-006	1.027415e+000	1.037689e-010
8.638400021874987e-006	1.027415e+000	1.037689e-010
9.638400021874986e-006	1.027415e+000	1.037689e-010
1.063840002187499e-005	1.027415e+000	1.037689e-010
1.163840002187499e-005	1.027415e+000	1.037689e-010
1.263840002187499e-005	1.027415e+000	1.037689e-010
1.363840002187499e-005	1.027415e+000	1.037689e-010
1.463840002187499e-005	1.027415e+000	1.037689e-010
1.663840002187499e-005	1.027415e+000	1.037689e-010
1.963840002187499e-005	1.027415e+000	1.037689e-010
2.063840002187499e-005	1.027415e+000	1.037689e-010
2.163840002187499e-005	1.027415e+000	1.037689e-010
2.263840002187499e-005	1.027415e+000	1.037689e-010
2.363840002187499e-005	1.027415e+000	1.037689e-010
2.463840002187499e-005	1.027415e+000	1.037689e-010
2.563840002187499e-005	1.027415e+000	1.037689e-010
2.663840002187499e-005	1.027415e+000	1.037689e-010
2.863840002187499e-005	1.027415e+000	1.037689e-010
2.935268573616070e-005	1.027415e+000	1.037689e-010
3.006697145044642e-005	1.027415e+000	1.037689e-010
3.078125716473213e-005	1.027415e+000	1.037689e-010
3.149554287901785e-005	1.027415e+000	1.037689e-010
3.220982859330356e-005	1.027415e+000	1.037689e-010
3.292411430758927e-005	1.027415e+000	1.037689e-010
3.363840002187499e-005	1.027415e+000	1.037689e-010
3.463840002187499e-005	1.027415e+000	1.037689e-010
3.563840002187499e-005	1.027415e+000	1.037689e-010
3.663840002187498e-005	1.027415e+000	1.037689e-010
3.763840002187499e-005	1.027415e+000	1.037689e-010
3.963840002187499e-005	1.027415e+000	1.037689e-010
4.049554287901785e-005	1.027415e+000	1.037689e-010
4.135268573616071e-005	1.027415e+000	1.037689e-010
4.220982859330356e-005	1.027415e+000	1.037689e-010
4.306697145044642e-005	1.027415e+000	1.037689e-010
4.392411430758928e-005	1.027415e+000	1.037689e-010
4.478125716473213e-005	1.027415e+000	1.037689e-010
4.563840002187499e-005	1.027415e+000	1.037689e-010
4.763840002187499e-005	1.027415e+000	1.037689e-010
4.863840002187498e-005	1.027415e+000	1.037689e-010
5.063840002187499e-005	1.027415e+000	1.037689e-010
5.263840002187499e-005	1.027415e+000	1.037689e-010
5.349554287901784e-005	1.027415e+000	1.037689e-010
5.435268573616070e-005	1.027415e+000	1.037689e-010
5.520982859330356e-005	1.027415e+000	1.037689e-010
5.606697145044642e-005	1.027415e+000	1.037689e-010
5.692411430758927e-005	1.027415e+000	1.037689e-010
5.778125716473213e-005	1.027415e+000	1.037689e-010
5.863840002187499e-005	1.027415e+000	1.037689e-010
6.063840002187498e-005	1.027415e+000	1.037689e-010
6.263840002187499e-005	1.027415e+000	1.037689e-010
6.463840002187499e-005	1.027415e+000	1.037689e-010
6.563840002187498e-005	1.027415e+000	1.037689e-010
6.663840002187498e-005	1.027415e+000	1.037689e-010
6.763840002187499e-005	1.027415e+000	1.037689e-010
6.863840002187499e-005	1.027415e+000	1.037689e-010
6.963840002187499e-005	1.027415e+000	1.037689e-010
7.063840002187498e-005	1.027415e+000	1.037689e-010
7.163840002187498e-005	1.027415e+000	1.037689e-010
7.363840002187499e-005	1.027415e+000	1.037689e-010
7.563840002187498e-005	1.027415e+000	1.037689e-010
7.663840002187498e-005	1.027415e+000	1.037689e-010
7.763840002187499e-005	1.027415e+000	1.037689e-010
7.863840002187499e-005	1.027415e+000	1.037689e-010
7.963840002187499e-005	1.027415e+000	1.037689e-010
8.063840002187500e-005	1.027415e+000	1.037689e-010
8.163840002187499e-005	1.027415e+000	1.037689e-010
8.263840002187499e-005	1.027415e+000	1.037689e-010
8.463840002187498e-005	1.027415e+000	1.037689e-010
8.663840002187499e-005	1.027415e+000	1.037689e-010
8.963840002187498e-005	1.027415e+000	1.037689e-010
9.078125716473213e-005	1.027415e+000	1.037689e-010
9.192411430758927e-005	1.027415e+000	1.037689e-010
9.306697145044642e-005	1.027415e+000	1.037689e-010
9.420982859330355e-005	1.027415e+000	1.037689e-010
9.535268573616070e-005	1.027415e+000	1.037689e-010
9.649554287901785e-005	1.027415e+000	1.037689e-010
9.763840002187499e-005	1.027415e+000	1.037689e-010
1.006384000218750e-004	1.027415e+000	1.037689e-010
1.017812571647321e-004	1.027415e+000	1.037689e-010
1.029241143075893e-004	1.027415e+000	1.037689e-010
1.040669714504464e-004	1.027415e+000	1.037689e-010
1.052098285933036e-004	1.027415e+000	1.037689e-010
1.063526857361607e-004	1.027415e+000	1.037689e-010
1.074955428790179e-004	1.027415e+000	1.037689e-010
1.086384000218750e-004	1.027415e+000	1.037689e-010
1.116384000218750e-004	1.027415e+000	1.037689e-010
1.127812571647321e-004	1.027415e+000	1.037689e-010
1.139241143075893e-004	1.027415e+000	1.037689e-010
1.150669714504464e-004	1.027415e+000	1.037689e-010
1.162098285933036e-004	1.027415e+000	1.037689e-010
1.173526857361607e-004	1.027415e+000	1.037689e-010
1.184955428790179e-004	1.027415e+000	1.037689e-010
1.196384000218750e-004	1.027415e+000	1.037689e-010
1.226384000218750e-004	1.027415e+000	1.037689e-010
1.239241143075893e-004	1.027415e+000	1.037689e-010
1.252098285933036e-004	1.027415e+000	1.037689e-010
1.264955428790178e-004	1.027415e+000	1.037689e-010
1.277812571647321e-004	1.027415e+000	1.037689e-010
1.290669714504464e-004	1.027415e+000	1.037689e-010
1.303526857361607e-004	1.027415e+000	1.037689e-010
1.316384000218750e-004	1.027415e+000	1.037689e-010
1.346384000218750e-004	1.027415e+000	1.037689e-010
1.359241143075893e-004	1.027415e+000	1.037689e-010
1.372098285933036e-004	1.027415e+000	1.037689e-010
1.384955428790178e-004	1.027415e+000	1.037689e-010
1.397812571647322e-004	1.027415e+000	1.037689e-010
1.410669714504464e-004	1.027415e+000	1.037689e-010
1.423526857361607e-004	1.027415e+000	1.037689e-010
1.436384000218750e-004	1.027415e+000	1.037689e-010
1.450669714504464e-004	1.027415e+000	1.037689e-010
1.464955428790179e-004	1.027415e+000	1.037689e-010
1.479241143075893e-004	1.027415e+000	1.037689e-010
1.493526857361607e-004	1.027415e+000	1.037689e-010
1.507812571647321e-004	1.027415e+000	1.037689e-010
1.522098285933036e-004	1.027415e+000	1.037689e-010
1.536384000218750e-004	1.027415e+000	1.037689e-010
1.553526857361607e-004	1.027415e+000	1.037689e-010
1.570669714504464e-004	1.027415e+000	1.037689e-010
1.587812571647322e-004	1.027415e+000	1.037689e-010
1.604955428790179e-004	1.027415e+000	1.037689e-010
1.622098285933036e-004	1.027415e+000	1.037689e-010
1.639241143075893e-004	1.027415e+000	1.037689e-010
1.656384000218750e-004	1.027415e+000	1.037689e-010
1.674955428790178e-004	1.027415e+000	1.037689e-010
1.693526857361607e-004	1.027415e+000	1.037689e-010
1.712098285933036e-004	1.027415e+000	1.037689e-010
1.730669714504464e-004	1.027415e+000	1.037689e-010
1.749241143075893e-004	1.027415e+000	1.037689e-010
1.767812571647321e-004	1.027415e+000	1.037689e-010
1.786384000218750e-004	1.027415e+000	1.037689e-010
1.804955428790178e-004	1.027415e+000	1.037689e-010
1.823526857361607e-004	1.027415e+000	1.037689e-010
1.842098285933036e-004	1.027415e+000	1.037689e-010
1.860669714504464e-004	1.027415e+000	1.037689e-010
1.879241143075893e-004	1.027415e+000	1.037689e-010
1.897812571647321e-004	1.027415e+000	1.037689e-010
1.916384000218750e-004	1.027415e+000	1.037689e-010
1.936384000218750e-004	1.027415e+000	1.037689e-010
1.956384000218750e-004	1.027415e+000	1.037689e-010
1.976384000218750e-004	1.027415e+000	1.037689e-010
1.996384000218750e-004	1.027415e+000	1.037689e-010
2.016384000218750e-004	1.027415e+000	1.037689e-010
2.036384000218750e-004	1.027415e+000	1.037689e-010
2.056384000218750e-004	1.027415e+000	1.037689e-010
2.077812571647321e-004	1.027415e+000	1.037689e-010
2.099241143075893e-004	1.027415e+000	1.037689e-010
2.120669714504464e-004	1.027415e+000	1.037689e-010
2.142098285933036e-004	1.027415e+000	1.037689e-010
2.163526857361607e-004	1.027415e+000	1.037689e-010
2.184955428790179e-004	1.027415e+000	1.037689e-010
2.206384000218750e-004	1.027415e+000	1.037689e-010
2.237812571647321e-004	1.027415e+000	1.037689e-010
2.269241143075893e-004	1.027415e+000	1.037689e-010
2.300669714504464e-004	1.027415e+000	1.037689e-010
2.332098285933036e-004	1.027415e+000	1.037689e-010
2.363526857361607e-004	1.027415e+000	1.037689e-010
2.394955428790179e-004	1.027415e+000	1.037689e-010
2.426384000218750e-004	1.027415e+000	1.037689e-010
2.463526857361607e-004	1.027415e+000	1.037689e-010
2.500669714504464e-004	1.027415e+000	1.037689e-010
2.537812571647321e-004	1.027415e+000	1.037689e-010
2.574955428790178e-004	1.027415e+000	1.037689e-010
2.612098285933036e-004	1.027415e+000	1.037689e-010
2.649241143075893e-004	1.027415e+000	1.037689e-010
2.686384000218750e-004	1.027415e+000	1.037689e-010
2.724955428790178e-004	1.027415e+000	1.037689e-010
2.763526857361607e-004	1.027415e+000	1.037689e-010
2.802098285933036e-004	1.027415e+000	1.037689e-010
2.840669714504464e-004	1.027415e+000	1.037689e-010
2.879241143075893e-004	1.027415e+000	1.037689e-010
2.917812571647321e-004	1.027415e+000	1.037689e-010
2.956384000218750e-004	1.027415e+000	1.037689e-010
3.974955428790179e-004	1.027415e+000	1.037689e-010
4.993526857361608e-004	1.027415e+000	1.037689e-010
6.012098285933037e-004	1.027415e+000	1.037689e-010
7.030669714504466e-004	1.027415e+000	1.037689e-010
8.049241143075895e-004	1.027415e+000	1.037689e-010
9.067812571647324e-004	1.027415e+000	1.037689e-010
1.008638400021875e-003	1.027415e+000	1.037689e-010
1.009638400021875e-003	1.027415e+000	1.037689e-010
2.000000000000000e-003	1.027415e+000	1.037689e-010
2.000000686880175e-003	4.381847e-001	9.571299e-002
2.000002060640526e-003	5.541720e-002	5.541720e-002
2.000002304323694e-003	6.960116e-002	6.960116e-002
2.000002464233794e-003	8.191346e-002	8.191346e-002
2.000002521627229e-003	8.119676e-002	8.119676e-002
2.000002598030049e-003	8.120000e-002	8.120000e-002
2.000002669486350e-003	8.119392e-002	8.119392e-002
2.000002812398952e-003	8.120091e-002	8.120091e-002
2.000003075911443e-003	8.121548e-002	8.121548e-002
2.000003505972589e-003	8.126178e-002	8.126178e-002
2.000003957081562e-003	8.133280e-002	8.133280e-002
2.000004647212400e-003	8.149320e-002	8.149320e-002
2.000005730938758e-003	8.188621e-002	8.188621e-002
2.000006717106791e-003	8.250894e-002	8.250894e-002
2.000007697074138e-003	8.357041e-002	8.357041e-002
2.000008668550347e-003	8.528341e-002	8.528341e-002
2.000010054130324e-003	8.915545e-002	8.915545e-002
2.000012390027508e-003	9.858258e-002	9.858258e-002
2.000014706322873e-003	1.109089e-001	1.109089e-001
2.000017835889731e-003	1.308522e-001	1.308522e-001
2.000021436088984e-003	1.558495e-001	1.558495e-001
2.000025864947935e-003	1.873384e-001	1.873384e-001
2.000031275725650e-003	2.249320e-001	2.249320e-001
2.000036723475239e-003	2.607265e-001	2.607265e-001
2.000042651695769e-003	2.967389e-001	2.967389e-001
2.000048895759944e-003	3.312538e-001	3.312538e-001
2.000055760487274e-003	3.653970e-001	3.653970e-001
2.000062250803399e-003	3.943737e-001	3.943737e-001
2.000067545605182e-003	4.155729e-001	4.155729e-001
2.000073475566567e-003	4.369524e-001	4.369524e-001
2.000079262562117e-003	4.556525e-001	4.556525e-001
2.000087129546181e-003	4.780568e-001	4.780568e-001
2.000096377437910e-003	5.007607e-001	5.007607e-001
2.000108015695139e-003	5.246202e-001	5.246202e-001
2.000122054964920e-003	5.481107e-001	5.481107e-001
2.000137574494768e-003	5.694250e-001	5.694250e-001
2.000149266930368e-003	5.833037e-001	5.833037e-001
2.000159528157094e-003	5.950330e-001	5.950330e-001
2.000169764303300e-003	6.084272e-001	6.084272e-001
2.000181604199008e-003	6.299009e-001	6.299009e-001
2.000194385089884e-003	6.663828e-001	6.663828e-001
2.000207507062132e-003	7.252750e-001	7.252750e-001
2.000221444356196e-003	8.154663e-001	8.154663e-001
2.000238314332614e-003	9.562394e-001	9.562394e-001
2.000255488126673e-003	1.121903e+000	1.121903e+000
2.000261161300635e-003	1.180331e+000	1.180331e+000
2.000264705832929e-003	1.217556e+000	1.217556e+000
2.000267234554747e-003	1.244089e+000	1.244089e+000
2.000270281509679e-003	1.275923e+000	1.275923e+000
2.000273067294401e-003	1.304857e+000	1.304857e+000
2.000275198677284e-003	1.326831e+000	1.326831e+000
2.000276966898526e-003	1.344913e+000	1.344913e+000
2.000278926867800e-003	1.364779e+000	1.364779e+000
2.000280986436849e-003	1.385416e+000	1.385416e+000
2.000284199277200e-003	1.417112e+000	1.417112e+000
2.000287813296372e-003	1.451976e+000	1.451976e+000
2.000292814317684e-003	1.498922e+000	1.498922e+000
2.000296674895809e-003	1.534031e+000	1.534031e+000
2.000301198599626e-003	1.573845e+000	1.573845e+000
2.000304005625280e-003	1.597723e+000	1.597723e+000
2.000307446198397e-003	1.625927e+000	1.625927e+000
2.000310842341185e-003	1.652712e+000	1.652712e+000
2.000314900768894e-003	1.683467e+000	1.683467e+000
2.000317226698319e-003	1.700436e+000	1.700436e+000
2.000319158400777e-003	1.714031e+000	1.714031e+000
2.000321405995599e-003	1.729350e+000	1.729350e+000
2.000323832798815e-003	1.745339e+000	1.745339e+000
2.000326235481516e-003	1.760592e+000	1.760592e+000
2.000328665471085e-003	1.775429e+000	1.775429e+000
2.000330945709866e-003	1.788765e+000	1.788765e+000
2.000333817847007e-003	1.804593e+000	1.804593e+000
2.000339270533342e-003	1.831594e+000	1.831594e+000
2.000350175906011e-003	1.877199e+000	1.877199e+000
2.000360680439753e-003	1.909294e+000	1.909294e+000
2.000378684409123e-003	1.939075e+000	1.939075e+000
2.000399788329850e-003	1.946386e+000	1.946386e+000
2.000418534595386e-003	1.934795e+000	1.934795e+000
2.000432984450758e-003	1.920044e+000	1.920044e+000
2.000446123666863e-003	1.906449e+000	1.906449e+000
2.000459986254898e-003	1.893211e+000	1.893211e+000
2.000477581907006e-003	1.877271e+000	1.877271e+000
2.000493333711874e-003	1.863350e+000	1.863350e+000
2.000509057132772e-003	1.849661e+000	1.849661e+000
2.000525089507480e-003	1.835880e+000	1.835880e+000
2.000543346543583e-003	1.820389e+000	1.820389e+000
2.000562628079006e-003	1.804249e+000	1.804249e+000
2.000582099167004e-003	1.788189e+000	1.788189e+000
2.000603417812429e-003	1.770873e+000	1.770873e+000
2.000623377624844e-003	1.755015e+000	1.755015e+000
2.000645549940520e-003	1.738415e+000	1.738415e+000
2.000657806517516e-003	1.730600e+000	1.730600e+000
2.000669270311942e-003	1.724479e+000	1.724479e+000
2.000673850728614e-003	1.722100e+000	1.722100e+000
2.000678048496305e-003	1.719814e+000	1.719814e+000
2.000683415167816e-003	1.716758e+000	1.716758e+000
2.000688841990922e-003	1.713497e+000	1.713497e+000
2.000699695637132e-003	1.706521e+000	1.706521e+000
2.000721402929553e-003	1.691608e+000	1.691608e+000
2.000754326252878e-003	1.667902e+000	1.667902e+000
2.000783797630149e-003	1.646281e+000	1.646281e+000
2.000817257005334e-003	1.621826e+000	1.621826e+000
2.000851421082155e-003	1.597275e+000	1.597275e+000
2.000896453869240e-003	1.565611e+000	1.565611e+000
2.000938659248334e-003	1.536742e+000	1.536742e+000
2.001005719745931e-003	1.492345e+000	1.492345e+000
2.001075483625913e-003	1.447758e+000	1.447758e+000
2.001142033889047e-003	1.407068e+000	1.407068e+000
2.001255730881611e-003	1.341005e+000	1.341005e+000
2.001379377567116e-003	1.273241e+000	1.273241e+000
2.001518217674393e-003	1.201743e+000	1.201743e+000
2.001620138107026e-003	1.152303e+000	1.152303e+000
2.001724476911623e-003	1.104353e+000	1.104353e+000
2.001798776203987e-003	1.071688e+000	1.071688e+000
2.001855325052027e-003	1.047749e+000	1.047749e+000
2.001906165497498e-003	1.026859e+000	1.026859e+000
2.001958090996965e-003	1.006050e+000	1.006050e+000
2.002009278635959e-003	9.859831e-001	9.859831e-001
2.002062047137936e-003	9.657284e-001	9.657284e-001
2.002123780973553e-003	9.425210e-001	9.425210e-001
2.002184094355014e-003	9.202896e-001	9.202896e-001
2.002220252662210e-003	9.072079e-001	9.072079e-001
2.002253273371773e-003	8.954663e-001	8.954663e-001
2.002294252752462e-003	8.811197e-001	8.811197e-001
2.002334139578786e-003	8.673794e-001	8.673794e-001
2.002373894855084e-003	8.539211e-001	8.539211e-001
2.002418552276578e-003	8.390790e-001	8.390790e-001
2.002468814021960e-003	8.227131e-001	8.227131e-001
2.002529177750779e-003	8.035112e-001	8.035112e-001
2.002597186576776e-003	7.824675e-001	7.824675e-001
2.002685292622057e-003	7.560796e-001	7.560796e-001
2.002785201950000e-003	7.273590e-001	7.273590e-001
2.002930827729637e-003	6.876552e-001	6.876552e-001
2.003087432018396e-003	6.477328e-001	6.477328e-001
2.003164650861187e-003	6.304201e-001	6.304201e-001
2.003215079525447e-003	6.217689e-001	6.217689e-001
2.003248475237893e-003	6.186519e-001	6.186519e-001
2.003280864717124e-003	6.189788e-001	6.189788e-001
2.003317369580058e-003	6.238005e-001	6.238005e-001
2.003357542706486e-003	6.341549e-001	6.341549e-001
2.003396497788786e-003	6.482743e-001	6.482743e-001
2.003432695959229e-003	6.638088e-001	6.638088e-001
2.003473495578188e-003	6.823748e-001	6.823748e-001
2.003512426048318e-003	6.998707e-001	6.998707e-001
2.003562628239748e-003	7.213064e-001	7.213064e-001
2.003615714176968e-003	7.425682e-001	7.425682e-001
2.003665832056095e-003	7.615724e-001	7.615724e-001
2.003718335518021e-003	7.809197e-001	7.809197e-001
2.003772751423290e-003	8.009340e-001	8.009340e-001
2.003857745933482e-003	8.325612e-001	8.325612e-001
2.003946197314760e-003	8.658472e-001	8.658472e-001
2.004008565451815e-003	8.894010e-001	8.894010e-001
2.004061956157497e-003	9.094452e-001	9.094452e-001
2.004120765625067e-003	9.312111e-001	9.312111e-001
2.004177145718157e-003	9.515288e-001	9.515288e-001
2.004232799294322e-003	9.705954e-001	9.705954e-001
2.004288077381062e-003	9.877394e-001	9.877394e-001
2.004351693117358e-003	1.004162e+000	1.004162e+000
2.004417783763849e-003	1.016762e+000	1.016762e+000
2.004477126739930e-003	1.023942e+000	1.023942e+000
2.004524583261580e-003	1.026945e+000	1.026945e+000
2.004568315231121e-003	1.027965e+000	1.027965e+000
2.004617632257632e-003	1.027956e+000	1.027956e+000
2.004664584839741e-003	1.027410e+000	1.027410e+000
2.004728340364433e-003	1.026550e+000	1.026550e+000
2.004793901555500e-003	1.026005e+000	1.026005e+000
2.004855340364899e-003	1.025967e+000	1.025967e+000
2.004914322481862e-003	1.026292e+000	1.026292e+000
2.004977714981397e-003	1.026786e+000	1.026786e+000
2.005051859756493e-003	1.027243e+000	1.027243e+000
2.005148036241469e-003	1.027474e+000	1.027474e+000
2.005250564306411e-003	1.027382e+000	1.027382e+000
2.005347086145958e-003	1.027197e+000	1.027197e+000
2.005459765910335e-003	1.027091e+000	1.027091e+000
2.005577976098950e-003	1.027125e+000	1.027125e+000
2.005734718918321e-003	1.027210e+000	1.027210e+000
2.005896628095219e-003	1.027222e+000	1.027222e+000
2.006105214136567e-003	1.027188e+000	1.027188e+000
2.006333717978261e-003	1.027183e+000	1.027183e+000
2.006670063327718e-003	1.027197e+000	1.027197e+000
2.007026628874658e-003	1.027195e+000	1.027195e+000
2.007691549416055e-003	1.027193e+000	1.027193e+000
2.008567263950549e-003	1.027194e+000	1.027194e+000
2.009567263950548e-003	1.027194e+000	1.027194e+000
2.010567263950549e-003	1.027195e+000	1.027195e+000
2.011567263950549e-003	1.027195e+000	1.027195e+000
2.012567263950548e-003	1.027195e+000	1.027195e+000
2.013567263950548e-003	1.027196e+000	1.027196e+000
2.014567263950549e-003	1.027196e+000	1.027196e+000
2.015567263950548e-003	1.027196e+000	1.027196e+000
2.016567263950548e-003	1.027197e+000	1.027197e+000
2.017567263950549e-003	1.027197e+000	1.027197e+000
2.018567263950548e-003	1.027197e+000	1.027197e+000
2.019567263950548e-003	1.027198e+000	1.027198e+000
2.020567263950549e-003	1.027198e+000	1.027198e+000
2.021567263950549e-003	1.027198e+000	1.027198e+000
2.022567263950548e-003	1.027198e+000	1.027198e+000
2.023567263950549e-003	1.027199e+000	1.027199e+000
2.024567263950549e-003	1.027199e+000	1.027199e+000
2.025567263950548e-003	1.027199e+000	1.027199e+000
2.026567263950548e-003	1.027200e+000	1.027200e+000
2.027567263950549e-003	1.027200e+000	1.027200e+000
2.028567263950548e-003	1.027200e+000	1.027200e+000
2.029567263950548e-003	1.027200e+000	1.027200e+000
2.030567263950549e-003	1.027201e+000	1.027201e+000
2.032567263950548e-003	1.027201e+000	1.027201e+000
2.033567263950549e-003	1.027201e+000	1.027201e+000
2.034567263950549e-003	1.027202e+000	1.027202e+000
2.035567263950548e-003	1.027202e+000	1.027202e+000
2.036567263950549e-003	1.027202e+000	1.027202e+000
2.037567263950549e-003	1.027202e+000	1.027202e+000
2.038567263950548e-003	1.027203e+000	1.027203e+000
2.039567263950548e-003	1.027203e+000	1.027203e+000
2.040567263950549e-003	1.027203e+000	1.027203e+000
2.041567263950548e-003	1.027203e+000	1.027203e+000
2.042567263950548e-003	1.027204e+000	1.027204e+000
2.043567263950549e-003	1.027204e+000	1.027204e+000
2.044567263950549e-003	1.027204e+000	1.027204e+000
2.045567263950548e-003	1.027204e+000	1.027204e+000
2.046567263950549e-003	1.027204e+000	1.027204e+000
2.047567263950549e-003	1.027205e+000	1.027205e+000
2.048567263950548e-003	1.027205e+000	1.027205e+000
2.049567263950549e-003	1.027205e+000	1.027205e+000
2.050567263950549e-003	1.027205e+000	1.027205e+000
2.051567263950548e-003	1.027205e+000	1.027205e+000
2.052567263950548e-003	1.027205e+000	1.027205e+000
2.053567263950549e-003	1.027206e+000	1.027206e+000
2.054567263950548e-003	1.027206e+000	1.027206e+000
2.055567263950548e-003	1.027206e+000	1.027206e+000
2.056567263950549e-003	1.027206e+000	1.027206e+000
2.057567263950549e-003	1.027206e+000	1.027206e+000
2.058567263950548e-003	1.027207e+000	1.027207e+000
2.059567263950549e-003	1.027207e+000	1.027207e+000
2.060567263950549e-003	1.027207e+000	1.027207e+000
2.061567263950548e-003	1.027207e+000	1.027207e+000
2.062567263950548e-003	1.027207e+000	1.027207e+000
2.063567263950549e-003	1.027207e+000	1.027207e+000
2.064567263950548e-003	1.027207e+000	1.027207e+000
2.065567263950548e-003	1.027208e+000	1.027208e+000
2.066567263950549e-003	1.027208e+000	1.027208e+000
2.067567263950548e-003	1.027208e+000	1.027208e+000
2.068567263950548e-003	1.027208e+000	1.027208e+000
2.069567263950549e-003	1.027208e+000	1.027208e+000
2.070567263950549e-003	1.027208e+000	1.027208e+000
2.071567263950548e-003	1.027209e+000	1.027209e+000
2.072567263950549e-003	1.027209e+000	1.027209e+000
2.073567263950549e-003	1.027209e+000	1.027209e+000
2.074567263950548e-003	1.027209e+000	1.027209e+000
2.075567263950548e-003	1.027209e+000	1.027209e+000
2.076567263950549e-003	1.027209e+000	1.027209e+000
2.077567263950548e-003	1.027209e+000	1.027209e+000
2.078567263950548e-003	1.027210e+000	1.027210e+000
2.079567263950549e-003	1.027210e+000	1.027210e+000
2.080567263950549e-003	1.027210e+000	1.027210e+000
2.081567263950548e-003	1.027210e+000	1.027210e+000
2.082567263950549e-003	1.027210e+000	1.027210e+000
2.083567263950549e-003	1.027210e+000	1.027210e+000
2.084567263950548e-003	1.027210e+000	1.027210e+000
2.085567263950549e-003	1.027210e+000	1.027210e+000
2.086567263950549e-003	1.027210e+000	1.027210e+000
2.087567263950548e-003	1.027210e+000	1.027210e+000
2.088567263950548e-003	1.027211e+000	1.027211e+000
2.089567263950549e-003	1.027211e+000	1.027211e+000
2.090567263950548e-003	1.027211e+000	1.027211e+000
2.091567263950548e-003	1.027211e+000	1.027211e+000
2.092567263950549e-003	1.027211e+000	1.027211e+000
2.093567263950549e-003	1.027211e+000	1.027211e+000
2.094567263950548e-003	1.027211e+000	1.027211e+000
2.095567263950549e-003	1.027211e+000	1.027211e+000
2.096567263950549e-003	1.027211e+000	1.027211e+000
2.097567263950548e-003	1.027212e+000	1.027212e+000
2.098567263950549e-003	1.027212e+000	1.027212e+000
2.099567263950549e-003	1.027212e+000	1.027212e+000
2.100567263950548e-003	1.027212e+000	1.027212e+000
2.101567263950548e-003	1.027212e+000	1.027212e+000
2.102567263950549e-003	1.027212e+000	1.027212e+000
2.103567263950548e-003	1.027212e+000	1.027212e+000
2.105567263950549e-003	1.027212e+000	1.027212e+000
2.106567263950549e-003	1.027212e+000	1.027212e+000
2.107567263950548e-003	1.027212e+000	1.027212e+000
2.108567263950549e-003	1.027213e+000	1.027213e+000
2.109567263950549e-003	1.027213e+000	1.027213e+000
2.110567263950548e-003	1.027213e+000	1.027213e+000
2.111567263950548e-003	1.027213e+000	1.027213e+000
2.112567263950549e-003	1.027213e+000	1.027213e+000
2.113567263950548e-003	1.027213e+000	1.027213e+000
2.114567263950548e-003	1.027213e+000	1.027213e+000
2.115567263950549e-003	1.027213e+000	1.027213e+000
2.117567263950548e-003	1.027213e+000	1.027213e+000
2.118567263950549e-003	1.027213e+000	1.027213e+000
2.119567263950549e-003	1.027213e+000	1.027213e+000
2.120567263950548e-003	1.027214e+000	1.027214e+000
2.121567263950549e-003	1.027214e+000	1.027214e+000
2.122567263950549e-003	1.027214e+000	1.027214e+000
2.123567263950548e-003	1.027214e+000	1.027214e+000
2.124567263950548e-003	1.027214e+000	1.027214e+000
2.125567263950549e-003	1.027214e+000	1.027214e+000
2.126567263950548e-003	1.027214e+000	1.027214e+000
2.127567263950548e-003	1.027214e+000	1.027214e+000
2.128567263950549e-003	1.027214e+000	1.027214e+000
2.129567263950549e-003	1.027214e+000	1.027214e+000
2.130567263950548e-003	1.027214e+000	1.027214e+000
2.131567263950549e-003	1.027214e+000	1.027214e+000
2.132567263950549e-003	1.027214e+000	1.027214e+000
2.133567263950548e-003	1.027214e+000	1.027214e+000
2.134567263950549e-003	1.027215e+000	1.027215e+000
2.135567263950549e-003	1.027215e+000	1.027215e+000
2.136567263950548e-003	1.027215e+000	1.027215e+000
2.137567263950548e-003	1.027215e+000	1.027215e+000
2.138567263950549e-003	1.027215e+000	1.027215e+000
2.139567263950548e-003	1.027215e+000	1.027215e+000
2.140567263950548e-003	1.027215e+000	1.027215e+000
2.141567263950549e-003	1.027215e+000	1.027215e+000
2.142567263950549e-003	1.027215e+000	1.027215e+000
2.143567263950548e-003	1.027215e+000	1.027215e+000
2.144567263950549e-003	1.027215e+000	1.027215e+000
2.145567263950549e-003	1.027215e+000	1.027215e+000
2.146567263950548e-003	1.027215e+000	1.027215e+000
2.147567263950548e-003	1.027215e+000	1.027215e+000
2.148567263950549e-003	1.027215e+000	1.027215e+000
2.149567263950548e-003	1.027215e+000	1.027215e+000
2.150567263950548e-003	1.027215e+000	1.027215e+000
2.151567263950549e-003	1.027215e+000	1.027215e+000
2.152567263950548e-003	1.027215e+000	1.027215e+000
2.153567263950548e-003	1.027215e+000	1.027215e+000
2.154567263950549e-003	1.027216e+000	1.027216e+000
2.155567263950549e-003	1.027216e+000	1.027216e+000
2.156567263950548e-003	1.027216e+000	1.027216e+000
2.157567263950549e-003	1.027216e+000	1.027216e+000
2.158567263950549e-003	1.027216e+000	1.027216e+000
2.159567263950548e-003	1.027216e+000	1.027216e+000
2.160567263950548e-003	1.027216e+000	1.027216e+000
2.161567263950549e-003	1.027216e+000	1.027216e+000
2.162567263950548e-003	1.027216e+000	1.027216e+000
2.163567263950548e-003	1.027216e+000	1.027216e+000
2.164567263950549e-003	1.027216e+000	1.027216e+000
2.165567263950548e-003	1.027216e+000	1.027216e+000
2.166567263950548e-003	1.027216e+000	1.027216e+000
2.167567263950549e-003	1.027216e+000	1.027216e+000
2.168567263950549e-003	1.027216e+000	1.027216e+000
2.169567263950548e-003	1.027216e+000	1.027216e+000
2.170567263950549e-003	1.027216e+000	1.027216e+000
2.171567263950549e-003	1.027216e+000	1.027216e+000
2.172567263950548e-003	1.027216e+000	1.027216e+000
2.173567263950548e-003	1.027216e+000	1.027216e+000
2.174567263950549e-003	1.027216e+000	1.027216e+000
2.175567263950548e-003	1.027217e+000	1.027217e+000
2.176567263950548e-003	1.027217e+000	1.027217e+000
2.178567263950549e-003	1.027217e+000	1.027217e+000
2.179567263950548e-003	1.027217e+000	1.027217e+000
2.180567263950549e-003	1.027217e+000	1.027217e+000
2.181567263950549e-003	1.027217e+000	1.027217e+000
2.182567263950548e-003	1.027217e+000	1.027217e+000
2.183567263950549e-003	1.027217e+000	1.027217e+000
2.184567263950549e-003	1.027217e+000	1.027217e+000
2.185567263950548e-003	1.027217e+000	1.027217e+000
2.186567263950548e-003	1.027217e+000	1.027217e+000
2.187567263950549e-003	1.027217e+000	1.027217e+000
2.188567263950548e-003	1.027217e+000	1.027217e+000
2.190567263950549e-003	1.027217e+000	1.027217e+000
2.191567263950549e-003	1.027217e+000	1.027217e+000
2.192567263950548e-003	1.027217e+000	1.027217e+000
2.193567263950549e-003	1.027217e+000	1.027217e+000
2.194567263950549e-003	1.027217e+000	1.027217e+000
2.195567263950548e-003	1.027217e+000	1.027217e+000
2.196567263950548e-003	1.027217e+000	1.027217e+000
2.197567263950549e-003	1.027217e+000	1.027217e+000
2.198567263950548e-003	1.027217e+000	1.027217e+000
2.199567263950548e-003	1.027217e+000	1.027217e+000
2.200567263950549e-003	1.027217e+000	1.027217e+000
2.202567263950548e-003	1.027218e+000	1.027218e+000
2.203567263950549e-003	1.027218e+000	1.027218e+000
2.204567263950549e-003	1.027218e+000	1.027218e+000
2.205567263950548e-003	1.027218e+000	1.027218e+000
2.206567263950549e-003	1.027218e+000	1.027218e+000
2.207567263950549e-003	1.027218e+000	1.027218e+000
2.208567263950548e-003	1.027218e+000	1.027218e+000
2.209567263950548e-003	1.027218e+000	1.027218e+000
2.210567263950549e-003	1.027218e+000	1.027218e+000
2.211567263950548e-003	1.027218e+000	1.027218e+000
2.212567263950548e-003	1.027218e+000	1.027218e+000
2.214567263950548e-003	1.027218e+000	1.027218e+000
2.215567263950548e-003	1.027218e+000	1.027218e+000
2.216567263950549e-003	1.027218e+000	1.027218e+000
2.217567263950549e-003	1.027218e+000	1.027218e+000
2.218567263950548e-003	1.027218e+000	1.027218e+000
2.219567263950549e-003	1.027218e+000	1.027218e+000
2.220567263950549e-003	1.027218e+000	1.027218e+000
2.221567263950548e-003	1.027218e+000	1.027218e+000
2.222567263950548e-003	1.027218e+000	1.027218e+000
2.223567263950549e-003	1.027218e+000	1.027218e+000
2.224567263950548e-003	1.027218e+000	1.027218e+000
2.227567263950549e-003	1.027218e+000	1.027218e+000
2.228567263950548e-003	1.027218e+000	1.027218e+000
2.229567263950549e-003	1.027218e+000	1.027218e+000
2.230567263950549e-003	1.027218e+000	1.027218e+000
2.231567263950548e-003	1.027218e+000	1.027218e+000
2.232567263950549e-003	1.027218e+000	1.027218e+000
2.233567263950549e-003	1.027218e+000	1.027218e+000
2.234567263950548e-003	1.027218e+000	1.027218e+000
2.235567263950548e-003	1.027218e+000	1.027218e+000
2.236567263950549e-003	1.027218e+000	1.027218e+000
2.239567263950549e-003	1.027218e+000	1.027218e+000
2.240567263950549e-003	1.027218e+000	1.027218e+000
2.241567263950548e-003	1.027219e+000	1.027219e+000
2.242567263950549e-003	1.027219e+000	1.027219e+000
2.243567263950549e-003	1.027219e+000	1.027219e+000
2.244567263950548e-003	1.027219e+000	1.027219e+000
2.245567263950548e-003	1.027219e+000	1.027219e+000
2.246567263950549e-003	1.027219e+000	1.027219e+000
2.247567263950548e-003	1.027219e+000	1.027219e+000
2.248567263950548e-003	1.027219e+000	1.027219e+000
2.250567263950548e-003	1.027219e+000	1.027219e+000
2.251567263950548e-003	1.027219e+000	1.027219e+000
2.252567263950549e-003	1.027219e+000	1.027219e+000
2.253567263950549e-003	1.027219e+000	1.027219e+000
2.254567263950548e-003	1.027219e+000	1.027219e+000
2.255567263950549e-003	1.027219e+000	1.027219e+000
2.256567263950549e-003	1.027219e+000	1.027219e+000
2.257567263950548e-003	1.027219e+000	1.027219e+000
2.258567263950548e-003	1.027219e+000	1.027219e+000
2.259567263950549e-003	1.027219e+000	1.027219e+000
2.260567263950548e-003	1.027219e+000	1.027219e+000
2.262567263950549e-003	1.027219e+000	1.027219e+000
2.263567263950548e-003	1.027219e+000	1.027219e+000
2.264567263950548e-003	1.027219e+000	1.027219e+000
2.265567263950549e-003	1.027219e+000	1.027219e+000
2.266567263950549e-003	1.027219e+000	1.027219e+000
2.267567263950548e-003	1.027219e+000	1.027219e+000
2.268567263950549e-003	1.027219e+000	1.027219e+000
2.269567263950549e-003	1.027219e+000	1.027219e+000
2.270567263950548e-003	1.027219e+000	1.027219e+000
2.271567263950548e-003	1.027219e+000	1.027219e+000
2.272567263950549e-003	1.027219e+000	1.027219e+000
2.274567263950548e-003	1.027219e+000	1.027219e+000
2.276567263950549e-003	1.027219e+000	1.027219e+000
2.277567263950548e-003	1.027219e+000	1.027219e+000
2.278567263950549e-003	1.027219e+000	1.027219e+000
2.279567263950549e-003	1.027219e+000	1.027219e+000
2.280567263950548e-003	1.027219e+000	1.027219e+000
2.281567263950549e-003	1.027219e+000	1.027219e+000
2.282567263950549e-003	1.027219e+000	1.027219e+000
2.283567263950548e-003	1.027219e+000	1.027219e+000
2.284567263950548e-003	1.027219e+000	1.027219e+000
2.286567263950548e-003	1.027219e+000	1.027219e+000
2.288567263950549e-003	1.027219e+000	1.027219e+000
2.289567263950549e-003	1.027219e+000	1.027219e+000
2.290567263950548e-003	1.027219e+000	1.027219e+000
2.291567263950549e-003	1.027219e+000	1.027219e+000
2.292567263950549e-003	1.027219e+000	1.027219e+000
2.293567263950548e-003	1.027219e+000	1.027219e+000
2.294567263950548e-003	1.027219e+000	1.027219e+000
2.295567263950549e-003	1.027219e+000	1.027219e+000
2.296567263950548e-003	1.027219e+000	1.027219e+000
2.298567263950549e-003	1.027219e+000	1.027219e+000
2.300567263950548e-003	1.027219e+000	1.027219e+000
2.301567263950549e-003	1.027220e+000	1.027220e+000
2.302567263950549e-003	1.027220e+000	1.027220e+000
2.303567263950548e-003	1.027220e+000	1.027220e+000
2.304567263950549e-003	1.027220e+000	1.027220e+000
2.305567263950549e-003	1.027220e+000	1.027220e+000
2.306567263950548e-003	1.027220e+000	1.027220e+000
2.307567263950548e-003	1.027220e+000	1.027220e+000
2.308567263950549e-003	1.027220e+000	1.027220e+000
2.310567263950548e-003	1.027220e+000	1.027220e+000
2.312567263950548e-003	1.027220e+000	1.027220e+000
2.313567263950548e-003	1.027220e+000	1.027220e+000
2.314567263950549e-003	1.027220e+000	1.027220e+000
2.315567263950549e-003	1.027220e+000	1.027220e+000
2.316567263950548e-003	1.027220e+000	1.027220e+000
2.317567263950549e-003	1.027220e+000	1.027220e+000
2.318567263950549e-003	1.027220e+000	1.027220e+000
2.319567263950548e-003	1.027220e+000	1.027220e+000
2.321567263950549e-003	1.027220e+000	1.027220e+000
2.322281549664834e-003	1.027220e+000	1.027220e+000
2.322995835379120e-003	1.027220e+000	1.027220e+000
2.323710121093406e-003	1.027220e+000	1.027220e+000
2.324424406807691e-003	1.027220e+000	1.027220e+000
2.325138692521977e-003	1.027220e+000	1.027220e+000
2.325852978236263e-003	1.027220e+000	1.027220e+000
2.326567263950548e-003	1.027220e+000	1.027220e+000
2.327567263950549e-003	1.027220e+000	1.027220e+000
2.328567263950549e-003	1.027220e+000	1.027220e+000
2.329567263950548e-003	1.027220e+000	1.027220e+000
2.330567263950549e-003	1.027220e+000	1.027220e+000
2.331567263950549e-003	1.027220e+000	1.027220e+000
2.333567263950548e-003	1.027220e+000	1.027220e+000
2.334281549664834e-003	1.027220e+000	1.027220e+000
2.334995835379120e-003	1.027220e+000	1.027220e+000
2.335710121093406e-003	1.027220e+000	1.027220e+000
2.336424406807691e-003	1.027220e+000	1.027220e+000
2.337138692521977e-003	1.027220e+000	1.027220e+000
2.337852978236263e-003	1.027220e+000	1.027220e+000
2.338567263950549e-003	1.027220e+000	1.027220e+000
2.339567263950548e-003	1.027220e+000	1.027220e+000
2.340567263950549e-003	1.027220e+000	1.027220e+000
2.341567263950549e-003	1.027220e+000	1.027220e+000
2.342567263950548e-003	1.027220e+000	1.027220e+000
2.344567263950549e-003	1.027220e+000	1.027220e+000
2.347567263950549e-003	1.027220e+000	1.027220e+000
2.350567263950549e-003	1.027220e+000	1.027220e+000
2.352567263950548e-003	1.027220e+000	1.027220e+000
2.354567263950549e-003	1.027220e+000	1.027220e+000
2.356567263950548e-003	1.027220e+000	1.027220e+000
2.359567263950548e-003	1.027220e+000	1.027220e+000
2.362567263950548e-003	1.027220e+000	1.027220e+000
2.364567263950549e-003	1.027220e+000	1.027220e+000
2.366567263950549e-003	1.027220e+000	1.027220e+000
2.368567263950548e-003	1.027220e+000	1.027220e+000
2.369567263950548e-003	1.027220e+000	1.027220e+000
2.370567263950548e-003	1.027220e+000	1.027220e+000
2.371567263950548e-003	1.027220e+000	1.027220e+000
2.372567263950548e-003	1.027220e+000	1.027220e+000
2.373567263950549e-003	1.027220e+000	1.027220e+000
2.374567263950548e-003	1.027220e+000	1.027220e+000
2.375567263950548e-003	1.027220e+000	1.027220e+000
2.377567263950549e-003	1.027220e+000	1.027220e+000
2.379567263950549e-003	1.027220e+000	1.027220e+000
2.382567263950548e-003	1.027220e+000	1.027220e+000
2.383710121093406e-003	1.027220e+000	1.027220e+000
2.384852978236263e-003	1.027220e+000	1.027220e+000
2.385995835379120e-003	1.027220e+000	1.027220e+000
2.387138692521977e-003	1.027220e+000	1.027220e+000
2.388281549664834e-003	1.027220e+000	1.027220e+000
2.389424406807692e-003	1.027220e+000	1.027220e+000
2.390567263950549e-003	1.027220e+000	1.027220e+000
2.393567263950549e-003	1.027220e+000	1.027220e+000
2.394710121093406e-003	1.027220e+000	1.027220e+000
2.395852978236263e-003	1.027220e+000	1.027220e+000
2.396995835379120e-003	1.027220e+000	1.027220e+000
2.398138692521977e-003	1.027220e+000	1.027220e+000
2.399281549664834e-003	1.027220e+000	1.027220e+000
2.400424406807691e-003	1.027220e+000	1.027220e+000
2.401567263950548e-003	1.027220e+000	1.027220e+000
2.404567263950548e-003	1.027220e+000	1.027220e+000
2.405710121093405e-003	1.027220e+000	1.027220e+000
2.406852978236263e-003	1.027220e+000	1.027220e+000
2.407995835379120e-003	1.027220e+000	1.027220e+000
2.409138692521977e-003	1.027220e+000	1.027220e+000
2.410281549664834e-003	1.027220e+000	1.027220e+000
2.411424406807691e-003	1.027220e+000	1.027220e+000
2.412567263950549e-003	1.027220e+000	1.027220e+000
2.415567263950549e-003	1.027220e+000	1.027220e+000
2.416852978236263e-003	1.027220e+000	1.027220e+000
2.418138692521977e-003	1.027220e+000	1.027220e+000
2.419424406807691e-003	1.027220e+000	1.027220e+000
2.420710121093406e-003	1.027220e+000	1.027220e+000
2.421995835379120e-003	1.027220e+000	1.027220e+000
2.423281549664834e-003	1.027220e+000	1.027220e+000
2.424567263950548e-003	1.027220e+000	1.027220e+000
2.427567263950548e-003	1.027220e+000	1.027220e+000
2.428852978236263e-003	1.027220e+000	1.027220e+000
2.430138692521977e-003	1.027220e+000	1.027220e+000
2.431424406807691e-003	1.027220e+000	1.027220e+000
2.432710121093406e-003	1.027220e+000	1.027220e+000
2.433995835379120e-003	1.027220e+000	1.027220e+000
2.435281549664834e-003	1.027220e+000	1.027220e+000
2.436567263950549e-003	1.027220e+000	1.027220e+000
2.439567263950549e-003	1.027220e+000	1.027220e+000
2.440995835379120e-003	1.027220e+000	1.027220e+000
2.442424406807692e-003	1.027220e+000	1.027220e+000
2.443852978236263e-003	1.027220e+000	1.027220e+000
2.445281549664834e-003	1.027220e+000	1.027220e+000
2.446710121093406e-003	1.027220e+000	1.027220e+000
2.448138692521977e-003	1.027220e+000	1.027220e+000
2.449567263950549e-003	1.027220e+000	1.027220e+000
2.451138692521977e-003	1.027220e+000	1.027220e+000
2.452710121093406e-003	1.027220e+000	1.027220e+000
2.454281549664834e-003	1.027220e+000	1.027220e+000
2.455852978236263e-003	1.027220e+000	1.027220e+000
2.457424406807691e-003	1.027220e+000	1.027220e+000
2.458995835379120e-003	1.027220e+000	1.027220e+000
2.460567263950548e-003	1.027220e+000	1.027220e+000
2.462281549664834e-003	1.027220e+000	1.027220e+000
2.463995835379120e-003	1.027220e+000	1.027220e+000
2.465710121093406e-003	1.027220e+000	1.027220e+000
2.467424406807691e-003	1.027220e+000	1.027220e+000
2.469138692521977e-003	1.027220e+000	1.027220e+000
2.470852978236262e-003	1.027220e+000	1.027220e+000
2.472567263950548e-003	1.027220e+000	1.027220e+000
2.474424406807691e-003	1.027220e+000	1.027220e+000
2.476281549664834e-003	1.027220e+000	1.027220e+000
2.478138692521977e-003	1.027220e+000	1.027220e+000
2.479995835379120e-003	1.027220e+000	1.027220e+000
2.481852978236263e-003	1.027220e+000	1.027220e+000
2.483710121093406e-003	1.027220e+000	1.027220e+000
2.485567263950549e-003	1.027220e+000	1.027220e+000
2.487424406807692e-003	1.027220e+000	1.027220e+000
2.489281549664834e-003	1.027220e+000	1.027220e+000
2.491138692521977e-003	1.027220e+000	1.027220e+000
2.492995835379120e-003	1.027220e+000	1.027220e+000
2.494852978236263e-003	1.027220e+000	1.027220e+000
2.496710121093406e-003	1.027220e+000	1.027220e+000
2.498567263950549e-003	1.027220e+000	1.027220e+000
2.500567263950549e-003	1.027220e+000	1.027220e+000
2.502567263950549e-003	1.027220e+000	1.027220e+000
2.504567263950549e-003	1.027220e+000	1.027220e+000
2.506567263950548e-003	1.027220e+000	1.027220e+000
2.508567263950548e-003	1.027220e+000	1.027220e+000
2.510567263950549e-003	1.027220e+000	1.027220e+000
2.512567263950548e-003	1.027220e+000	1.027220e+000
2.515852978236263e-003	1.027220e+000	1.027220e+000
2.519138692521977e-003	1.027220e+000	1.027220e+000
2.522424406807691e-003	1.027220e+000	1.027220e+000
2.525710121093405e-003	1.027220e+000	1.027220e+000
2.528995835379120e-003	1.027220e+000	1.027220e+000
2.532281549664834e-003	1.027220e+000	1.027220e+000
2.535567263950548e-003	1.027220e+000	1.027220e+000
2.539424406807691e-003	1.027220e+000	1.027220e+000
2.543281549664834e-003	1.027220e+000	1.027220e+000
2.547138692521977e-003	1.027220e+000	1.027220e+000
2.550995835379120e-003	1.027220e+000	1.027220e+000
2.554852978236263e-003	1.027220e+000	1.027220e+000
2.558710121093406e-003	1.027220e+000	1.027220e+000
2.562567263950549e-003	1.027220e+000	1.027220e+000
2.566281549664834e-003	1.027220e+000	1.027220e+000
2.569995835379120e-003	1.027220e+000	1.027220e+000
2.573710121093406e-003	1.027220e+000	1.027220e+000
2.577424406807691e-003	1.027220e+000	1.027220e+000
2.581138692521977e-003	1.027220e+000	1.027220e+000
2.584852978236263e-003	1.027220e+000	1.027220e+000
2.588567263950548e-003	1.027220e+000	1.027220e+000
2.596567263950549e-003	1.027220e+000	1.027220e+000
2.604567263950548e-003	1.027220e+000	1.027220e+000
2.612567263950549e-003	1.027220e+000	1.027220e+000
2.620567263950548e-003	1.027220e+000	1.027220e+000
2.628567263950549e-003	1.027220e+000	1.027220e+000
2.636567263950548e-003	1.027220e+000	1.027220e+000
2.644567263950549e-003	1.027220e+000	1.027220e+000
2.880567263950549e-003	1.027220e+000	1.027220e+000
3.904567263950548e-003	1.027221e+000	1.027221e+000
3.999134527901097e-003	1.027221e+000	1.027221e+000
3.999461888395613e-003	1.027221e+000	1.027221e+000
3.999578497780258e-003	1.027221e+000	1.027221e+000
3.999766781230709e-003	1.027221e+000	1.027221e+000
4.000000000000000e-003	2.660783e+000	5.146708e-001
4.000000468259607e-003	3.761337e+000	3.424278e-001
4.000001404778821e-003	7.604677e+000	7.680724e-010
4.000001409499396e-003	7.615242e+000	7.691395e-010
4.000001418940543e-003	7.624759e+000	7.701007e-010
4.000001437822839e-003	7.645346e+000	7.721799e-010
4.000001475587430e-003	7.688274e+000	7.765157e-010
4.000001514355035e-003	7.733577e+000	7.810912e-010
4.000001589130211e-003	7.822032e+000	7.900253e-010
4.000001679695472e-003	7.927939e+000	8.007218e-010
4.000001789444283e-003	8.052207e+000	8.132729e-010
4.000001906656782e-003	8.178533e+000	8.260318e-010
4.000002045112913e-003	8.318774e+000	8.401962e-010
4.000002224559844e-003	8.486664e+000	8.571531e-010
4.000002537652971e-003	8.752312e+000	8.839835e-010
4.000002912669057e-003	9.036138e+000	9.126500e-010
4.000003319953058e-003	9.307794e+000	9.400871e-010
4.000003705974487e-003	9.534499e+000	9.629844e-010
4.000004106897423e-003	9.743766e+000	9.841203e-010
4.000004412887872e-003	9.887459e+000	9.986334e-010
4.000004721155799e-003	1.001895e+001	1.011914e-009
4.000005029763659e-003	1.013873e+001	1.024012e-009
4.000005504855872e-003	1.030510e+001	1.040815e-009
4.000006020323976e-003	1.046551e+001	1.057016e-009
4.000006710384425e-003	1.065254e+001	1.075906e-009
4.000007563932039e-003	1.085103e+001	1.095954e-009
4.000008748096668e-003	1.108442e+001	1.119526e-009
4.000010114955929e-003	1.131391e+001	1.142705e-009
4.000011554349879e-003	1.152228e+001	1.163751e-009
4.000013459686540e-003	1.176414e+001	1.188178e-009
4.000016853881724e-003	1.215172e+001	1.227324e-009
4.000021107139549e-003	1.260220e+001	1.272823e-009
4.000025802583910e-003	1.307401e+001	1.320475e-009
4.000032221316730e-003	1.369160e+001	1.382852e-009
4.000042179112175e-003	1.460273e+001	1.474876e-009
4.000054330421112e-003	1.564420e+001	1.580064e-009
4.000066900195122e-003	1.663150e+001	1.679782e-009
4.000081785228329e-003	1.767277e+001	1.784950e-009
4.000100218123390e-003	1.880075e+001	1.898875e-009
4.000112011073950e-003	1.941636e+001	1.961053e-009
4.000119619277473e-003	1.971326e+001	1.991040e-009
4.000125737494179e-003	1.984968e+001	2.004818e-009
4.000128964868949e-003	1.988205e+001	2.008087e-009
4.000132656119758e-003	1.990192e+001	2.010094e-009
4.000136006159947e-003	1.991537e+001	2.011453e-009
4.000141395823759e-003	1.993177e+001	2.013109e-009
4.000149268604581e-003	1.994999e+001	2.014949e-009
4.000159740662894e-003	1.996793e+001	2.016761e-009
4.000173405023503e-003	1.998507e+001	2.018492e-009
4.000188331692471e-003	1.999907e+001	2.019906e-009
4.000202215602285e-003	2.000916e+001	2.020925e-009
4.000217512890102e-003	2.001783e+001	2.021801e-009
4.000232172623850e-003	2.002395e+001	2.022419e-009
4.000251986384199e-003	2.002968e+001	2.022997e-009
4.000271157436034e-003	2.003327e+001	2.023360e-009
4.000295004769649e-003	2.003590e+001	2.023626e-009
4.000318308856772e-003	2.003726e+001	2.023763e-009
4.000342166626750e-003	2.003775e+001	2.023813e-009
4.000372674867460e-003	2.003759e+001	2.023797e-009
4.000404437776142e-003	2.003684e+001	2.023721e-009
4.000454569519359e-003	2.003499e+001	2.023534e-009
4.000508864286684e-003	2.003257e+001	2.023290e-009
4.000534349034967e-003	2.003132e+001	2.023163e-009
4.000554924827944e-003	2.003026e+001	2.023056e-009
4.000581362240633e-003	2.002887e+001	2.022916e-009
4.000592624191892e-003	2.002826e+001	2.022855e-009
4.000604900335552e-003	2.002759e+001	2.022787e-009
4.000620756378329e-003	2.002671e+001	2.022697e-009
4.000639324619943e-003	2.002566e+001	2.022591e-009
4.000656877540106e-003	2.002465e+001	2.022490e-009
4.000667989033247e-003	2.002401e+001	2.022425e-009
4.000679973984260e-003	2.002331e+001	2.022354e-009
4.000693129819135e-003	2.002254e+001	2.022276e-009
4.000707077044365e-003	2.002171e+001	2.022193e-009
4.000721920156818e-003	2.002083e+001	2.022104e-009
4.000737877192222e-003	2.001988e+001	2.022008e-009
4.000755300490143e-003	2.001882e+001	2.021901e-009
4.000771584677460e-003	2.001782e+001	2.021800e-009
4.000787060747055e-003	2.001686e+001	2.021703e-009
4.000802360932707e-003	2.001590e+001	2.021605e-009
4.000818647964834e-003	2.001485e+001	2.021500e-009
4.000835639780652e-003	2.001375e+001	2.021389e-009
4.000854270157892e-003	2.001252e+001	2.021264e-009
4.000875098561002e-003	2.001111e+001	2.021122e-009
4.000903074879172e-003	2.000919e+001	2.020928e-009
4.000921837469662e-003	2.000787e+001	2.020795e-009
4.000940769355390e-003	2.000651e+001	2.020657e-009
4.000964347734708e-003	2.000477e+001	2.020482e-009
4.000988611302175e-003	2.000294e+001	2.020297e-009
4.001020460076103e-003	2.000044e+001	2.020045e-009
4.001060938405092e-003	1.999710e+001	2.019707e-009
4.001116791817061e-003	1.999214e+001	2.019206e-009
4.001184390859974e-003	1.998555e+001	2.018540e-009
4.001251940732128e-003	1.997785e+001	2.017763e-009
4.001376843474127e-003	1.995923e+001	2.015882e-009
4.001567415185433e-003	1.991575e+001	2.011491e-009
4.001850441268458e-003	1.981611e+001	2.001427e-009
4.002107054515455e-003	1.968627e+001	1.988313e-009
4.002400089906206e-003	1.949027e+001	1.968517e-009
4.002756117387847e-003	1.919326e+001	1.938519e-009
4.003303113146364e-003	1.864184e+001	1.882826e-009
4.003947509430586e-003	1.787922e+001	1.805801e-009
4.004520123340061e-003	1.709752e+001	1.726849e-009
4.005091427696207e-003	1.622155e+001	1.638377e-009
4.005852881355993e-003	1.496895e+001	1.511864e-009
4.006547881469552e-003	1.379795e+001	1.393593e-009
4.007372461443072e-003	1.243416e+001	1.255850e-009
4.008138753459962e-003	1.124360e+001	1.135603e-009
4.008487939789049e-003	1.076024e+001	1.086784e-009
4.008717462510678e-003	1.047586e+001	1.058062e-009
4.008932282470253e-003	1.021942e+001	1.032161e-009
4.009107099007134e-003	1.001142e+001	1.011153e-009
4.009295574952593e-003	9.787225e+000	9.885097e-010
4.009504077644217e-003	9.539277e+000	9.634670e-010
4.009753358803318e-003	9.242959e+000	9.335388e-010
4.010015965083277e-003	8.931006e+000	9.020317e-010
4.010154160686408e-003	8.767062e+000	8.854733e-010
4.010239189368737e-003	8.666668e+000	8.753334e-010
4.010352809027735e-003	8.533532e+000	8.618868e-010
4.010424012721262e-003	8.450771e+000	8.535278e-010
4.010498796896013e-003	8.364645e+000	8.448292e-010
4.010648365245515e-003	8.194316e+000	8.276259e-010
4.010859268820981e-003	7.957716e+000	8.037294e-010
4.011105522148404e-003	7.687702e+000	7.764579e-010
4.011539824487521e-003	7.227213e+000	7.299485e-010
4.012180211376296e-003	6.581626e+000	6.647442e-010
4.013171872770496e-003	5.647055e+000	5.703525e-010
4.014171872770496e-003	4.777452e+000	4.825226e-010
4.015171872770496e-003	3.982161e+000	4.021983e-010
4.016171872770496e-003	3.255233e+000	3.287785e-010
4.017171872770496e-003	2.591117e+000	2.617028e-010
4.018171872770497e-003	1.982142e+000	2.001963e-010
4.018960222897439e-003	1.536857e+000	1.552226e-010
4.019391296249435e-003	1.307433e+000	1.320507e-010
4.019631693212135e-003	1.185504e+000	1.197359e-010
4.019771473348463e-003	1.119580e+000	1.130776e-010
4.019848506076299e-003	1.088990e+000	1.099880e-010
4.019925530500181e-003	1.065266e+000	1.075918e-010
4.019966808391774e-003	1.055751e+000	1.066309e-010
4.020009922616259e-003	1.048439e+000	1.058923e-010
4.020051526221019e-003	1.043090e+000	1.053521e-010
4.020096990224636e-003	1.038815e+000	1.049203e-010
4.020150917267639e-003	1.035268e+000	1.045621e-010
4.020216924409279e-003	1.032398e+000	1.042722e-010
4.020282590884583e-003	1.030631e+000	1.040938e-010
4.020359012571921e-003	1.029445e+000	1.039740e-010
4.020442332745846e-003	1.028735e+000	1.039022e-010
4.020538312470473e-003	1.028329e+000	1.038612e-010
4.020671771138796e-003	1.028079e+000	1.038360e-010
4.020810273621452e-003	1.027978e+000	1.038257e-010
4.021057092150728e-003	1.027922e+000	1.038201e-010
4.021309445102039e-003	1.027903e+000	1.038183e-010
4.021814151004662e-003	1.027897e+000	1.038176e-010
4.022576205786272e-003	1.027902e+000	1.038181e-010
4.023576205786272e-003	1.027914e+000	1.038193e-010
4.024576205786271e-003	1.027923e+000	1.038202e-010
4.025576205786271e-003	1.027927e+000	1.038206e-010
4.026576205786271e-003	1.027928e+000	1.038207e-010
4.027576205786271e-003	1.027927e+000	1.038206e-010
4.028576205786272e-003	1.027924e+000	1.038203e-010
4.029576205786272e-003	1.027921e+000	1.038200e-010
4.030576205786271e-003	1.027917e+000	1.038196e-010
4.031576205786271e-003	1.027913e+000	1.038192e-010
4.032576205786271e-003	1.027909e+000	1.038188e-010
4.033576205786271e-003	1.027905e+000	1.038184e-010
4.034576205786272e-003	1.027901e+000	1.038180e-010
4.035576205786272e-003	1.027896e+000	1.038175e-010
4.036576205786272e-003	1.027892e+000	1.038171e-010
4.037576205786271e-003	1.027887e+000	1.038166e-010
4.038576205786271e-003	1.027883e+000	1.038162e-010
4.039576205786271e-003	1.027878e+000	1.038157e-010
4.040576205786271e-003	1.027874e+000	1.038152e-010
4.041576205786272e-003	1.027869e+000	1.038147e-010
4.042576205786272e-003	1.027864e+000	1.038143e-010
4.043576205786272e-003	1.027859e+000	1.038138e-010
4.044576205786271e-003	1.027855e+000	1.038133e-010
4.045576205786271e-003	1.027850e+000	1.038129e-010
4.046576205786271e-003	1.027846e+000	1.038124e-010
4.047576205786272e-003	1.027841e+000	1.038120e-010
4.048576205786272e-003	1.027837e+000	1.038115e-010
4.049576205786272e-003	1.027833e+000	1.038111e-010
4.050576205786271e-003	1.027829e+000	1.038107e-010
4.051576205786271e-003	1.027825e+000	1.038103e-010
4.052576205786271e-003	1.027821e+000	1.038099e-010
4.053576205786271e-003	1.027817e+000	1.038095e-010
4.054576205786272e-003	1.027814e+000	1.038092e-010
4.055576205786272e-003	1.027810e+000	1.038088e-010
4.056576205786272e-003	1.027806e+000	1.038084e-010
4.057576205786271e-003	1.027803e+000	1.038081e-010
4.058576205786271e-003	1.027799e+000	1.038077e-010
4.059576205786271e-003	1.027796e+000	1.038074e-010
4.060576205786272e-003	1.027792e+000	1.038070e-010
4.061576205786272e-003	1.027788e+000	1.038066e-010
4.062576205786272e-003	1.027785e+000	1.038063e-010
4.063576205786271e-003	1.027781e+000	1.038059e-010
4.064576205786271e-003	1.027777e+000	1.038055e-010
4.065576205786271e-003	1.027774e+000	1.038052e-010
4.066576205786271e-003	1.027770e+000	1.038048e-010
4.067576205786272e-003	1.027766e+000	1.038044e-010
4.068576205786272e-003	1.027763e+000	1.038040e-010
4.069576205786272e-003	1.027759e+000	1.038037e-010
4.070576205786271e-003	1.027756e+000	1.038033e-010
4.071576205786271e-003	1.027752e+000	1.038030e-010
4.072576205786271e-003	1.027749e+000	1.038026e-010
4.073576205786272e-003	1.027745e+000	1.038023e-010
4.074576205786272e-003	1.027742e+000	1.038020e-010
4.075576205786272e-003	1.027739e+000	1.038016e-010
4.076576205786271e-003	1.027736e+000	1.038013e-010
4.077576205786271e-003	1.027733e+000	1.038010e-010
4.078576205786271e-003	1.027730e+000	1.038007e-010
4.079576205786271e-003	1.027727e+000	1.038004e-010
4.080576205786272e-003	1.027724e+000	1.038001e-010
4.081576205786272e-003	1.027721e+000	1.037998e-010
4.082576205786272e-003	1.027718e+000	1.037996e-010
4.083576205786271e-003	1.027715e+000	1.037993e-010
4.084576205786271e-003	1.027713e+000	1.037990e-010
4.085576205786271e-003	1.027710e+000	1.037987e-010
4.086576205786272e-003	1.027707e+000	1.037984e-010
4.087576205786272e-003	1.027704e+000	1.037981e-010
4.088576205786272e-003	1.027701e+000	1.037978e-010
4.089576205786271e-003	1.027698e+000	1.037975e-010
4.090576205786271e-003	1.027695e+000	1.037972e-010
4.091576205786271e-003	1.027692e+000	1.037969e-010
4.092576205786271e-003	1.027689e+000	1.037966e-010
4.093576205786272e-003	1.027687e+000	1.037963e-010
4.094576205786272e-003	1.027684e+000	1.037961e-010
4.095576205786272e-003	1.027681e+000	1.037958e-010
4.096576205786271e-003	1.027678e+000	1.037955e-010
4.097576205786271e-003	1.027676e+000	1.037952e-010
4.098576205786271e-003	1.027673e+000	1.037950e-010
4.099576205786271e-003	1.027671e+000	1.037947e-010
4.100576205786272e-003	1.027668e+000	1.037945e-010
4.101576205786272e-003	1.027666e+000	1.037942e-010
4.102576205786271e-003	1.027663e+000	1.037940e-010
4.103576205786271e-003	1.027661e+000	1.037938e-010
4.104576205786271e-003	1.027659e+000	1.037935e-010
4.105576205786271e-003	1.027656e+000	1.037933e-010
4.106576205786272e-003	1.027654e+000	1.037931e-010
4.107576205786272e-003	1.027652e+000	1.037928e-010
4.108576205786272e-003	1.027650e+000	1.037926e-010
4.109576205786271e-003	1.027647e+000	1.037924e-010
4.110576205786271e-003	1.027645e+000	1.037921e-010
4.111576205786271e-003	1.027643e+000	1.037919e-010
4.112576205786271e-003	1.027640e+000	1.037917e-010
4.113576205786272e-003	1.027638e+000	1.037914e-010
4.114576205786272e-003	1.027636e+000	1.037912e-010
4.115576205786271e-003	1.027634e+000	1.037910e-010
4.116576205786271e-003	1.027631e+000	1.037908e-010
4.117576205786271e-003	1.027629e+000	1.037905e-010
4.118576205786271e-003	1.027627e+000	1.037903e-010
4.119576205786272e-003	1.027625e+000	1.037901e-010
4.120576205786272e-003	1.027622e+000	1.037899e-010
4.121576205786272e-003	1.027620e+000	1.037897e-010
4.122576205786271e-003	1.027618e+000	1.037894e-010
4.123576205786271e-003	1.027616e+000	1.037892e-010
4.124576205786271e-003	1.027614e+000	1.037890e-010
4.125576205786271e-003	1.027612e+000	1.037889e-010
4.126576205786272e-003	1.027611e+000	1.037887e-010
4.127576205786272e-003	1.027609e+000	1.037885e-010
4.128576205786272e-003	1.027607e+000	1.037883e-010
4.129576205786271e-003	1.027605e+000	1.037881e-010
4.130576205786271e-003	1.027603e+000	1.037879e-010
4.131576205786271e-003	1.027601e+000	1.037877e-010
4.132576205786272e-003	1.027600e+000	1.037876e-010
4.133576205786272e-003	1.027598e+000	1.037874e-010
4.134576205786272e-003	1.027596e+000	1.037872e-010
4.135576205786271e-003	1.027594e+000	1.037870e-010
4.136576205786271e-003	1.027592e+000	1.037868e-010
4.137576205786271e-003	1.027591e+000	1.037866e-010
4.138576205786271e-003	1.027589e+000	1.037865e-010
4.139576205786272e-003	1.027587e+000	1.037863e-010
4.140576205786272e-003	1.027585e+000	1.037861e-010
4.141576205786272e-003	1.027583e+000	1.037859e-010
4.142576205786271e-003	1.027582e+000	1.037858e-010
4.143576205786271e-003	1.027580e+000	1.037856e-010
4.144576205786271e-003	1.027578e+000	1.037854e-010
4.145576205786272e-003	1.027577e+000	1.037852e-010
4.146576205786272e-003	1.027575e+000	1.037851e-010
4.147576205786272e-003	1.027573e+000	1.037849e-010
4.148576205786271e-003	1.027572e+000	1.037848e-010
4.150576205786271e-003	1.027569e+000	1.037845e-010
4.151576205786271e-003	1.027567e+000	1.037843e-010
4.152576205786272e-003	1.027566e+000	1.037842e-010
4.153576205786272e-003	1.027564e+000	1.037840e-010
4.154576205786272e-003	1.027563e+000	1.037839e-010
4.155576205786271e-003	1.027562e+000	1.037837e-010
4.156576205786271e-003	1.027560e+000	1.037836e-010
4.157576205786271e-003	1.027559e+000	1.037834e-010
4.158576205786272e-003	1.027557e+000	1.037833e-010
4.159576205786272e-003	1.027556e+000	1.037831e-010
4.160576205786272e-003	1.027555e+000	1.037830e-010
4.161576205786271e-003	1.027553e+000	1.037829e-010
4.162576205786271e-003	1.027552e+000	1.037827e-010
4.163576205786271e-003	1.027550e+000	1.037826e-010
4.164576205786271e-003	1.027549e+000	1.037824e-010
4.165576205786272e-003	1.027548e+000	1.037823e-010
4.166576205786272e-003	1.027546e+000	1.037822e-010
4.167576205786272e-003	1.027545e+000	1.037820e-010
4.168576205786271e-003	1.027543e+000	1.037819e-010
4.169576205786271e-003	1.027542e+000	1.037818e-010
4.170576205786271e-003	1.027541e+000	1.037816e-010
4.171576205786272e-003	1.027540e+000	1.037815e-010
4.172576205786272e-003	1.027538e+000	1.037814e-010
4.173576205786272e-003	1.027537e+000	1.037813e-010
4.174576205786271e-003	1.027536e+000	1.037811e-010
4.175576205786271e-003	1.027535e+000	1.037810e-010
4.176576205786271e-003	1.027534e+000	1.037809e-010
4.177576205786271e-003	1.027533e+000	1.037808e-010
4.178576205786272e-003	1.027531e+000	1.037807e-010
4.179576205786272e-003	1.027530e+000	1.037806e-010
4.180576205786272e-003	1.027529e+000	1.037804e-010
4.181576205786271e-003	1.027528e+000	1.037803e-010
4.182576205786271e-003	1.027527e+000	1.037802e-010
4.183576205786271e-003	1.027526e+000	1.037801e-010
4.184576205786272e-003	1.027525e+000	1.037800e-010
4.185576205786272e-003	1.027524e+000	1.037799e-010
4.186576205786272e-003	1.027523e+000	1.037798e-010
4.187576205786271e-003	1.027521e+000	1.037797e-010
4.188576205786271e-003	1.027520e+000	1.037796e-010
4.189576205786271e-003	1.027519e+000	1.037794e-010
4.190576205786271e-003	1.027518e+000	1.037793e-010
4.191576205786272e-003	1.027517e+000	1.037792e-010
4.192576205786272e-003	1.027516e+000	1.037791e-010
4.193576205786272e-003	1.027515e+000	1.037790e-010
4.194576205786271e-003	1.027514e+000	1.037789e-010
4.195576205786271e-003	1.027513e+000	1.037788e-010
4.196576205786271e-003	1.027512e+000	1.037787e-010
4.197576205786271e-003	1.027511e+000	1.037786e-010
4.198576205786272e-003	1.027510e+000	1.037785e-010
4.199576205786272e-003	1.027509e+000	1.037784e-010
4.200576205786272e-003	1.027508e+000	1.037783e-010
4.201576205786271e-003	1.027507e+000	1.037782e-010
4.202576205786271e-003	1.027507e+000	1.037782e-010
4.203576205786271e-003	1.027506e+000	1.037781e-010
4.204576205786272e-003	1.027505e+000	1.037780e-010
4.205576205786272e-003	1.027504e+000	1.037779e-010
4.206576205786272e-003	1.027503e+000	1.037778e-010
4.207576205786271e-003	1.027502e+000	1.037777e-010
4.208576205786271e-003	1.027511e+000	1.037786e-010
4.208701205786271e-003	1.027508e+000	1.037783e-010
4.208951205786272e-003	1.027501e+000	1.037776e-010
4.209519203074633e-003	1.027500e+000	1.037775e-010
4.210112771055501e-003	1.027500e+000	1.037775e-010
4.211112771055500e-003	1.027499e+000	1.037774e-010
4.212112771055500e-003	1.027498e+000	1.037773e-010
4.213112771055501e-003	1.027497e+000	1.037772e-010
4.214112771055501e-003	1.027497e+000	1.037772e-010
4.215112771055501e-003	1.027496e+000	1.037771e-010
4.216112771055501e-003	1.027495e+000	1.037770e-010
4.217112771055500e-003	1.027494e+000	1.037769e-010
4.218112771055500e-003	1.027493e+000	1.037768e-010
4.219112771055500e-003	1.027492e+000	1.037767e-010
4.220112771055501e-003	1.027492e+000	1.037767e-010
4.221112771055501e-003	1.027491e+000	1.037766e-010
4.222112771055501e-003	1.027490e+000	1.037765e-010
4.223112771055501e-003	1.027489e+000	1.037764e-010
4.224112771055500e-003	1.027489e+000	1.037764e-010
4.225112771055500e-003	1.027488e+000	1.037763e-010
4.226112771055500e-003	1.027487e+000	1.037762e-010
4.227112771055501e-003	1.027487e+000	1.037761e-010
4.228112771055501e-003	1.027486e+000	1.037761e-010
4.229112771055501e-003	1.027485e+000	1.037760e-010
4.230112771055500e-003	1.027485e+000	1.037759e-010
4.231112771055500e-003	1.027484e+000	1.037759e-010
4.232112771055500e-003	1.027483e+000	1.037758e-010
4.233112771055501e-003	1.027483e+000	1.037757e-010
4.234112771055501e-003	1.027482e+000	1.037757e-010
4.235112771055501e-003	1.027481e+000	1.037756e-010
4.236112771055501e-003	1.027480e+000	1.037755e-010
4.237112771055500e-003	1.027480e+000	1.037755e-010
4.238112771055500e-003	1.027479e+000	1.037754e-010
4.239112771055500e-003	1.027478e+000	1.037753e-010
4.240112771055501e-003	1.027478e+000	1.037753e-010
4.241112771055501e-003	1.027477e+000	1.037752e-010
4.242112771055501e-003	1.027477e+000	1.037751e-010
4.243112771055500e-003	1.027476e+000	1.037751e-010
4.244112771055500e-003	1.027475e+000	1.037750e-010
4.245112771055500e-003	1.027475e+000	1.037749e-010
4.246112771055501e-003	1.027474e+000	1.037749e-010
4.247112771055501e-003	1.027474e+000	1.037748e-010
4.248112771055501e-003	1.027473e+000	1.037748e-010
4.249112771055501e-003	1.027472e+000	1.037747e-010
4.250112771055500e-003	1.027472e+000	1.037747e-010
4.251112771055500e-003	1.027471e+000	1.037746e-010
4.252112771055500e-003	1.027471e+000	1.037745e-010
4.253112771055501e-003	1.027470e+000	1.037745e-010
4.254112771055501e-003	1.027470e+000	1.037744e-010
4.255112771055501e-003	1.027469e+000	1.037744e-010
4.256112771055501e-003	1.027469e+000	1.037743e-010
4.257112771055500e-003	1.027468e+000	1.037743e-010
4.258112771055500e-003	1.027468e+000	1.037742e-010
4.259112771055501e-003	1.027467e+000	1.037742e-010
4.260112771055501e-003	1.027467e+000	1.037741e-010
4.261112771055501e-003	1.027466e+000	1.037741e-010
4.262112771055501e-003	1.027465e+000	1.037740e-010
4.263112771055500e-003	1.027465e+000	1.037740e-010
4.264112771055500e-003	1.027465e+000	1.037739e-010
4.265112771055500e-003	1.027464e+000	1.037739e-010
4.266112771055501e-003	1.027463e+000	1.037738e-010
4.267112771055501e-003	1.027463e+000	1.037738e-010
4.268112771055501e-003	1.027462e+000	1.037737e-010
4.269112771055501e-003	1.027462e+000	1.037737e-010
4.270112771055500e-003	1.027462e+000	1.037736e-010
4.271112771055500e-003	1.027461e+000	1.037736e-010
4.272112771055501e-003	1.027461e+000	1.037735e-010
4.273112771055501e-003	1.027460e+000	1.037735e-010
4.274112771055501e-003	1.027460e+000	1.037734e-010
4.275112771055501e-003	1.027459e+000	1.037734e-010
4.276112771055500e-003	1.027459e+000	1.037734e-010
4.277112771055500e-003	1.027458e+000	1.037733e-010
4.278112771055500e-003	1.027458e+000	1.037733e-010
4.279112771055501e-003	1.027458e+000	1.037732e-010
4.280112771055501e-003	1.027457e+000	1.037732e-010
4.281112771055501e-003	1.027457e+000	1.037731e-010
4.282112771055501e-003	1.027456e+000	1.037731e-010
4.283112771055500e-003	1.027456e+000	1.037730e-010
4.284112771055500e-003	1.027456e+000	1.037730e-010
4.285112771055501e-003	1.027455e+000	1.037730e-010
4.286112771055501e-003	1.027455e+000	1.037729e-010
4.287112771055501e-003	1.027454e+000	1.037729e-010
4.288112771055501e-003	1.027454e+000	1.037728e-010
4.289112771055500e-003	1.027454e+000	1.037728e-010
4.290112771055500e-003	1.027453e+000	1.037728e-010
4.291112771055500e-003	1.027453e+000	1.037727e-010
4.292112771055501e-003	1.027452e+000	1.037727e-010
4.293112771055501e-003	1.027452e+000	1.037727e-010
4.294112771055501e-003	1.027452e+000	1.037726e-010
4.295112771055501e-003	1.027451e+000	1.037726e-010
4.296112771055500e-003	1.027451e+000	1.037725e-010
4.297112771055500e-003	1.027451e+000	1.037725e-010
4.298112771055501e-003	1.027450e+000	1.037725e-010
4.299112771055501e-003	1.027450e+000	1.037724e-010
4.300112771055501e-003	1.027449e+000	1.037724e-010
4.301112771055501e-003	1.027449e+000	1.037724e-010
4.302112771055500e-003	1.027449e+000	1.037723e-010
4.303112771055500e-003	1.027449e+000	1.037723e-010
4.304112771055500e-003	1.027448e+000	1.037723e-010
4.305112771055501e-003	1.027448e+000	1.037722e-010
4.306112771055501e-003	1.027448e+000	1.037722e-010
4.307112771055501e-003	1.027447e+000	1.037722e-010
4.308112771055501e-003	1.027447e+000	1.037721e-010
4.309112771055500e-003	1.027447e+000	1.037721e-010
4.310112771055500e-003	1.027446e+000	1.037721e-010
4.311112771055501e-003	1.027446e+000	1.037720e-010
4.312112771055501e-003	1.027446e+000	1.037720e-010
4.313112771055501e-003	1.027445e+000	1.037720e-010
4.314112771055501e-003	1.027445e+000	1.037719e-010
4.315112771055500e-003	1.027445e+000	1.037719e-010
4.316112771055500e-003	1.027444e+000	1.037719e-010
4.317112771055500e-003	1.027444e+000	1.037719e-010
4.318112771055501e-003	1.027444e+000	1.037718e-010
4.319112771055501e-003	1.027444e+000	1.037718e-010
4.320112771055501e-003	1.027443e+000	1.037718e-010
4.321112771055501e-003	1.027443e+000	1.037717e-010
4.322112771055500e-003	1.027443e+000	1.037717e-010
4.323112771055500e-003	1.027442e+000	1.037717e-010
4.324112771055500e-003	1.027442e+000	1.037717e-010
4.325112771055501e-003	1.027442e+000	1.037716e-010
4.326112771055501e-003	1.027442e+000	1.037716e-010
4.327112771055501e-003	1.027441e+000	1.037716e-010
4.328112771055501e-003	1.027441e+000	1.037716e-010
4.329112771055500e-003	1.027441e+000	1.037715e-010
4.330112771055500e-003	1.027441e+000	1.037715e-010
4.331112771055501e-003	1.027440e+000	1.037715e-010
4.332112771055501e-003	1.027440e+000	1.037714e-010
4.333112771055501e-003	1.027440e+000	1.037714e-010
4.334112771055501e-003	1.027440e+000	1.037714e-010
4.335112771055500e-003	1.027439e+000	1.037714e-010
4.336112771055500e-003	1.027439e+000	1.037714e-010
4.337112771055500e-003	1.027439e+000	1.037713e-010
4.338112771055501e-003	1.027439e+000	1.037713e-010
4.339112771055501e-003	1.027438e+000	1.037713e-010
4.340112771055501e-003	1.027438e+000	1.037713e-010
4.341112771055501e-003	1.027438e+000	1.037712e-010
4.342112771055500e-003	1.027438e+000	1.037712e-010
4.343112771055500e-003	1.027437e+000	1.037712e-010
4.344112771055501e-003	1.027437e+000	1.037712e-010
4.345112771055501e-003	1.027437e+000	1.037711e-010
4.346112771055501e-003	1.027437e+000	1.037711e-010
4.347112771055501e-003	1.027437e+000	1.037711e-010
4.348112771055500e-003	1.027436e+000	1.037711e-010
4.349112771055500e-003	1.027436e+000	1.037711e-010
4.350112771055500e-003	1.027436e+000	1.037710e-010
4.351112771055501e-003	1.027436e+000	1.037710e-010
4.352112771055501e-003	1.027436e+000	1.037710e-010
4.353112771055501e-003	1.027435e+000	1.037710e-010
4.354112771055501e-003	1.027435e+000	1.037710e-010
4.355112771055500e-003	1.027435e+000	1.037709e-010
4.356112771055500e-003	1.027435e+000	1.037709e-010
4.357112771055501e-003	1.027435e+000	1.037709e-010
4.358112771055501e-003	1.027434e+000	1.037709e-010
4.359112771055501e-003	1.027434e+000	1.037709e-010
4.360112771055501e-003	1.027434e+000	1.037708e-010
4.361112771055500e-003	1.027434e+000	1.037708e-010
4.362112771055500e-003	1.027434e+000	1.037708e-010
4.363112771055500e-003	1.027433e+000	1.037708e-010
4.364112771055501e-003	1.027433e+000	1.037708e-010
4.365112771055501e-003	1.027433e+000	1.037707e-010
4.366112771055501e-003	1.027433e+000	1.037707e-010
4.367112771055501e-003	1.027433e+000	1.037707e-010
4.369112771055500e-003	1.027432e+000	1.037707e-010
4.370112771055501e-003	1.027432e+000	1.037707e-010
4.371112771055501e-003	1.027432e+000	1.037706e-010
4.372112771055501e-003	1.027432e+000	1.037706e-010
4.373112771055501e-003	1.027432e+000	1.037706e-010
4.374112771055500e-003	1.027431e+000	1.037706e-010
4.375112771055500e-003	1.027431e+000	1.037706e-010
4.376112771055500e-003	1.027431e+000	1.037706e-010
4.377112771055501e-003	1.027431e+000	1.037705e-010
4.378112771055501e-003	1.027431e+000	1.037705e-010
4.379112771055501e-003	1.027431e+000	1.037705e-010
4.380112771055501e-003	1.027431e+000	1.037705e-010
4.381112771055500e-003	1.027430e+000	1.037705e-010
4.382112771055500e-003	1.027430e+000	1.037705e-010
4.383112771055501e-003	1.027430e+000	1.037704e-010
4.384112771055501e-003	1.027430e+000	1.037704e-010
4.385112771055501e-003	1.027430e+000	1.037704e-010
4.386112771055501e-003	1.027430e+000	1.037704e-010
4.387112771055500e-003	1.027430e+000	1.037704e-010
4.388112771055500e-003	1.027429e+000	1.037704e-010
4.389112771055500e-003	1.027429e+000	1.037704e-010
4.390112771055501e-003	1.027429e+000	1.037703e-010
4.391112771055501e-003	1.027429e+000	1.037703e-010
4.392112771055501e-003	1.027429e+000	1.037703e-010
4.393112771055501e-003	1.027429e+000	1.037703e-010
4.394112771055500e-003	1.027429e+000	1.037703e-010
4.395112771055500e-003	1.027428e+000	1.037703e-010
4.396112771055501e-003	1.027428e+000	1.037703e-010
4.397112771055501e-003	1.027428e+000	1.037702e-010
4.398112771055501e-003	1.027428e+000	1.037702e-010
4.399112771055501e-003	1.027428e+000	1.037702e-010
4.400112771055501e-003	1.027428e+000	1.037702e-010
4.401112771055500e-003	1.027428e+000	1.037702e-010
4.402112771055500e-003	1.027428e+000	1.037702e-010
4.403112771055501e-003	1.027427e+000	1.037702e-010
4.404112771055501e-003	1.027427e+000	1.037702e-010
4.405112771055501e-003	1.027427e+000	1.037701e-010
4.406112771055501e-003	1.027427e+000	1.037701e-010
4.407112771055500e-003	1.027427e+000	1.037701e-010
4.408112771055500e-003	1.027427e+000	1.037701e-010
4.409112771055501e-003	1.027427e+000	1.037701e-010
4.410112771055501e-003	1.027427e+000	1.037701e-010
4.411112771055501e-003	1.027426e+000	1.037701e-010
4.412112771055501e-003	1.027426e+000	1.037701e-010
4.413112771055501e-003	1.027426e+000	1.037701e-010
4.414112771055500e-003	1.027426e+000	1.037700e-010
4.415112771055500e-003	1.027426e+000	1.037700e-010
4.416112771055501e-003	1.027426e+000	1.037700e-010
4.417112771055501e-003	1.027426e+000	1.037700e-010
4.418112771055501e-003	1.027426e+000	1.037700e-010
4.419112771055501e-003	1.027426e+000	1.037700e-010
4.420112771055500e-003	1.027426e+000	1.037700e-010
4.421112771055500e-003	1.027425e+000	1.037700e-010
4.422112771055500e-003	1.027425e+000	1.037700e-010
4.423112771055501e-003	1.027425e+000	1.037699e-010
4.424112771055501e-003	1.027425e+000	1.037699e-010
4.425112771055501e-003	1.027425e+000	1.037699e-010
4.426112771055501e-003	1.027425e+000	1.037699e-010
4.427112771055500e-003	1.027425e+000	1.037699e-010
4.428112771055500e-003	1.027425e+000	1.037699e-010
4.429112771055501e-003	1.027425e+000	1.037699e-010
4.430112771055501e-003	1.027425e+000	1.037699e-010
4.431112771055501e-003	1.027424e+000	1.037699e-010
4.432112771055501e-003	1.027424e+000	1.037699e-010
4.433112771055500e-003	1.027424e+000	1.037698e-010
4.434112771055500e-003	1.027424e+000	1.037698e-010
4.435112771055500e-003	1.027424e+000	1.037698e-010
4.436112771055501e-003	1.027424e+000	1.037698e-010
4.437112771055501e-003	1.027424e+000	1.037698e-010
4.438112771055501e-003	1.027424e+000	1.037698e-010
4.439112771055501e-003	1.027424e+000	1.037698e-010
4.440112771055500e-003	1.027424e+000	1.037698e-010
4.441112771055500e-003	1.027424e+000	1.037698e-010
4.442112771055501e-003	1.027424e+000	1.037698e-010
4.443112771055501e-003	1.027423e+000	1.037698e-010
4.444112771055501e-003	1.027423e+000	1.037698e-010
4.445112771055501e-003	1.027423e+000	1.037697e-010
4.446112771055500e-003	1.027423e+000	1.037697e-010
4.447112771055500e-003	1.027423e+000	1.037697e-010
4.448112771055500e-003	1.027423e+000	1.037697e-010
4.449112771055501e-003	1.027423e+000	1.037697e-010
4.450112771055501e-003	1.027423e+000	1.037697e-010
4.451112771055501e-003	1.027423e+000	1.037697e-010
4.452112771055501e-003	1.027423e+000	1.037697e-010
4.454112771055500e-003	1.027423e+000	1.037697e-010
4.455112771055501e-003	1.027422e+000	1.037697e-010
4.456112771055501e-003	1.027422e+000	1.037697e-010
4.457112771055501e-003	1.027422e+000	1.037697e-010
4.458112771055501e-003	1.027422e+000	1.037696e-010
4.459112771055500e-003	1.027422e+000	1.037696e-010
4.460112771055500e-003	1.027422e+000	1.037696e-010
4.461112771055500e-003	1.027422e+000	1.037696e-010
4.462112771055501e-003	1.027422e+000	1.037696e-010
4.463112771055501e-003	1.027422e+000	1.037696e-010
4.464112771055501e-003	1.027422e+000	1.037696e-010
4.466112771055500e-003	1.027422e+000	1.037696e-010
4.467112771055500e-003	1.027422e+000	1.037696e-010
4.468112771055501e-003	1.027422e+000	1.037696e-010
4.469112771055501e-003	1.027421e+000	1.037696e-010
4.470112771055501e-003	1.027421e+000	1.037696e-010
4.471112771055501e-003	1.027421e+000	1.037696e-010
4.472112771055500e-003	1.027421e+000	1.037696e-010
4.473112771055500e-003	1.027421e+000	1.037695e-010
4.474112771055500e-003	1.027421e+000	1.037695e-010
4.475112771055501e-003	1.027421e+000	1.037695e-010
4.476112771055501e-003	1.027421e+000	1.037695e-010
4.477112771055501e-003	1.027421e+000	1.037695e-010
4.478112771055501e-003	1.027421e+000	1.037695e-010
4.479112771055500e-003	1.027421e+000	1.037695e-010
4.480112771055500e-003	1.027421e+000	1.037695e-010
4.481112771055501e-003	1.027421e+000	1.037695e-010
4.482112771055501e-003	1.027421e+000	1.037695e-010
4.483112771055501e-003	1.027421e+000	1.037695e-010
4.484112771055501e-003	1.027421e+000	1.037695e-010
4.485112771055501e-003	1.027421e+000	1.037695e-010
4.486112771055500e-003	1.027421e+000	1.037695e-010
4.487112771055500e-003	1.027421e+000	1.037695e-010
4.488112771055501e-003	1.027420e+000	1.037695e-010
4.489112771055501e-003	1.027420e+000	1.037695e-010
4.490112771055501e-003	1.027420e+000	1.037695e-010
4.491112771055501e-003	1.027420e+000	1.037694e-010
4.492112771055500e-003	1.027420e+000	1.037694e-010
4.493112771055500e-003	1.027420e+000	1.037694e-010
4.494112771055501e-003	1.027420e+000	1.037694e-010
4.495112771055501e-003	1.027420e+000	1.037694e-010
4.496112771055501e-003	1.027420e+000	1.037694e-010
4.497112771055501e-003	1.027420e+000	1.037694e-010
4.498112771055501e-003	1.027420e+000	1.037694e-010
4.499112771055500e-003	1.027420e+000	1.037694e-010
4.500112771055500e-003	1.027420e+000	1.037694e-010
4.501112771055501e-003	1.027420e+000	1.037694e-010
4.502112771055501e-003	1.027420e+000	1.037694e-010
4.503112771055501e-003	1.027420e+000	1.037694e-010
4.504112771055501e-003	1.027420e+000	1.037694e-010
4.505112771055500e-003	1.027420e+000	1.037694e-010
4.506112771055500e-003	1.027420e+000	1.037694e-010
4.507112771055500e-003	1.027420e+000	1.037694e-010
4.508112771055501e-003	1.027419e+000	1.037694e-010
4.509112771055501e-003	1.027419e+000	1.037694e-010
4.510112771055501e-003	1.027419e+000	1.037694e-010
4.511112771055501e-003	1.027419e+000	1.037694e-010
4.512112771055500e-003	1.027419e+000	1.037693e-010
4.513112771055500e-003	1.027419e+000	1.037693e-010
4.515112771055501e-003	1.027419e+000	1.037693e-010
4.516112771055501e-003	1.027419e+000	1.037693e-010
4.517112771055501e-003	1.027419e+000	1.037693e-010
4.518112771055500e-003	1.027419e+000	1.037693e-010
4.519112771055500e-003	1.027419e+000	1.037693e-010
4.520112771055500e-003	1.027419e+000	1.037693e-010
4.521112771055501e-003	1.027419e+000	1.037693e-010
4.522112771055501e-003	1.027419e+000	1.037693e-010
4.523112771055501e-003	1.027419e+000	1.037693e-010
4.524112771055501e-003	1.027419e+000	1.037693e-010
4.525112771055500e-003	1.027419e+000	1.037693e-010
4.527112771055501e-003	1.027419e+000	1.037693e-010
4.528112771055501e-003	1.027419e+000	1.037693e-010
4.529112771055501e-003	1.027419e+000	1.037693e-010
4.530112771055501e-003	1.027419e+000	1.037693e-010
4.531112771055500e-003	1.027419e+000	1.037693e-010
4.532112771055500e-003	1.027419e+000	1.037693e-010
4.533112771055500e-003	1.027418e+000	1.037693e-010
4.534112771055501e-003	1.027418e+000	1.037693e-010
4.535112771055501e-003	1.027418e+000	1.037693e-010
4.536112771055501e-003	1.027418e+000	1.037693e-010
4.537112771055501e-003	1.027418e+000	1.037693e-010
4.539112771055500e-003	1.027418e+000	1.037693e-010
4.540112771055501e-003	1.027418e+000	1.037693e-010
4.541112771055501e-003	1.027418e+000	1.037692e-010
4.542112771055501e-003	1.027418e+000	1.037692e-010
4.543112771055501e-003	1.027418e+000	1.037692e-010
4.544112771055500e-003	1.027418e+000	1.037692e-010
4.545112771055500e-003	1.027418e+000	1.037692e-010
4.546112771055500e-003	1.027418e+000	1.037692e-010
4.547112771055501e-003	1.027418e+000	1.037692e-010
4.548112771055501e-003	1.027418e+000	1.037692e-010
4.549112771055501e-003	1.027418e+000	1.037692e-010
4.551112771055500e-003	1.027418e+000	1.037692e-010
4.552112771055500e-003	1.027418e+000	1.037692e-010
4.553112771055501e-003	1.027418e+000	1.037692e-010
4.554112771055501e-003	1.027418e+000	1.037692e-010
4.555112771055501e-003	1.027418e+000	1.037692e-010
4.556112771055501e-003	1.027418e+000	1.037692e-010
4.557112771055501e-003	1.027418e+000	1.037692e-010
4.558112771055500e-003	1.027418e+000	1.037692e-010
4.559112771055500e-003	1.027418e+000	1.037692e-010
4.560112771055501e-003	1.027418e+000	1.037692e-010
4.561112771055501e-003	1.027418e+000	1.037692e-010
4.563112771055501e-003	1.027418e+000	1.037692e-010
4.564112771055500e-003	1.027418e+000	1.037692e-010
4.565112771055500e-003	1.027418e+000	1.037692e-010
4.566112771055501e-003	1.027418e+000	1.037692e-010
4.567112771055501e-003	1.027418e+000	1.037692e-010
4.568112771055501e-003	1.027418e+000	1.037692e-010
4.569112771055501e-003	1.027418e+000	1.037692e-010
4.570112771055501e-003	1.027418e+000	1.037692e-010
4.571112771055500e-003	1.027418e+000	1.037692e-010
4.572112771055500e-003	1.027417e+000	1.037692e-010
4.573112771055501e-003	1.027417e+000	1.037692e-010
4.576112771055501e-003	1.027417e+000	1.037692e-010
4.577112771055500e-003	1.027417e+000	1.037692e-010
4.578112771055500e-003	1.027417e+000	1.037692e-010
4.579112771055501e-003	1.027417e+000	1.037691e-010
4.580112771055501e-003	1.027417e+000	1.037691e-010
4.581112771055501e-003	1.027417e+000	1.037691e-010
4.582112771055501e-003	1.027417e+000	1.037691e-010
4.583112771055501e-003	1.027417e+000	1.037691e-010
4.584112771055500e-003	1.027417e+000	1.037691e-010
4.585112771055500e-003	1.027417e+000	1.037691e-010
4.588112771055501e-003	1.027417e+000	1.037691e-010
4.589112771055501e-003	1.027417e+000	1.037691e-010
4.590112771055500e-003	1.027417e+000	1.037691e-010
4.591112771055500e-003	1.027417e+000	1.037691e-010
4.592112771055501e-003	1.027417e+000	1.037691e-010
4.593112771055501e-003	1.027417e+000	1.037691e-010
4.594112771055501e-003	1.027417e+000	1.037691e-010
4.595112771055501e-003	1.027417e+000	1.037691e-010
4.596112771055501e-003	1.027417e+000	1.037691e-010
4.597112771055500e-003	1.027417e+000	1.037691e-010
4.600112771055501e-003	1.027417e+000	1.037691e-010
4.601112771055501e-003	1.027417e+000	1.037691e-010
4.602112771055501e-003	1.027417e+000	1.037691e-010
4.603112771055500e-003	1.027417e+000	1.037691e-010
4.604112771055500e-003	1.027417e+000	1.037691e-010
4.605112771055500e-003	1.027417e+000	1.037691e-010
4.606112771055501e-003	1.027417e+000	1.037691e-010
4.607112771055501e-003	1.027417e+000	1.037691e-010
4.608112771055501e-003	1.027417e+000	1.037691e-010
4.609112771055501e-003	1.027417e+000	1.037691e-010
4.612112771055501e-003	1.027417e+000	1.037691e-010
4.613112771055501e-003	1.027417e+000	1.037691e-010
4.614112771055501e-003	1.027417e+000	1.037691e-010
4.615112771055501e-003	1.027417e+000	1.037691e-010
4.616112771055500e-003	1.027417e+000	1.037691e-010
4.617112771055500e-003	1.027417e+000	1.037691e-010
4.618112771055500e-003	1.027417e+000	1.037691e-010
4.619112771055501e-003	1.027417e+000	1.037691e-010
4.620112771055501e-003	1.027417e+000	1.037691e-010
4.621112771055501e-003	1.027417e+000	1.037691e-010
4.625112771055501e-003	1.027417e+000	1.037691e-010
4.626112771055501e-003	1.027417e+000	1.037691e-010
4.627112771055501e-003	1.027416e+000	1.037691e-010
4.628112771055501e-003	1.027416e+000	1.037691e-010
4.629112771055501e-003	1.027416e+000	1.037691e-010
4.630112771055500e-003	1.027416e+000	1.037691e-010
4.631112771055500e-003	1.027416e+000	1.037691e-010
4.632112771055501e-003	1.027416e+000	1.037691e-010
4.633112771055501e-003	1.027416e+000	1.037691e-010
4.633827056769786e-003	1.027416e+000	1.037691e-010
4.634541342484072e-003	1.027416e+000	1.037691e-010
4.635255628198358e-003	1.027416e+000	1.037691e-010
4.635969913912644e-003	1.027416e+000	1.037691e-010
4.636684199626929e-003	1.027416e+000	1.037691e-010
4.637398485341215e-003	1.027416e+000	1.037691e-010
4.638112771055501e-003	1.027416e+000	1.037691e-010
4.639112771055501e-003	1.027416e+000	1.037691e-010
4.640112771055501e-003	1.027416e+000	1.037690e-010
4.641112771055501e-003	1.027416e+000	1.037690e-010
4.642112771055501e-003	1.027416e+000	1.037690e-010
4.643112771055500e-003	1.027416e+000	1.037690e-010
4.644112771055500e-003	1.027416e+000	1.037690e-010
4.646112771055501e-003	1.027416e+000	1.037690e-010
4.649112771055500e-003	1.027416e+000	1.037690e-010
4.650112771055500e-003	1.027416e+000	1.037690e-010
4.651112771055501e-003	1.027416e+000	1.037690e-010
4.652112771055501e-003	1.027416e+000	1.037690e-010
4.653112771055501e-003	1.027416e+000	1.037690e-010
4.654112771055501e-003	1.027416e+000	1.037690e-010
4.655112771055501e-003	1.027416e+000	1.037690e-010
4.656112771055500e-003	1.027416e+000	1.037690e-010
4.658112771055501e-003	1.027416e+000	1.037690e-010
4.658827056769786e-003	1.027416e+000	1.037690e-010
4.659541342484072e-003	1.027416e+000	1.037690e-010
4.660255628198357e-003	1.027416e+000	1.037690e-010
4.660969913912644e-003	1.027416e+000	1.037690e-010
4.661684199626929e-003	1.027416e+000	1.037690e-010
4.662398485341215e-003	1.027416e+000	1.037690e-010
4.663112771055500e-003	1.027416e+000	1.037690e-010
4.664112771055501e-003	1.027416e+000	1.037690e-010
4.665112771055501e-003	1.027416e+000	1.037690e-010
4.666112771055501e-003	1.027416e+000	1.037690e-010
4.667112771055501e-003	1.027416e+000	1.037690e-010
4.669112771055500e-003	1.027416e+000	1.037690e-010
4.669969913912643e-003	1.027416e+000	1.037690e-010
4.670827056769786e-003	1.027416e+000	1.037690e-010
4.671684199626928e-003	1.027416e+000	1.037690e-010
4.672541342484072e-003	1.027416e+000	1.037690e-010
4.673398485341215e-003	1.027416e+000	1.037690e-010
4.674255628198358e-003	1.027416e+000	1.037690e-010
4.675112771055500e-003	1.027416e+000	1.037690e-010
4.677112771055501e-003	1.027416e+000	1.037690e-010
4.679112771055501e-003	1.027416e+000	1.037690e-010
4.681112771055501e-003	1.027416e+000	1.037690e-010
4.681969913912644e-003	1.027416e+000	1.037690e-010
4.682827056769786e-003	1.027416e+000	1.037690e-010
4.683684199626929e-003	1.027416e+000	1.037690e-010
4.684541342484073e-003	1.027416e+000	1.037690e-010
4.685398485341216e-003	1.027416e+000	1.037690e-010
4.686255628198358e-003	1.027416e+000	1.037690e-010
4.687112771055501e-003	1.027416e+000	1.037690e-010
4.689112771055500e-003	1.027416e+000	1.037690e-010
4.691112771055501e-003	1.027416e+000	1.037690e-010
4.693112771055501e-003	1.027416e+000	1.037690e-010
4.694112771055501e-003	1.027416e+000	1.037690e-010
4.695112771055501e-003	1.027416e+000	1.037690e-010
4.696112771055501e-003	1.027416e+000	1.037690e-010
4.697112771055501e-003	1.027416e+000	1.037690e-010
4.698112771055501e-003	1.027416e+000	1.037690e-010
4.699112771055501e-003	1.027416e+000	1.037690e-010
4.700112771055501e-003	1.027416e+000	1.037690e-010
4.702112771055500e-003	1.027416e+000	1.037690e-010
4.704112771055501e-003	1.027416e+000	1.037690e-010
4.707112771055501e-003	1.027416e+000	1.037690e-010
4.708255628198358e-003	1.027416e+000	1.037690e-010
4.709398485341215e-003	1.027416e+000	1.037690e-010
4.710541342484072e-003	1.027416e+000	1.037690e-010
4.711684199626929e-003	1.027416e+000	1.037690e-010
4.712827056769786e-003	1.027416e+000	1.037690e-010
4.713969913912644e-003	1.027416e+000	1.037690e-010
4.715112771055500e-003	1.027416e+000	1.037690e-010
4.718112771055501e-003	1.027416e+000	1.037690e-010
4.719255628198358e-003	1.027416e+000	1.037690e-010
4.720398485341215e-003	1.027416e+000	1.037690e-010
4.721541342484073e-003	1.027416e+000	1.037690e-010
4.722684199626929e-003	1.027416e+000	1.037690e-010
4.723827056769787e-003	1.027416e+000	1.037690e-010
4.724969913912643e-003	1.027416e+000	1.037690e-010
4.726112771055501e-003	1.027416e+000	1.037690e-010
4.729112771055500e-003	1.027416e+000	1.037690e-010
4.730255628198358e-003	1.027416e+000	1.037690e-010
4.731398485341215e-003	1.027416e+000	1.037690e-010
4.732541342484072e-003	1.027416e+000	1.037690e-010
4.733684199626929e-003	1.027416e+000	1.037690e-010
4.734827056769786e-003	1.027416e+000	1.037690e-010
4.735969913912643e-003	1.027416e+000	1.037690e-010
4.737112771055501e-003	1.027416e+000	1.037690e-010
4.740112771055501e-003	1.027416e+000	1.037690e-010
4.741255628198358e-003	1.027416e+000	1.037690e-010
4.742398485341215e-003	1.027416e+000	1.037690e-010
4.743541342484072e-003	1.027416e+000	1.037690e-010
4.744684199626930e-003	1.027416e+000	1.037690e-010
4.745827056769786e-003	1.027416e+000	1.037690e-010
4.746969913912644e-003	1.027416e+000	1.037690e-010
4.748112771055500e-003	1.027416e+000	1.037690e-010
4.751112771055501e-003	1.027416e+000	1.037690e-010
4.754112771055500e-003	1.027416e+000	1.037690e-010
4.755541342484072e-003	1.027416e+000	1.037690e-010
4.756969913912643e-003	1.027416e+000	1.037690e-010
4.758398485341215e-003	1.027416e+000	1.037690e-010
4.759827056769786e-003	1.027416e+000	1.037690e-010
4.761255628198358e-003	1.027415e+000	1.037690e-010
4.762684199626929e-003	1.027416e+000	1.037690e-010
4.764112771055501e-003	1.027416e+000	1.037690e-010
4.765541342484072e-003	1.027416e+000	1.037690e-010
4.766969913912644e-003	1.027416e+000	1.037690e-010
4.768398485341215e-003	1.027416e+000	1.037690e-010
4.769827056769786e-003	1.027416e+000	1.037690e-010
4.771255628198357e-003	1.027416e+000	1.037690e-010
4.772684199626929e-003	1.027416e+000	1.037690e-010
4.774112771055500e-003	1.027416e+000	1.037690e-010
4.775541342484072e-003	1.027416e+000	1.037690e-010
4.776969913912643e-003	1.027416e+000	1.037690e-010
4.778398485341215e-003	1.027416e+000	1.037690e-010
4.779827056769786e-003	1.027416e+000	1.037690e-010
4.781255628198358e-003	1.027416e+000	1.037690e-010
4.782684199626929e-003	1.027416e+000	1.037690e-010
4.784112771055501e-003	1.027416e+000	1.037690e-010
4.788112771055500e-003	1.027416e+000	1.037690e-010
4.789112771055501e-003	1.027416e+000	1.037690e-010
4.790827056769786e-003	1.027416e+000	1.037690e-010
4.792541342484072e-003	1.027416e+000	1.037690e-010
4.794255628198358e-003	1.027416e+000	1.037690e-010
4.795969913912643e-003	1.027416e+000	1.037690e-010
4.797684199626929e-003	1.027415e+000	1.037690e-010
4.799398485341215e-003	1.027415e+000	1.037690e-010
4.801112771055500e-003	1.027415e+000	1.037690e-010
4.802969913912643e-003	1.027415e+000	1.037690e-010
4.804827056769786e-003	1.027415e+000	1.037690e-010
4.806684199626929e-003	1.027415e+000	1.037690e-010
4.808541342484072e-003	1.027415e+000	1.037690e-010
4.810398485341215e-003	1.027415e+000	1.037690e-010
4.812255628198358e-003	1.027415e+000	1.037690e-010
4.814112771055500e-003	1.027415e+000	1.037690e-010
4.816827056769786e-003	1.027415e+000	1.037690e-010
4.819541342484072e-003	1.027415e+000	1.037690e-010
4.822255628198357e-003	1.027415e+000	1.037690e-010
4.824969913912644e-003	1.027415e+000	1.037690e-010
4.827684199626929e-003	1.027415e+000	1.037690e-010
4.830398485341215e-003	1.027415e+000	1.037690e-010
4.833112771055500e-003	1.027415e+000	1.037690e-010
4.835255628198357e-003	1.027415e+000	1.037690e-010
4.837398485341215e-003	1.027415e+000	1.037690e-010
4.839541342484072e-003	1.027415e+000	1.037690e-010
4.841684199626929e-003	1.027415e+000	1.037690e-010
4.843827056769786e-003	1.027415e+000	1.037690e-010
4.845969913912644e-003	1.027415e+000	1.037690e-010
4.848112771055501e-003	1.027415e+000	1.037690e-010
4.851541342484072e-003	1.027415e+000	1.037690e-010
4.854969913912643e-003	1.027415e+000	1.037690e-010
4.858398485341215e-003	1.027415e+000	1.037690e-010
4.861827056769786e-003	1.027415e+000	1.037690e-010
4.865255628198358e-003	1.027415e+000	1.037690e-010
4.868684199626929e-003	1.027415e+000	1.037690e-010
4.872112771055500e-003	1.027415e+000	1.037690e-010
4.875827056769786e-003	1.027415e+000	1.037689e-010
4.879541342484072e-003	1.027415e+000	1.037689e-010
4.883255628198358e-003	1.027415e+000	1.037689e-010
4.886969913912643e-003	1.027415e+000	1.037689e-010
4.890684199626929e-003	1.027415e+000	1.037689e-010
4.894398485341215e-003	1.027415e+000	1.037689e-010
4.898112771055500e-003	1.027415e+000	1.037689e-010
4.901969913912643e-003	1.027415e+000	1.037689e-010
4.905827056769786e-003	1.027415e+000	1.037689e-010
4.909684199626929e-003	1.027415e+000	1.037689e-010
4.913541342484072e-003	1.027415e+000	1.037689e-010
4.917398485341215e-003	1.027415e+000	1.037689e-010
4.921255628198357e-003	1.027415e+000	1.037689e-010
4.925112771055500e-003	1.027415e+000	1.037689e-010
5.051810946619001e-003	1.027415e+000	1.037689e-010
5.178509122182501e-003	1.027415e+000	1.037689e-010
5.305207297746001e-003	1.027415e+000	1.037689e-010
5.431905473309501e-003	1.027415e+000	1.037689e-010
5.558603648873001e-003	1.027415e+000	1.037689e-010
5.685301824436500e-003	1.027415e+000	1.037689e-010
5.812000000000000e-003	1.027415e+000	1.037689e-010
5.813000000000001e-003	1.027415e+000	1.037689e-010
6.837000000000000e-003	1.027415e+000	1.037689e-010
6.999000000000000e-003	1.027415e+000	1.037689e-010
7.000000000000000e-003	1.027415e+000	1.037689e-010
