time	-I(Rl)	V(vout)
0.000000000000000e+00	1.010747e-09	9.996056e+00
6.835937149674010e-09	1.010747e-09	9.996056e+00
1.367187429934802e-08	1.010747e-09	9.996056e+00
2.734374859869604e-08	1.010747e-09	9.996056e+00
5.468749719739208e-08	1.010747e-09	9.996056e+00
1.093749943947842e-07	1.010747e-09	9.996056e+00
2.187499887895683e-07	1.010747e-09	9.996056e+00
1.749999910316546e-06	1.010747e-09	9.996056e+00
1.993164062500000e-03	1.010747e-09	9.996056e+00
2.000000000000000e-03	1.010747e-09	9.996056e+00
2.000000125244618e-03	1.077905e+01	4.452505e+00
2.000001125244618e-03	1.476230e+01	1.476230e-02
2.000002125244617e-03	1.255429e+01	1.255429e-02
2.000003125244617e-03	1.208741e+01	1.208741e-02
2.000004125244617e-03	1.184530e+01	1.184531e-02
2.000005125244617e-03	1.174440e+01	1.174440e-02
2.000006125244617e-03	1.172259e+01	1.172259e-02
2.000006125244687e-03	1.172272e+01	1.172272e-02
2.000006125244825e-03	1.172299e+01	1.172299e-02
2.000006125244884e-03	1.172299e+01	1.172299e-02
2.000006125244944e-03	1.172299e+01	1.172299e-02
2.000006125245003e-03	1.172299e+01	1.172299e-02
2.000006125245122e-03	1.172299e+01	1.172299e-02
2.000006125245599e-03	1.172299e+01	1.172299e-02
2.000006125245719e-03	1.172299e+01	1.172299e-02
2.000006125245957e-03	1.172299e+01	1.172299e-02
2.000006250246017e-03	1.172428e+01	1.172428e-02
2.000007250246016e-03	1.179574e+01	1.179574e-02
2.000008250246016e-03	1.188694e+01	1.188694e-02
2.000008265871016e-03	1.188858e+01	1.188858e-02
2.000009265871016e-03	1.199232e+01	1.199232e-02
2.000010265871016e-03	1.208460e+01	1.208460e-02
2.000011265871016e-03	1.216557e+01	1.216557e-02
2.000011266115157e-03	1.216583e+01	1.216583e-02
2.000011266116110e-03	1.216580e+01	1.216580e-02
2.000011266119925e-03	1.216569e+01	1.216569e-02
2.000011266120044e-03	1.216569e+01	1.216569e-02
2.000012266120044e-03	1.221843e+01	1.221843e-02
2.000013266120044e-03	1.226019e+01	1.226019e-02
2.000014266120044e-03	1.228984e+01	1.228985e-02
2.000015266120044e-03	1.231094e+01	1.231094e-02
2.000016266120044e-03	1.232701e+01	1.232701e-02
2.000016391120044e-03	1.232896e+01	1.232896e-02
2.000016391120163e-03	1.232901e+01	1.232901e-02
2.000016391120640e-03	1.232924e+01	1.232924e-02
2.000016391121117e-03	1.232924e+01	1.232924e-02
2.000016391121236e-03	1.232924e+01	1.232924e-02
2.000016391121266e-03	1.232924e+01	1.232924e-02
2.000016391121743e-03	1.232924e+01	1.232924e-02
2.000016391122220e-03	1.232924e+01	1.232924e-02
2.000016391122340e-03	1.232924e+01	1.232924e-02
2.000017391122340e-03	1.233871e+01	1.233871e-02
2.000018391122339e-03	1.234644e+01	1.234644e-02
2.000019391122339e-03	1.234971e+01	1.234971e-02
2.000020391122339e-03	1.234536e+01	1.234536e-02
2.000021391122339e-03	1.233523e+01	1.233523e-02
2.000022391122339e-03	1.232456e+01	1.232456e-02
2.000023391122339e-03	1.231595e+01	1.231595e-02
2.000024391122339e-03	1.230934e+01	1.230934e-02
2.000025391122339e-03	1.230437e+01	1.230437e-02
2.000026391122339e-03	1.230101e+01	1.230101e-02
2.000027391122339e-03	1.229900e+01	1.229901e-02
2.000027641122339e-03	1.229882e+01	1.229882e-02
2.000028641122338e-03	1.229929e+01	1.229929e-02
2.000029641122338e-03	1.230070e+01	1.230070e-02
2.000030641122338e-03	1.230299e+01	1.230299e-02
2.000031641122338e-03	1.230593e+01	1.230593e-02
2.000032641122338e-03	1.230934e+01	1.230934e-02
2.000033641122338e-03	1.231309e+01	1.231309e-02
2.000034641122338e-03	1.231704e+01	1.231704e-02
2.000034766122338e-03	1.231754e+01	1.231754e-02
2.000034891122338e-03	1.231806e+01	1.231806e-02
2.000035891122338e-03	1.232225e+01	1.232225e-02
2.000036891122338e-03	1.232650e+01	1.232650e-02
2.000037891122337e-03	1.233081e+01	1.233081e-02
2.000038891122337e-03	1.233514e+01	1.233514e-02
2.000039891122337e-03	1.233948e+01	1.233948e-02
2.000040891122337e-03	1.234382e+01	1.234382e-02
2.000041891122337e-03	1.234838e+01	1.234838e-02
2.000041891122695e-03	1.234860e+01	1.234860e-02
2.000042891122695e-03	1.235253e+01	1.235253e-02
2.000043016122695e-03	1.235305e+01	1.235305e-02
2.000044016122695e-03	1.235740e+01	1.235740e-02
2.000044141122695e-03	1.235795e+01	1.235795e-02
2.000044266122694e-03	1.235850e+01	1.235850e-02
2.000045266122694e-03	1.236288e+01	1.236288e-02
2.000046266122694e-03	1.236731e+01	1.236731e-02
2.000047266122694e-03	1.237178e+01	1.237179e-02
2.000047516122694e-03	1.237292e+01	1.237292e-02
2.000048516122694e-03	1.237754e+01	1.237754e-02
2.000049516122694e-03	1.238226e+01	1.238226e-02
2.000050516122694e-03	1.238730e+01	1.238730e-02
2.000050516123886e-03	1.238752e+01	1.238752e-02
2.000051516123886e-03	1.239228e+01	1.239228e-02
2.000052516123886e-03	1.239738e+01	1.239738e-02
2.000052641123886e-03	1.239806e+01	1.239806e-02
2.000053641123886e-03	1.240366e+01	1.240366e-02
2.000054641123886e-03	1.240950e+01	1.240950e-02
2.000055641123885e-03	1.241569e+01	1.241569e-02
2.000056641123885e-03	1.242239e+01	1.242239e-02
2.000058641123885e-03	1.243693e+01	1.243693e-02
2.000059641123885e-03	1.244484e+01	1.244484e-02
2.000060641123885e-03	1.245345e+01	1.245345e-02
2.000061641123885e-03	1.246270e+01	1.246270e-02
2.000062641123885e-03	1.247265e+01	1.247265e-02
2.000063641123885e-03	1.248333e+01	1.248334e-02
2.000064641123885e-03	1.249482e+01	1.249482e-02
2.000065641123885e-03	1.250714e+01	1.250714e-02
2.000066641123884e-03	1.252034e+01	1.252034e-02
2.000067641123884e-03	1.253446e+01	1.253446e-02
2.000068641124838e-03	1.254952e+01	1.254952e-02
2.000069641124838e-03	1.256574e+01	1.256574e-02
2.000070641124838e-03	1.258274e+01	1.258274e-02
2.000071641124838e-03	1.260090e+01	1.260090e-02
2.000072641124838e-03	1.262013e+01	1.262013e-02
2.000073641124837e-03	1.264045e+01	1.264046e-02
2.000074641124837e-03	1.266189e+01	1.266189e-02
2.000075641368978e-03	1.268437e+01	1.268438e-02
2.000076641368978e-03	1.270824e+01	1.270824e-02
2.000077641368978e-03	1.273296e+01	1.273296e-02
2.000078641368978e-03	1.275893e+01	1.275893e-02
2.000079641368978e-03	1.278604e+01	1.278604e-02
2.000080641369455e-03	1.281424e+01	1.281425e-02
2.000081641369454e-03	1.284384e+01	1.284385e-02
2.000082641369454e-03	1.287431e+01	1.287431e-02
2.000083641369454e-03	1.290632e+01	1.290632e-02
2.000085641369454e-03	1.297270e+01	1.297271e-02
2.000085766369454e-03	1.297701e+01	1.297701e-02
2.000086766369454e-03	1.301264e+01	1.301264e-02
2.000087766369454e-03	1.304919e+01	1.304919e-02
2.000088766369454e-03	1.308694e+01	1.308694e-02
2.000089766369454e-03	1.312564e+01	1.312564e-02
2.000089891369454e-03	1.313060e+01	1.313060e-02
2.000090891369453e-03	1.317125e+01	1.317125e-02
2.000091891369453e-03	1.321292e+01	1.321292e-02
2.000092891369453e-03	1.325594e+01	1.325594e-02
2.000093885866371e-03	1.330044e+01	1.330044e-02
2.000095874860206e-03	1.339555e+01	1.339555e-02
2.000099852847876e-03	1.360745e+01	1.360745e-02
2.000105424385813e-03	1.393728e+01	1.393728e-02
2.000106691434328e-03	1.401928e+01	1.401929e-02
2.000106691434478e-03	1.401936e+01	1.401936e-02
2.000106691434781e-03	1.401951e+01	1.401951e-02
2.000106691435258e-03	1.401951e+01	1.401951e-02
2.000107691435258e-03	1.408890e+01	1.408891e-02
2.000108691435258e-03	1.415944e+01	1.415944e-02
2.000108707060258e-03	1.416074e+01	1.416074e-02
2.000108707061212e-03	1.416086e+01	1.416086e-02
2.000109707061212e-03	1.423374e+01	1.423375e-02
2.000110707061211e-03	1.430801e+01	1.430801e-02
2.000111707061211e-03	1.438396e+01	1.438396e-02
2.000112707061211e-03	1.446145e+01	1.446145e-02
2.000113707061211e-03	1.454043e+01	1.454043e-02
2.000114707061211e-03	1.462080e+01	1.462080e-02
2.000115610856001e-03	1.469478e+01	1.469478e-02
2.000117418445581e-03	1.484656e+01	1.484656e-02
2.000121033624741e-03	1.515754e+01	1.515754e-02
2.000122033624741e-03	1.524537e+01	1.524537e-02
2.000122033624764e-03	1.524544e+01	1.524544e-02
2.000122033624809e-03	1.524558e+01	1.524558e-02
2.000123033624809e-03	1.532960e+01	1.532960e-02
2.000124033624809e-03	1.540950e+01	1.540950e-02
2.000125033624809e-03	1.548640e+01	1.548640e-02
2.000126033624809e-03	1.556247e+01	1.556247e-02
2.000127033624809e-03	1.563784e+01	1.563784e-02
2.000128033624809e-03	1.571178e+01	1.571178e-02
2.000129033624808e-03	1.578344e+01	1.578344e-02
2.000130033624808e-03	1.585169e+01	1.585169e-02
2.000131033624808e-03	1.591475e+01	1.591475e-02
2.000132033624808e-03	1.596966e+01	1.596966e-02
2.000133033624808e-03	1.601052e+01	1.601052e-02
2.000134033624808e-03	1.602358e+01	1.602358e-02
2.000135033624808e-03	1.597707e+01	1.597707e-02
2.000136033624808e-03	1.585311e+01	1.585311e-02
2.000137033624808e-03	1.571858e+01	1.571858e-02
2.000138033624808e-03	1.568685e+01	1.568685e-02
2.000139033624808e-03	1.577374e+01	1.577374e-02
2.000140033624807e-03	1.590037e+01	1.590037e-02
2.000141033624807e-03	1.601887e+01	1.601887e-02
2.000142033624807e-03	1.612596e+01	1.612596e-02
2.000143033624807e-03	1.622547e+01	1.622547e-02
2.000144033624807e-03	1.632282e+01	1.632282e-02
2.000144049249807e-03	1.632435e+01	1.632435e-02
2.000145049249807e-03	1.642264e+01	1.642264e-02
2.000146049249807e-03	1.652179e+01	1.652179e-02
2.000147049249807e-03	1.662219e+01	1.662219e-02
2.000148049249807e-03	1.672390e+01	1.672390e-02
2.000149049249807e-03	1.682695e+01	1.682695e-02
2.000150049249807e-03	1.693138e+01	1.693138e-02
2.000151049249806e-03	1.703720e+01	1.703720e-02
2.000152049249806e-03	1.714409e+01	1.714409e-02
2.000152174249806e-03	1.715753e+01	1.715753e-02
2.000152299249806e-03	1.717106e+01	1.717106e-02
2.000153299249806e-03	1.728029e+01	1.728029e-02
2.000154299249806e-03	1.739070e+01	1.739070e-02
2.000155299249806e-03	1.750251e+01	1.750251e-02
2.000156299249806e-03	1.761575e+01	1.761575e-02
2.000157299249806e-03	1.773045e+01	1.773045e-02
2.000158299249806e-03	1.784659e+01	1.784659e-02
2.000159299249806e-03	1.796416e+01	1.796416e-02
2.000160299249805e-03	1.808318e+01	1.808318e-02
2.000161299249805e-03	1.820366e+01	1.820366e-02
2.000162299249805e-03	1.832560e+01	1.832560e-02
2.000163299249805e-03	1.844901e+01	1.844901e-02
2.000164301202930e-03	1.857395e+01	1.857395e-02
2.000165301202930e-03	1.870057e+01	1.870057e-02
2.000166301202930e-03	1.882830e+01	1.882830e-02
2.000167295482016e-03	1.895705e+01	1.895705e-02
2.000169284040187e-03	1.921788e+01	1.921788e-02
2.000170284040187e-03	1.935107e+01	1.935107e-02
2.000171284040187e-03	1.948630e+01	1.948630e-02
2.000172284040187e-03	1.962303e+01	1.962303e-02
2.000173284040187e-03	1.976125e+01	1.976125e-02
2.000174284040187e-03	1.990085e+01	1.990085e-02
2.000175363589911e-03	2.005306e+01	2.005306e-02
2.000176363589911e-03	2.019573e+01	2.019573e-02
2.000177363589911e-03	2.033973e+01	2.033973e-02
2.000177502614964e-03	2.035991e+01	2.035991e-02
2.000178502614964e-03	2.050626e+01	2.050626e-02
2.000179502614963e-03	2.065382e+01	2.065383e-02
2.000180502614963e-03	2.080280e+01	2.080280e-02
2.000181648189685e-03	2.097548e+01	2.097549e-02
2.000183939339129e-03	2.132447e+01	2.132448e-02
2.000184064339129e-03	2.134369e+01	2.134370e-02
2.000184189339129e-03	2.136311e+01	2.136311e-02
2.000185189339129e-03	2.151953e+01	2.151953e-02
2.000186189339129e-03	2.167715e+01	2.167715e-02
2.000187189339129e-03	2.183593e+01	2.183593e-02
2.000187314339129e-03	2.185592e+01	2.185592e-02
2.000188314339128e-03	2.201703e+01	2.201703e-02
2.000189314339128e-03	2.217927e+01	2.217927e-02
2.000190552205916e-03	2.238140e+01	2.238140e-02
2.000190861672613e-03	2.243227e+01	2.243227e-02
2.000191480606007e-03	2.253477e+01	2.253478e-02
2.000192718472794e-03	2.274130e+01	2.274130e-02
2.000193718472794e-03	2.290986e+01	2.290986e-02
2.000194718472794e-03	2.307993e+01	2.307993e-02
2.000194880246579e-03	2.310776e+01	2.310776e-02
2.000194880247533e-03	2.310797e+01	2.310797e-02
2.000195880247533e-03	2.328005e+01	2.328005e-02
2.000196880247533e-03	2.345345e+01	2.345346e-02
2.000197880247532e-03	2.362836e+01	2.362837e-02
2.000198880247532e-03	2.380473e+01	2.380473e-02
2.000199880247532e-03	2.398264e+01	2.398265e-02
2.000200880247532e-03	2.416200e+01	2.416201e-02
2.000201880247532e-03	2.434275e+01	2.434275e-02
2.000202880247532e-03	2.452490e+01	2.452490e-02
2.000203850972086e-03	2.470276e+01	2.470277e-02
2.000204026003333e-03	2.473502e+01	2.473503e-02
2.000205026003333e-03	2.492014e+01	2.492014e-02
2.000205151003333e-03	2.494338e+01	2.494338e-02
2.000206151003333e-03	2.513040e+01	2.513041e-02
2.000207144096765e-03	2.531723e+01	2.531723e-02
2.000208144096765e-03	2.550673e+01	2.550673e-02
2.000209144096765e-03	2.569759e+01	2.569759e-02
2.000210144096765e-03	2.588981e+01	2.588981e-02
2.000211167592624e-03	2.608792e+01	2.608792e-02
2.000212167592624e-03	2.628269e+01	2.628269e-02
2.000213220673009e-03	2.648905e+01	2.648905e-02
2.000214220673526e-03	2.668636e+01	2.668636e-02
2.000215220673526e-03	2.688529e+01	2.688529e-02
2.000216282918819e-03	2.709752e+01	2.709752e-02
2.000217780999599e-03	2.739982e+01	2.739982e-02
2.000220777161159e-03	2.801054e+01	2.801054e-02
2.000221777161159e-03	2.821643e+01	2.821643e-02
2.000222840512039e-03	2.843729e+01	2.843730e-02
2.000223840512039e-03	2.864626e+01	2.864626e-02
2.000224840512039e-03	2.885645e+01	2.885646e-02
2.000225840512038e-03	2.906773e+01	2.906774e-02
2.000226840512038e-03	2.928004e+01	2.928004e-02
2.000227756761689e-03	2.947548e+01	2.947548e-02
2.000228756761689e-03	2.968978e+01	2.968978e-02
2.000229756761689e-03	2.990505e+01	2.990505e-02
2.000230756761688e-03	3.012129e+01	3.012129e-02
2.000231756761688e-03	3.033846e+01	3.033846e-02
2.000233756761688e-03	3.077550e+01	3.077551e-02
2.000235756761688e-03	3.121597e+01	3.121597e-02
2.000236756761688e-03	3.143723e+01	3.143723e-02
2.000236881761688e-03	3.146496e+01	3.146496e-02
2.000237881761688e-03	3.168742e+01	3.168742e-02
2.000238881761688e-03	3.191045e+01	3.191045e-02
2.000239881761688e-03	3.213420e+01	3.213420e-02
2.000240881761687e-03	3.235862e+01	3.235862e-02
2.000241881761687e-03	3.258368e+01	3.258368e-02
2.000242881761687e-03	3.280934e+01	3.280934e-02
2.000243881761687e-03	3.303558e+01	3.303558e-02
2.000244881761687e-03	3.326226e+01	3.326226e-02
2.000245131762164e-03	3.331921e+01	3.331921e-02
2.000246131762164e-03	3.354651e+01	3.354651e-02
2.000247131762164e-03	3.377415e+01	3.377415e-02
2.000248131762164e-03	3.400256e+01	3.400256e-02
2.000249131762164e-03	3.423151e+01	3.423152e-02
2.000251131762163e-03	3.469036e+01	3.469037e-02
2.000255131762164e-03	3.561015e+01	3.561015e-02
2.000263131762164e-03	3.744569e+01	3.744569e-02
2.000275731514048e-03	4.026596e+01	4.026596e-02
2.000296368404778e-03	4.455444e+01	4.455444e-02
2.000320217084961e-03	4.877983e+01	4.877983e-02
2.000346434186420e-03	5.229705e+01	5.229705e-02
2.000375198898804e-03	5.473573e+01	5.473574e-02
2.000422678888515e-03	5.687534e+01	5.687534e-02
2.000447570676677e-03	5.740083e+01	5.740083e-02
2.000447570685360e-03	5.740100e+01	5.740101e-02
2.000447695685360e-03	5.740171e+01	5.740172e-02
2.000447695715878e-03	5.740176e+01	5.740177e-02
2.000447695776912e-03	5.740185e+01	5.740185e-02
2.000447695898983e-03	5.740182e+01	5.740183e-02
2.000448695898983e-03	5.740596e+01	5.740596e-02
2.000449695898983e-03	5.741002e+01	5.741002e-02
2.000450918311839e-03	5.741450e+01	5.741451e-02
2.000453363137551e-03	5.742150e+01	5.742151e-02
2.000458252788977e-03	5.742926e+01	5.742927e-02
2.000466352777769e-03	5.742871e+01	5.742871e-02
2.000475072648333e-03	5.741106e+01	5.741107e-02
2.000486264953106e-03	5.736422e+01	5.736423e-02
2.000502497785495e-03	5.725989e+01	5.725990e-02
2.000525734575333e-03	5.706361e+01	5.706361e-02
2.000541811005398e-03	5.689952e+01	5.689953e-02
2.000560881737192e-03	5.667681e+01	5.667682e-02
2.000578597143607e-03	5.645337e+01	5.645337e-02
2.000581358562000e-03	5.641653e+01	5.641654e-02
2.000586881398787e-03	5.633978e+01	5.633979e-02
2.000597927072360e-03	5.617945e+01	5.617946e-02
2.000620018419505e-03	5.583287e+01	5.583288e-02
2.000653477326844e-03	5.524255e+01	5.524256e-02
2.000693489425311e-03	5.437243e+01	5.437244e-02
2.000764889279371e-03	5.211255e+01	5.211255e-02
2.000893454781624e-03	4.649101e+01	4.649102e-02
2.000961523934623e-03	4.293270e+01	4.293270e-02
2.000963053023562e-03	4.284817e+01	4.284818e-02
2.000966111201440e-03	4.268029e+01	4.268030e-02
2.000966875745910e-03	4.263823e+01	4.263824e-02
2.000968404834849e-03	4.255416e+01	4.255417e-02
2.000969404834849e-03	4.249928e+01	4.249929e-02
2.000969529834849e-03	4.249243e+01	4.249243e-02
2.000970529834849e-03	4.243744e+01	4.243744e-02
2.000970529838663e-03	4.243736e+01	4.243737e-02
2.000970529846293e-03	4.243722e+01	4.243722e-02
2.000970529846770e-03	4.243722e+01	4.243722e-02
2.000970545471770e-03	4.243654e+01	4.243654e-02
2.000971545471770e-03	4.238207e+01	4.238208e-02
2.000972545471769e-03	4.232744e+01	4.232744e-02
2.000974545471769e-03	4.221825e+01	4.221825e-02
2.000975545471769e-03	4.216374e+01	4.216374e-02
2.000977545471769e-03	4.205494e+01	4.205494e-02
2.000980770020988e-03	4.188009e+01	4.188009e-02
2.000987219119427e-03	4.153263e+01	4.153263e-02
2.001000117316304e-03	4.084637e+01	4.084638e-02
2.001025913710057e-03	3.950655e+01	3.950656e-02
2.001077506497564e-03	3.692355e+01	3.692355e-02
2.001147200557260e-03	3.359413e+01	3.359413e-02
2.001239164196344e-03	2.942993e+01	2.942993e-02
2.001339590730805e-03	2.526390e+01	2.526390e-02
2.001427516110973e-03	2.227427e+01	2.227427e-02
2.001529320494993e-03	1.966272e+01	1.966272e-02
2.001580902708889e-03	1.866855e+01	1.866855e-02
2.001657796513827e-03	1.750793e+01	1.750793e-02
2.001722395972660e-03	1.668522e+01	1.668522e-02
2.001783031972406e-03	1.602224e+01	1.602224e-02
2.001811068134309e-03	1.574880e+01	1.574880e-02
2.001845224868604e-03	1.543990e+01	1.543990e-02
2.001876047609779e-03	1.517514e+01	1.517514e-02
2.001911760602870e-03	1.489045e+01	1.489045e-02
2.001983186589054e-03	1.436912e+01	1.436912e-02
2.002052324047423e-03	1.392122e+01	1.392122e-02
2.002187679752829e-03	1.316554e+01	1.316554e-02
2.002328691244826e-03	1.249560e+01	1.249560e-02
2.002499168693395e-03	1.179420e+01	1.179420e-02
2.002523931909388e-03	1.170212e+01	1.170212e-02
2.002555371815809e-03	1.159302e+01	1.159302e-02
2.002591947657342e-03	1.146981e+01	1.146981e-02
2.002628195555964e-03	1.135155e+01	1.135155e-02
2.002666892469098e-03	1.122974e+01	1.122974e-02
2.002721165585022e-03	1.106546e+01	1.106547e-02
2.002781208141986e-03	1.089151e+01	1.089151e-02
2.002849531663173e-03	1.070325e+01	1.070325e-02
2.002933085666718e-03	1.048621e+01	1.048621e-02
2.003050916526853e-03	1.020086e+01	1.020086e-02
2.003195465247971e-03	9.876502e+00	9.876503e-03
2.003327995406086e-03	9.601398e+00	9.601399e-03
2.003460294411500e-03	9.349975e+00	9.349975e-03
2.003724892422329e-03	8.896419e+00	8.896420e-03
2.004089049450834e-03	8.341375e+00	8.341376e-03
2.004479066468472e-03	7.831048e+00	7.831049e-03
2.005259100503748e-03	6.988369e+00	6.988369e-03
2.006519978671862e-03	5.884157e+00	5.884158e-03
2.007773508205267e-03	5.080363e+00	5.080363e-03
2.008778968470053e-03	4.873352e+00	4.873353e-03
2.009455429305588e-03	5.158710e+00	5.158711e-03
2.010025577399638e-03	5.597315e+00	5.597316e-03
2.010290611568286e-03	5.785112e+00	5.785112e-03
2.010543814083038e-03	5.961126e+00	5.961127e-03
2.010841538568957e-03	6.170399e+00	6.170399e-03
2.011095325654054e-03	6.284515e+00	6.284516e-03
2.011407030381939e-03	6.309371e+00	6.309372e-03
2.011633109948761e-03	6.265700e+00	6.265701e-03
2.011898465731546e-03	6.188188e+00	6.188189e-03
2.011966852673340e-03	6.169679e+00	6.169680e-03
2.012017009058354e-03	6.156849e+00	6.156850e-03
2.012028910323661e-03	6.153682e+00	6.153683e-03
2.012043989127787e-03	6.149522e+00	6.149522e-03
2.012062142107007e-03	6.144372e+00	6.144373e-03
2.012085292393981e-03	6.137616e+00	6.137616e-03
2.012108482752325e-03	6.130656e+00	6.130657e-03
2.012136109283457e-03	6.122165e+00	6.122166e-03
2.012166471308034e-03	6.112684e+00	6.112684e-03
2.012207947430876e-03	6.099697e+00	6.099698e-03
2.012275886382119e-03	6.078764e+00	6.078765e-03
2.012347757770873e-03	6.057363e+00	6.057363e-03
2.012428824020935e-03	6.034152e+00	6.034152e-03
2.012531956640473e-03	6.005243e+00	6.005244e-03
2.012738221879547e-03	5.947625e+00	5.947625e-03
2.012990272296440e-03	5.877984e+00	5.877984e-03
2.013258352946710e-03	5.806138e+00	5.806138e-03
2.013657273305185e-03	5.702903e+00	5.702903e-03
2.014073699809910e-03	5.599551e+00	5.599551e-03
2.014745346748621e-03	5.444027e+00	5.444027e-03
2.016088640626043e-03	5.161907e+00	5.161908e-03
2.017673056861442e-03	4.874472e+00	4.874473e-03
2.020203540624370e-03	4.500535e+00	4.500536e-03
2.023279272937860e-03	4.157517e+00	4.157518e-03
2.028245949945703e-03	3.775150e+00	3.775150e-03
2.033277058854006e-03	3.524738e+00	3.524738e-03
2.038247968910950e-03	3.374988e+00	3.374989e-03
2.042796391961616e-03	3.291517e+00	3.291518e-03
2.047543993811993e-03	3.237958e+00	3.237958e-03
2.052224297852559e-03	3.205132e+00	3.205132e-03
2.057075479428543e-03	3.184185e+00	3.184185e-03
2.061847139017195e-03	3.171520e+00	3.171521e-03
2.066764717390369e-03	3.163554e+00	3.163554e-03
2.071705355451031e-03	3.158693e+00	3.158693e-03
2.076878723352668e-03	3.155657e+00	3.155658e-03
2.082242628383831e-03	3.153808e+00	3.153808e-03
2.088049583810365e-03	3.152671e+00	3.152671e-03
2.094391103275861e-03	3.151990e+00	3.151990e-03
2.101227040775861e-03	3.151606e+00	3.151607e-03
2.108062978275861e-03	3.151412e+00	3.151412e-03
2.114898915775861e-03	3.151316e+00	3.151316e-03
2.121734853275861e-03	3.151268e+00	3.151268e-03
2.128570790775861e-03	3.151250e+00	3.151251e-03
2.135406728275861e-03	3.151252e+00	3.151252e-03
2.142242665775861e-03	3.151253e+00	3.151253e-03
2.149078603275862e-03	3.151241e+00	3.151241e-03
2.155914540775862e-03	3.151225e+00	3.151225e-03
2.162750478275862e-03	3.151219e+00	3.151220e-03
2.163604970463362e-03	3.151220e+00	3.151220e-03
2.165313954838362e-03	3.151217e+00	3.151217e-03
2.165741200932112e-03	3.151217e+00	3.151217e-03
2.166595693119612e-03	3.151218e+00	3.151219e-03
2.167118172942520e-03	3.151224e+00	3.151224e-03
2.167622747529657e-03	3.151234e+00	3.151234e-03
2.168135676631099e-03	3.151245e+00	3.151246e-03
2.168723925637375e-03	3.151249e+00	3.151249e-03
2.169302603288210e-03	3.151234e+00	3.151234e-03
2.169920232033445e-03	3.151214e+00	3.151214e-03
2.169920357033922e-03	3.151432e+00	3.151432e-03
2.169920372658922e-03	3.151467e+00	3.151468e-03
2.169921372658922e-03	3.151229e+00	3.151229e-03
2.169922372658922e-03	3.151206e+00	3.151206e-03
2.169924372658922e-03	3.151206e+00	3.151207e-03
2.169928372658922e-03	3.151206e+00	3.151207e-03
2.169936372658922e-03	3.151207e+00	3.151207e-03
2.169952372658922e-03	3.151208e+00	3.151208e-03
2.169984372658922e-03	3.151209e+00	3.151210e-03
2.170048372658922e-03	3.151213e+00	3.151213e-03
2.170176372658922e-03	3.151217e+00	3.151217e-03
2.170432372658922e-03	3.151217e+00	3.151217e-03
2.170944372658922e-03	3.151215e+00	3.151216e-03
2.171968372658922e-03	3.151216e+00	3.151216e-03
2.173061247816137e-03	3.151215e+00	3.151216e-03
2.174542275897004e-03	3.151215e+00	3.151216e-03
2.176204382655840e-03	3.151215e+00	3.151215e-03
2.178755532727064e-03	3.151215e+00	3.151215e-03
2.182206489236735e-03	3.151214e+00	3.151214e-03
2.188667128677787e-03	3.151213e+00	3.151214e-03
2.195503066177787e-03	3.151212e+00	3.151213e-03
2.202339003677787e-03	3.151212e+00	3.151212e-03
2.209174941177788e-03	3.151211e+00	3.151211e-03
2.216010878677788e-03	3.151211e+00	3.151211e-03
2.222846816177788e-03	3.151210e+00	3.151210e-03
2.229682753677788e-03	3.151209e+00	3.151210e-03
2.236518691177788e-03	3.151209e+00	3.151209e-03
2.243354628677788e-03	3.151208e+00	3.151209e-03
2.250190566177788e-03	3.151208e+00	3.151208e-03
2.257026503677788e-03	3.151207e+00	3.151208e-03
2.263862441177788e-03	3.151207e+00	3.151207e-03
2.270698378677789e-03	3.151207e+00	3.151207e-03
2.277534316177789e-03	3.151206e+00	3.151207e-03
2.284370253677789e-03	3.151206e+00	3.151207e-03
2.291206191177789e-03	3.151206e+00	3.151206e-03
2.298042128677789e-03	3.151206e+00	3.151206e-03
2.304878066177789e-03	3.151205e+00	3.151206e-03
2.311714003677789e-03	3.151205e+00	3.151205e-03
2.318549941177789e-03	3.151205e+00	3.151205e-03
2.325385878677790e-03	3.151205e+00	3.151205e-03
2.332221816177790e-03	3.151204e+00	3.151205e-03
2.339057753677790e-03	3.151204e+00	3.151204e-03
2.345893691177790e-03	3.151204e+00	3.151204e-03
2.352729628677790e-03	3.151204e+00	3.151204e-03
2.359565566177790e-03	3.151204e+00	3.151204e-03
2.366401503677790e-03	3.151204e+00	3.151204e-03
2.373237441177790e-03	3.151203e+00	3.151204e-03
2.380073378677790e-03	3.151203e+00	3.151204e-03
2.386909316177791e-03	3.151203e+00	3.151204e-03
2.393745253677791e-03	3.151203e+00	3.151204e-03
2.400581191177791e-03	3.151203e+00	3.151203e-03
2.407417128677791e-03	3.151203e+00	3.151203e-03
2.414253066177791e-03	3.151203e+00	3.151203e-03
2.421089003677791e-03	3.151203e+00	3.151203e-03
2.427924941177791e-03	3.151202e+00	3.151203e-03
2.434760878677791e-03	3.151202e+00	3.151203e-03
2.441596816177791e-03	3.151202e+00	3.151203e-03
2.448432753677792e-03	3.151202e+00	3.151203e-03
2.455268691177792e-03	3.151202e+00	3.151203e-03
2.462104628677792e-03	3.151202e+00	3.151203e-03
2.468940566177792e-03	3.151202e+00	3.151203e-03
2.475776503677792e-03	3.151202e+00	3.151203e-03
2.482612441177792e-03	3.151202e+00	3.151202e-03
2.489448378677792e-03	3.151202e+00	3.151202e-03
2.496284316177792e-03	3.151202e+00	3.151202e-03
2.503120253677792e-03	3.151202e+00	3.151202e-03
2.509956191177793e-03	3.151202e+00	3.151202e-03
2.516792128677793e-03	3.151202e+00	3.151202e-03
2.523628066177793e-03	3.151202e+00	3.151202e-03
2.530464003677793e-03	3.151202e+00	3.151202e-03
2.537299941177793e-03	3.151202e+00	3.151202e-03
2.544135878677793e-03	3.151202e+00	3.151202e-03
2.550971816177793e-03	3.151202e+00	3.151202e-03
2.557807753677793e-03	3.151201e+00	3.151202e-03
2.564643691177794e-03	3.151201e+00	3.151202e-03
2.571479628677794e-03	3.151201e+00	3.151202e-03
2.578315566177794e-03	3.151201e+00	3.151202e-03
2.585151503677794e-03	3.151201e+00	3.151202e-03
2.591987441177794e-03	3.151201e+00	3.151202e-03
2.598823378677794e-03	3.151201e+00	3.151201e-03
2.605659316177794e-03	3.151201e+00	3.151201e-03
2.612495253677794e-03	3.151201e+00	3.151201e-03
2.619331191177794e-03	3.151201e+00	3.151201e-03
2.626167128677795e-03	3.151201e+00	3.151201e-03
2.633003066177795e-03	3.151201e+00	3.151201e-03
2.639839003677795e-03	3.151201e+00	3.151201e-03
2.646674941177795e-03	3.151201e+00	3.151201e-03
2.653510878677795e-03	3.151201e+00	3.151201e-03
2.660346816177795e-03	3.151201e+00	3.151201e-03
2.667182753677795e-03	3.151201e+00	3.151201e-03
2.674018691177795e-03	3.151201e+00	3.151201e-03
2.680854628677795e-03	3.151201e+00	3.151201e-03
2.687690566177796e-03	3.151200e+00	3.151201e-03
2.694526503677796e-03	3.151200e+00	3.151201e-03
2.701362441177796e-03	3.151201e+00	3.151201e-03
2.708198378677796e-03	3.151201e+00	3.151201e-03
2.715034316177796e-03	3.151201e+00	3.151201e-03
2.721870253677796e-03	3.151201e+00	3.151201e-03
2.728706191177796e-03	3.151201e+00	3.151201e-03
2.735542128677796e-03	3.151201e+00	3.151201e-03
2.742378066177796e-03	3.151200e+00	3.151201e-03
2.749214003677797e-03	3.151200e+00	3.151201e-03
2.756049941177797e-03	3.151200e+00	3.151201e-03
2.762885878677797e-03	3.151200e+00	3.151201e-03
2.769721816177797e-03	3.151200e+00	3.151201e-03
2.776557753677797e-03	3.151200e+00	3.151201e-03
2.783393691177797e-03	3.151201e+00	3.151201e-03
2.790229628677797e-03	3.151201e+00	3.151201e-03
2.797065566177797e-03	3.151201e+00	3.151201e-03
2.803901503677798e-03	3.151201e+00	3.151201e-03
2.810737441177798e-03	3.151200e+00	3.151201e-03
2.817573378677798e-03	3.151200e+00	3.151201e-03
2.824409316177798e-03	3.151200e+00	3.151201e-03
2.831245253677798e-03	3.151200e+00	3.151201e-03
2.838081191177798e-03	3.151200e+00	3.151201e-03
2.844917128677798e-03	3.151200e+00	3.151201e-03
2.851753066177798e-03	3.151200e+00	3.151201e-03
2.858589003677798e-03	3.151200e+00	3.151201e-03
2.865424941177799e-03	3.151201e+00	3.151201e-03
2.872260878677799e-03	3.151201e+00	3.151201e-03
2.879096816177799e-03	3.151201e+00	3.151201e-03
2.885932753677799e-03	3.151201e+00	3.151201e-03
2.892768691177799e-03	3.151200e+00	3.151201e-03
2.899604628677799e-03	3.151200e+00	3.151201e-03
2.906440566177799e-03	3.151200e+00	3.151201e-03
2.913276503677799e-03	3.151200e+00	3.151201e-03
2.920112441177799e-03	3.151200e+00	3.151201e-03
2.926948378677800e-03	3.151200e+00	3.151201e-03
2.933784316177800e-03	3.151200e+00	3.151201e-03
2.940620253677800e-03	3.151200e+00	3.151201e-03
2.947456191177800e-03	3.151200e+00	3.151201e-03
2.954292128677800e-03	3.151200e+00	3.151201e-03
2.961128066177800e-03	3.151200e+00	3.151201e-03
2.967964003677800e-03	3.151200e+00	3.151201e-03
2.974799941177800e-03	3.151200e+00	3.151201e-03
2.981635878677800e-03	3.151200e+00	3.151201e-03
2.988471816177801e-03	3.151200e+00	3.151201e-03
2.995307753677801e-03	3.151200e+00	3.151201e-03
3.002143691177801e-03	3.151200e+00	3.151201e-03
3.008979628677801e-03	3.151200e+00	3.151201e-03
3.015815566177801e-03	3.151200e+00	3.151201e-03
3.022651503677801e-03	3.151200e+00	3.151201e-03
3.029487441177801e-03	3.151200e+00	3.151201e-03
3.036323378677801e-03	3.151200e+00	3.151201e-03
3.043159316177802e-03	3.151200e+00	3.151201e-03
3.049995253677802e-03	3.151200e+00	3.151201e-03
3.056831191177802e-03	3.151200e+00	3.151201e-03
3.063667128677802e-03	3.151200e+00	3.151201e-03
3.070503066177802e-03	3.151200e+00	3.151201e-03
3.077339003677802e-03	3.151200e+00	3.151201e-03
3.091010878677802e-03	3.151200e+00	3.151201e-03
3.097846816177802e-03	3.151200e+00	3.151201e-03
3.104682753677803e-03	3.151200e+00	3.151201e-03
3.111518691177803e-03	3.151200e+00	3.151201e-03
3.118354628677803e-03	3.151200e+00	3.151201e-03
3.125190566177803e-03	3.151200e+00	3.151201e-03
3.132026503677803e-03	3.151200e+00	3.151201e-03
3.138862441177803e-03	3.151200e+00	3.151201e-03
3.145698378677803e-03	3.151200e+00	3.151201e-03
3.152534316177803e-03	3.151200e+00	3.151201e-03
3.159370253677803e-03	3.151200e+00	3.151201e-03
3.166206191177804e-03	3.151200e+00	3.151201e-03
3.179878066177804e-03	3.151200e+00	3.151201e-03
3.193549941177804e-03	3.151200e+00	3.151201e-03
3.200385878677804e-03	3.151200e+00	3.151201e-03
3.207221816177804e-03	3.151200e+00	3.151201e-03
3.214057753677804e-03	3.151200e+00	3.151201e-03
3.220893691177805e-03	3.151200e+00	3.151201e-03
3.227729628677805e-03	3.151200e+00	3.151201e-03
3.234565566177805e-03	3.151200e+00	3.151201e-03
3.241401503677805e-03	3.151200e+00	3.151201e-03
3.248237441177805e-03	3.151200e+00	3.151201e-03
3.255073378677805e-03	3.151200e+00	3.151201e-03
3.268745253677805e-03	3.151201e+00	3.151201e-03
3.282417128677806e-03	3.151201e+00	3.151201e-03
3.296089003677806e-03	3.151200e+00	3.151201e-03
3.302924941177806e-03	3.151200e+00	3.151201e-03
3.309760878677806e-03	3.151200e+00	3.151201e-03
3.316596816177806e-03	3.151200e+00	3.151201e-03
3.323432753677806e-03	3.151200e+00	3.151201e-03
3.330268691177806e-03	3.151200e+00	3.151201e-03
3.343940566177807e-03	3.151200e+00	3.151201e-03
3.357612441177807e-03	3.151200e+00	3.151201e-03
3.371284316177807e-03	3.151200e+00	3.151201e-03
3.384956191177807e-03	3.151200e+00	3.151201e-03
3.405464003677808e-03	3.151200e+00	3.151201e-03
3.419135878677808e-03	3.151200e+00	3.151201e-03
3.432807753677808e-03	3.151200e+00	3.151201e-03
3.453315566177808e-03	3.151200e+00	3.151201e-03
3.829292128677815e-03	3.151200e+00	3.151201e-03
3.986518691177813e-03	3.151200e+00	3.151201e-03
3.993354628677812e-03	3.151201e+00	3.151201e-03
3.994185300093086e-03	3.151201e+00	3.151201e-03
3.995846642923633e-03	3.151201e+00	3.151201e-03
3.999169328584727e-03	3.151200e+00	3.151201e-03
3.999584664292364e-03	3.151201e+00	3.151201e-03
3.999591153912796e-03	3.151201e+00	3.151201e-03
3.999604133153659e-03	3.151200e+00	3.151201e-03
3.999630091635386e-03	3.151200e+00	3.151201e-03
3.999682008598841e-03	3.151200e+00	3.151201e-03
3.999785842525750e-03	3.151201e+00	3.151201e-03
3.999792332146181e-03	3.151201e+00	3.151201e-03
3.999805311387044e-03	3.151200e+00	3.151201e-03
3.999831269868769e-03	3.151200e+00	3.151201e-03
3.999883186832220e-03	3.151200e+00	3.151201e-03
3.999896166073099e-03	3.151200e+00	3.151201e-03
3.999922124554857e-03	3.151200e+00	3.151201e-03
3.999948083036484e-03	3.151200e+00	3.151201e-03
3.999999999999736e-03	1.575600e+00	1.512756e-01
4.000000000003551e-03	4.760742e-02	2.949219e-01
4.000000000003670e-03	3.039237e-11	2.994162e-01
4.000001000003670e-03	2.637885e-10	2.587412e+00
4.000001000007485e-03	2.640850e-10	2.587422e+00
4.000001000038002e-03	2.660835e-10	2.587504e+00
4.000001000099038e-03	2.653439e-10	2.587579e+00
4.000002000099038e-03	2.823297e-10	2.774791e+00
4.000003000099038e-03	3.124167e-10	2.867831e+00
4.000003000102853e-03	3.119727e-10	2.867835e+00
4.000003000110482e-03	3.039049e-10	2.867844e+00
4.000003000125741e-03	2.895462e-10	2.867844e+00
4.000003000129555e-03	2.895462e-10	2.867843e+00
4.000003000130510e-03	2.895462e-10	2.867843e+00
4.000003000132417e-03	2.895462e-10	2.867843e+00
4.000004000132417e-03	2.939870e-10	2.883366e+00
4.000004000166749e-03	2.939871e-10	2.883380e+00
4.000005000166749e-03	2.946532e-10	2.891071e+00
4.000005000170564e-03	2.937651e-10	2.891083e+00
4.000005000171518e-03	2.922507e-10	2.891087e+00
4.000005000171548e-03	2.922107e-10	2.891087e+00
4.000006000171548e-03	3.068656e-10	2.895222e+00
4.000006000175363e-03	3.054594e-10	2.895227e+00
4.000006000182992e-03	2.946532e-10	2.895238e+00
4.000006000184899e-03	2.926548e-10	2.895237e+00
4.000006000188714e-03	2.926548e-10	2.895237e+00
4.000006000196343e-03	2.926548e-10	2.895236e+00
4.000006000211602e-03	2.926548e-10	2.895235e+00
4.000006000212079e-03	2.927197e-10	2.895235e+00
4.000006000242596e-03	2.968736e-10	2.895233e+00
4.000006000250226e-03	2.968736e-10	2.895233e+00
4.000007000250226e-03	3.028688e-10	2.897291e+00
4.000007125250226e-03	3.126367e-10	2.897554e+00
4.000007125288372e-03	3.026467e-10	2.897569e+00
4.000008125288373e-03	2.962075e-10	2.898120e+00
4.000009125288373e-03	3.070877e-10	2.898376e+00
4.000009125288850e-03	3.067422e-10	2.898378e+00
4.000009125292665e-03	3.006484e-10	2.898395e+00
4.000009125300294e-03	2.926952e-10	2.898394e+00
4.000009125300593e-03	2.926548e-10	2.898394e+00
4.000010125304407e-03	3.592681e-10	2.898069e+00
4.000011125304408e-03	3.170797e-10	2.897487e+00
4.000012125304408e-03	2.953193e-10	2.896808e+00
4.000013125304409e-03	2.952083e-10	2.896031e+00
4.000014125304886e-03	2.948752e-10	2.895207e+00
4.000015125304886e-03	2.948752e-10	2.894248e+00
4.000015125308701e-03	2.944311e-10	2.894254e+00
4.000015125316330e-03	2.924772e-10	2.894266e+00
4.000015125318238e-03	2.955414e-10	2.894266e+00
4.000015125325867e-03	3.121947e-10	2.894265e+00
4.000015125329682e-03	3.121947e-10	2.894264e+00
4.000015125333496e-03	3.067289e-10	2.894264e+00
4.000015125333556e-03	3.066267e-10	2.894264e+00
4.000015125364073e-03	2.943112e-10	2.894261e+00
4.000015125370457e-03	2.954890e-10	2.894260e+00
4.000015125374272e-03	2.966516e-10	2.894259e+00
4.000015125381901e-03	2.951712e-10	2.894259e+00
4.000015125397160e-03	3.002043e-10	2.894257e+00
4.000015125400974e-03	3.044232e-10	2.894257e+00
4.000015125404789e-03	3.066436e-10	2.894257e+00
4.000016125404789e-03	3.121947e-10	2.892919e+00
4.000016125408604e-03	3.088640e-10	2.892926e+00
4.000016125416233e-03	2.942091e-10	2.892938e+00
4.000016125418141e-03	2.922107e-10	2.892938e+00
4.000016125421955e-03	2.928768e-10	2.892937e+00
4.000016125425770e-03	2.935430e-10	2.892937e+00
4.000016125433399e-03	2.924772e-10	2.892936e+00
4.000016125435307e-03	2.922107e-10	2.892936e+00
4.000016125439121e-03	2.922107e-10	2.892935e+00
4.000016125446751e-03	2.922107e-10	2.892934e+00
4.000016125448658e-03	2.922107e-10	2.892934e+00
4.000016125452473e-03	2.922107e-10	2.892934e+00
4.000016125460102e-03	2.922107e-10	2.892933e+00
4.000017125460102e-03	2.985390e-10	2.891271e+00
4.000018125460103e-03	3.061993e-10	2.889608e+00
4.000018125490620e-03	3.026468e-10	2.889622e+00
4.000018125498249e-03	2.984279e-10	2.889625e+00
4.000018125513508e-03	2.917666e-10	2.889623e+00
4.000018125544025e-03	2.917666e-10	2.889620e+00
4.000018125544979e-03	2.917666e-10	2.889619e+00
4.000018125545218e-03	2.922107e-10	2.889619e+00
4.000018125545705e-03	2.930989e-10	2.889619e+00
4.000019125545705e-03	2.936540e-10	2.887978e+00
4.000020125545706e-03	2.940117e-10	2.886415e+00
4.000020250545706e-03	2.943324e-10	2.886235e+00
4.000021250545706e-03	3.002043e-10	2.884903e+00
4.000021250549581e-03	3.139711e-10	2.884923e+00
4.000021250550535e-03	2.956710e-10	2.884922e+00
4.000021250550773e-03	2.913225e-10	2.884922e+00
4.000022250550773e-03	2.947642e-10	2.883825e+00
4.000023250550774e-03	2.983169e-10	2.882896e+00
4.000024250550774e-03	3.025358e-10	2.882123e+00
4.000025250550775e-03	3.080869e-10	2.881419e+00
4.000026250550775e-03	3.226308e-10	2.880752e+00
4.000026250562219e-03	3.126377e-10	2.880771e+00
4.000026375562219e-03	2.964295e-10	2.880666e+00
4.000027375562219e-03	3.224087e-10	2.879947e+00
4.000027375566034e-03	3.190781e-10	2.879953e+00
4.000027375573663e-03	2.951861e-10	2.879966e+00
4.000027375575570e-03	2.908784e-10	2.879965e+00
4.000027375579385e-03	2.908784e-10	2.879965e+00
4.000027375587014e-03	2.908784e-10	2.879964e+00
4.000027375588922e-03	2.908784e-10	2.879964e+00
4.000027375592736e-03	2.908784e-10	2.879963e+00
4.000027375600366e-03	2.908784e-10	2.879963e+00
4.000027375615624e-03	2.908784e-10	2.879961e+00
4.000027375619439e-03	2.908784e-10	2.879961e+00
4.000027375627068e-03	2.908784e-10	2.879960e+00
4.000027375642327e-03	2.908790e-10	2.879959e+00
4.000027500642327e-03	2.966516e-10	2.879862e+00
4.000027500646141e-03	2.951712e-10	2.879869e+00
4.000027500653771e-03	2.917666e-10	2.879880e+00
4.000027500669029e-03	2.908785e-10	2.879879e+00
4.000028500669090e-03	2.964296e-10	2.879088e+00
4.000029500669090e-03	1.027511e-09	2.878274e+00
4.000030500669090e-03	1.576739e-09	2.877448e+00
4.000031500669091e-03	1.760370e-09	2.876616e+00
4.000032500669091e-03	1.025225e-09	2.875794e+00
4.000032500730126e-03	3.126992e-10	2.875809e+00
4.000032500732034e-03	2.904343e-10	2.875809e+00
4.000032500735848e-03	2.904343e-10	2.875808e+00
4.000032500743478e-03	2.904343e-10	2.875807e+00
4.000032500758736e-03	2.904343e-10	2.875806e+00
4.000032500762551e-03	2.904343e-10	2.875805e+00
4.000032500770180e-03	2.904343e-10	2.875804e+00
4.000032500785439e-03	2.904343e-10	2.875803e+00
4.000032500785916e-03	2.904343e-10	2.875803e+00
4.000032500786870e-03	2.904343e-10	2.875803e+00
4.000032500788777e-03	2.904343e-10	2.875803e+00
4.000032500792592e-03	2.904343e-10	2.875802e+00
4.000033500792592e-03	2.924327e-10	2.874920e+00
4.000034500792593e-03	2.917666e-10	2.874065e+00
4.000034500793091e-03	2.907008e-10	2.874082e+00
4.000034500793216e-03	2.905676e-10	2.874085e+00
4.000034500797031e-03	2.946532e-10	2.874085e+00
4.000034500804660e-03	2.905622e-10	2.874084e+00
4.000034500804899e-03	2.904343e-10	2.874084e+00
4.000034500805376e-03	2.904343e-10	2.874084e+00
4.000035500805376e-03	2.945386e-10	2.873173e+00
4.000036438742333e-03	2.899903e-10	2.872355e+00
4.000036438746226e-03	2.944311e-10	2.872375e+00
4.000037438746227e-03	2.956524e-10	2.871452e+00
4.000038438746227e-03	2.955414e-10	2.870546e+00
4.000039438746227e-03	2.939871e-10	2.869646e+00
4.000040438746228e-03	2.911005e-10	2.868764e+00
4.000040438750474e-03	2.907304e-10	2.868770e+00
4.000040438758968e-03	2.899903e-10	2.868783e+00
4.000040438775956e-03	2.899903e-10	2.868781e+00
4.000040438809930e-03	2.899903e-10	2.868777e+00
4.000040438810992e-03	2.899903e-10	2.868777e+00
4.000040438813115e-03	2.902647e-10	2.868777e+00
4.000040438843632e-03	2.951960e-10	2.868774e+00
4.000040438847447e-03	2.939129e-10	2.868774e+00
4.000040438855076e-03	2.902123e-10	2.868773e+00
4.000040438856984e-03	2.913967e-10	2.868772e+00
4.000040438860798e-03	2.942091e-10	2.868772e+00
4.000041438860799e-03	2.939871e-10	2.867857e+00
4.000041438865088e-03	2.925067e-10	2.867863e+00
4.000041438873666e-03	2.895462e-10	2.867876e+00
4.000041438890822e-03	2.895462e-10	2.867874e+00
4.000041438895111e-03	2.895462e-10	2.867873e+00
4.000041438903690e-03	2.895462e-10	2.867872e+00
4.000041438920846e-03	2.895462e-10	2.867871e+00
4.000041438925135e-03	2.895462e-10	2.867870e+00
4.000041438926207e-03	2.895462e-10	2.867870e+00
4.000041438928351e-03	2.911440e-10	2.867870e+00
4.000041438932166e-03	2.939871e-10	2.867869e+00
4.000042438932166e-03	2.937650e-10	2.866933e+00
4.000043438932167e-03	2.911028e-10	2.866014e+00
4.000043641449511e-03	2.904343e-10	2.865830e+00
4.000044046484199e-03	2.895462e-10	2.865481e+00
4.000044046487289e-03	2.896687e-10	2.865483e+00
4.000044046517806e-03	2.908784e-10	2.865498e+00
4.000044046517925e-03	2.898091e-10	2.865498e+00
4.000044046517955e-03	2.895503e-10	2.865497e+00
4.000044046548472e-03	2.944311e-10	2.865495e+00
4.000044046578989e-03	2.925314e-10	2.865492e+00
4.000044046582804e-03	2.909186e-10	2.865491e+00
4.000044046582923e-03	2.908784e-10	2.865490e+00
4.000045046582923e-03	2.912115e-10	2.864545e+00
4.000046046582923e-03	2.960965e-10	2.863615e+00
4.000047046582924e-03	3.004264e-10	2.862712e+00
4.000047046586738e-03	2.970957e-10	2.862718e+00
4.000047046594368e-03	2.904343e-10	2.862731e+00
4.000047046598182e-03	2.904343e-10	2.862731e+00
4.000047046605812e-03	2.904344e-10	2.862730e+00
4.000048046605812e-03	2.933209e-10	2.861773e+00
4.000049240964119e-03	2.914463e-10	2.860651e+00
4.000050875953682e-03	2.888060e-10	2.859121e+00
4.000054145932808e-03	2.885100e-10	2.856028e+00
4.000060685891061e-03	2.878438e-10	2.849726e+00
4.000073765807566e-03	2.864375e-10	2.836715e+00
4.000099925640577e-03	2.837477e-10	2.809733e+00
4.000120832869095e-03	2.815517e-10	2.787448e+00
4.000137529926696e-03	2.797408e-10	2.769176e+00
4.000156961836372e-03	2.775327e-10	2.747566e+00
4.000175602830998e-03	2.754148e-10	2.726627e+00
4.000193104213912e-03	2.734335e-10	2.706845e+00
4.000210107719489e-03	2.714117e-10	2.687568e+00
4.000229510756026e-03	2.692002e-10	2.665564e+00
4.000247823140448e-03	2.672183e-10	2.644843e+00
4.000269706594916e-03	2.646992e-10	2.620329e+00
4.000292326445478e-03	2.622321e-10	2.596828e+00
4.000314842685905e-03	2.601816e-10	2.576261e+00
4.000340048756911e-03	2.579331e-10	2.553484e+00
4.000366449047999e-03	2.553422e-10	2.527389e+00
4.000396860344240e-03	2.522356e-10	2.495852e+00
4.000426994983114e-03	2.490863e-10	2.464633e+00
4.000463688049007e-03	2.452202e-10	2.427480e+00
4.000507814753686e-03	2.408136e-10	2.384393e+00
4.000570835551825e-03	2.349468e-10	2.325663e+00
4.000644673407477e-03	2.283654e-10	2.260584e+00
4.000728328186805e-03	2.214394e-10	2.192132e+00
4.000877589732174e-03	2.102779e-10	2.080770e+00
4.001051831463669e-03	1.985044e-10	1.964116e+00
4.001239783957588e-03	1.873204e-10	1.853436e+00
4.001473811166740e-03	1.751670e-10	1.733403e+00
4.001737655537116e-03	1.632287e-10	1.615966e+00
4.001998672802205e-03	1.530596e-10	1.515498e+00
4.002279875420674e-03	1.435439e-10	1.421152e+00
4.002517968117364e-03	1.364336e-10	1.350594e+00
4.002738429741567e-03	1.304985e-10	1.292204e+00
4.002931748092960e-03	1.257512e-10	1.245563e+00
4.003080685985811e-03	1.224021e-10	1.212049e+00
4.003157729478524e-03	1.207664e-10	1.195572e+00
4.003261759144577e-03	1.186156e-10	1.174134e+00
4.003331010598214e-03	1.172489e-10	1.160279e+00
4.003390518812204e-03	1.160906e-10	1.148722e+00
4.003464507918214e-03	1.146039e-10	1.134729e+00
4.003533229656170e-03	1.132684e-10	1.122075e+00
4.003607453724425e-03	1.119618e-10	1.108804e+00
4.003694064218682e-03	1.105141e-10	1.093794e+00
4.003791809705694e-03	1.088477e-10	1.077471e+00
4.003925958970726e-03	1.066485e-10	1.056005e+00
4.004063087637944e-03	1.045680e-10	1.035206e+00
4.004271230446942e-03	1.015833e-10	1.005692e+00
4.004486752840732e-03	9.879510e-11	9.778809e-01
4.004660297015373e-03	9.699909e-11	9.599035e-01
4.004805304533818e-03	9.631075e-11	9.531361e-01
4.004944704230557e-03	9.683635e-11	9.581580e-01
4.005032108368839e-03	9.789187e-11	9.684828e-01
4.005106003706758e-03	9.919059e-11	9.813581e-01
4.005187266994325e-03	1.007937e-10	9.974362e-01
4.005276924381456e-03	1.026313e-10	1.015781e+00
4.005378927699831e-03	1.047519e-10	1.036571e+00
4.005491189742965e-03	1.070493e-10	1.059115e+00
4.005642710418455e-03	1.100971e-10	1.089258e+00
4.005945751769435e-03	1.161277e-10	1.149482e+00
4.006170515860752e-03	1.206127e-10	1.194179e+00
4.006386849412197e-03	1.249660e-10	1.237008e+00
4.006612153931768e-03	1.294087e-10	1.280820e+00
4.006811956177202e-03	1.331370e-10	1.317682e+00
4.007019372976449e-03	1.366019e-10	1.351653e+00
4.007229650117129e-03	1.394980e-10	1.380043e+00
4.007385512736888e-03	1.410911e-10	1.396205e+00
4.007576859200303e-03	1.425289e-10	1.411209e+00
4.007782358320307e-03	1.438424e-10	1.424180e+00
4.008015889667276e-03	1.451822e-10	1.436825e+00
4.008316402880885e-03	1.467117e-10	1.451768e+00
4.008666995495379e-03	1.483822e-10	1.468492e+00
4.009250319362637e-03	1.511640e-10	1.495834e+00
4.010059834450345e-03	1.549822e-10	1.533506e+00
4.011494198870672e-03	1.616485e-10	1.599724e+00
4.014362927711326e-03	1.748231e-10	1.730238e+00
4.020100385392635e-03	2.005151e-10	1.985385e+00
4.026936322892635e-03	2.302603e-10	2.280325e+00
4.033772260392634e-03	2.590150e-10	2.564880e+00
4.040608197892634e-03	2.866596e-10	2.838971e+00
4.047444135392634e-03	3.133049e-10	3.102973e+00
4.054280072892633e-03	3.390621e-10	3.357251e+00
4.061116010392633e-03	3.639311e-10	3.602161e+00
4.067951947892633e-03	3.879119e-10	3.838046e+00
4.074787885392632e-03	4.110046e-10	4.065238e+00
4.081623822892632e-03	4.332090e-10	4.284055e+00
4.088459760392632e-03	4.545253e-10	4.494806e+00
4.095295697892631e-03	4.749534e-10	4.697787e+00
4.102131635392631e-03	4.944933e-10	4.893286e+00
4.108967572892631e-03	5.133671e-10	5.081576e+00
4.115803510392630e-03	5.317968e-10	5.262924e+00
4.122639447892630e-03	5.495604e-10	5.437584e+00
4.129475385392630e-03	5.664358e-10	5.605804e+00
4.136311322892629e-03	5.826450e-10	5.767819e+00
4.143147260392629e-03	5.984102e-10	5.923860e+00
4.149983197892629e-03	6.137313e-10	6.074146e+00
4.156819135392628e-03	6.283862e-10	6.218888e+00
4.163655072892628e-03	6.423750e-10	6.358292e+00
4.170491010392628e-03	6.559198e-10	6.492553e+00
4.177326947892628e-03	6.690204e-10	6.621861e+00
4.184162885392627e-03	6.816769e-10	6.746400e+00
4.190998822892627e-03	6.936673e-10	6.866344e+00
4.197834760392627e-03	7.052137e-10	6.981863e+00
4.204670697892626e-03	7.165379e-10	7.093120e+00
4.211506635392626e-03	7.274181e-10	7.200272e+00
4.218342572892626e-03	7.378542e-10	7.303470e+00
4.225178510392625e-03	7.478462e-10	7.402860e+00
4.232014447892625e-03	7.576162e-10	7.498583e+00
4.238850385392625e-03	7.671641e-10	7.590774e+00
4.245686322892624e-03	7.760459e-10	7.679563e+00
4.252522260392624e-03	7.844836e-10	7.765075e+00
4.259358197892624e-03	7.929213e-10	7.847431e+00
4.266194135392623e-03	8.009149e-10	7.926748e+00
4.273030072892623e-03	8.082424e-10	8.003139e+00
4.279866010392623e-03	8.153478e-10	8.076709e+00
4.286701947892622e-03	8.224532e-10	8.147564e+00
4.293537885392622e-03	8.295586e-10	8.215804e+00
4.300373822892622e-03	8.366641e-10	8.281526e+00
4.307209760392621e-03	8.433254e-10	8.344821e+00
4.314045697892621e-03	8.490986e-10	8.405781e+00
4.320881635392621e-03	8.548717e-10	8.464490e+00
4.327717572892621e-03	8.610890e-10	8.521032e+00
4.334553510392620e-03	8.668621e-10	8.575487e+00
4.341389447892620e-03	8.721912e-10	8.627933e+00
4.348225385392620e-03	8.770762e-10	8.678442e+00
4.355061322892619e-03	8.815171e-10	8.727086e+00
4.361897260392619e-03	8.864021e-10	8.773934e+00
4.368733197892619e-03	8.912870e-10	8.819054e+00
4.375569135392618e-03	8.952838e-10	8.862508e+00
4.382405072892618e-03	8.992806e-10	8.904357e+00
4.389241010392618e-03	9.037215e-10	8.944661e+00
4.396076947892617e-03	9.077183e-10	8.983478e+00
4.402912885392617e-03	9.112711e-10	9.020861e+00
4.409748822892617e-03	9.148238e-10	9.056864e+00
4.416584760392616e-03	9.183765e-10	9.091538e+00
4.423420697892616e-03	9.219292e-10	9.124932e+00
4.430256635392616e-03	9.254819e-10	9.157093e+00
4.437092572892615e-03	9.285905e-10	9.188066e+00
4.443928510392615e-03	9.312551e-10	9.217897e+00
4.450764447892615e-03	9.339196e-10	9.246626e+00
4.457600385392614e-03	9.365841e-10	9.274294e+00
4.464436322892614e-03	9.392487e-10	9.300940e+00
4.471272260392614e-03	9.419132e-10	9.326602e+00
4.478108197892613e-03	9.445777e-10	9.351317e+00
4.484944135392613e-03	9.472423e-10	9.375120e+00
4.491780072892613e-03	9.499068e-10	9.398044e+00
4.498616010392613e-03	9.521273e-10	9.420120e+00
4.505451947892612e-03	9.539036e-10	9.441382e+00
4.512287885392612e-03	9.556800e-10	9.461859e+00
4.519123822892612e-03	9.574563e-10	9.481580e+00
4.525959760392611e-03	9.592327e-10	9.500572e+00
4.532795697892611e-03	9.610091e-10	9.518864e+00
4.539631635392611e-03	9.627854e-10	9.536480e+00
4.546467572892610e-03	9.645618e-10	9.553446e+00
4.553303510392610e-03	9.663381e-10	9.569784e+00
4.560139447892610e-03	9.681145e-10	9.585520e+00
4.566975385392609e-03	9.698908e-10	9.600674e+00
4.573811322892609e-03	9.716672e-10	9.615269e+00
4.580647260392609e-03	9.729995e-10	9.629325e+00
4.587483197892608e-03	9.738876e-10	9.642862e+00
4.594319135392608e-03	9.752199e-10	9.655899e+00
4.601155072892608e-03	9.769963e-10	9.668455e+00
4.607991010392607e-03	9.783285e-10	9.680548e+00
4.614826947892607e-03	9.792167e-10	9.692193e+00
4.621662885392607e-03	9.805490e-10	9.703409e+00
4.628498822892606e-03	9.818812e-10	9.714211e+00
4.635334760392606e-03	9.827694e-10	9.724612e+00
4.642170697892606e-03	9.836576e-10	9.734631e+00
4.649006635392606e-03	9.845458e-10	9.744280e+00
4.655842572892605e-03	9.854340e-10	9.753572e+00
4.662678510392605e-03	9.863221e-10	9.762521e+00
4.669514447892605e-03	9.872103e-10	9.771139e+00
4.676350385392604e-03	9.880985e-10	9.779440e+00
4.683186322892604e-03	9.889867e-10	9.787434e+00
4.690022260392604e-03	9.898748e-10	9.795132e+00
4.696858197892603e-03	9.907630e-10	9.802547e+00
4.703694135392603e-03	9.912071e-10	9.809688e+00
4.710530072892603e-03	9.916512e-10	9.816565e+00
4.717366010392602e-03	9.925394e-10	9.823187e+00
4.724201947892602e-03	9.929835e-10	9.829566e+00
4.731037885392602e-03	9.934276e-10	9.835709e+00
4.737873822892601e-03	9.943157e-10	9.841625e+00
4.744709760392601e-03	9.947598e-10	9.847322e+00
4.751545697892601e-03	9.952039e-10	9.852810e+00
4.758381635392600e-03	9.960921e-10	9.858094e+00
4.765217572892600e-03	9.965362e-10	9.863184e+00
4.772053510392600e-03	9.969803e-10	9.868086e+00
4.778889447892599e-03	9.978685e-10	9.872807e+00
4.785725385392599e-03	9.983125e-10	9.877353e+00
4.799397260392598e-03	9.983125e-10	9.885948e+00
4.806233197892598e-03	9.987566e-10	9.890010e+00
4.813069135392598e-03	9.996448e-10	9.893921e+00
4.819905072892598e-03	1.000089e-09	9.897688e+00
4.826741010392597e-03	1.000089e-09	9.901317e+00
4.833576947892597e-03	1.000533e-09	9.904811e+00
4.840412885392597e-03	1.001421e-09	9.908175e+00
4.847248822892596e-03	1.001865e-09	9.911416e+00
4.854084760392596e-03	1.001865e-09	9.914537e+00
4.860920697892596e-03	1.001865e-09	9.917543e+00
4.867756635392595e-03	1.001865e-09	9.920439e+00
4.874592572892595e-03	1.002309e-09	9.923227e+00
4.888264447892594e-03	1.003642e-09	9.928499e+00
4.895100385392594e-03	1.003642e-09	9.930990e+00
4.901936322892594e-03	1.003642e-09	9.933390e+00
4.908772260392593e-03	1.003642e-09	9.935700e+00
4.915608197892593e-03	1.003642e-09	9.937925e+00
4.922444135392593e-03	1.003642e-09	9.940069e+00
4.929280072892592e-03	1.004086e-09	9.942133e+00
4.936116010392592e-03	1.004974e-09	9.944121e+00
4.942951947892592e-03	1.005418e-09	9.946036e+00
4.949787885392591e-03	1.005418e-09	9.947882e+00
4.956623822892591e-03	1.005418e-09	9.949657e+00
4.963459760392591e-03	1.005418e-09	9.951369e+00
4.970295697892591e-03	1.005418e-09	9.953017e+00
4.977131635392590e-03	1.005418e-09	9.954605e+00
4.983967572892590e-03	1.005418e-09	9.956134e+00
4.990803510392590e-03	1.005418e-09	9.957616e+00
4.993164062500000e-03	1.005418e-09	9.958115e+00
4.995278895785178e-03	1.005418e-09	9.958555e+00
4.996753208718576e-03	1.005418e-09	9.958858e+00
4.998034249422137e-03	1.005418e-09	9.959119e+00
5.000000000000000e-03	1.005418e-09	9.959515e+00
5.003931501155727e-03	1.005742e-09	9.960291e+00
5.010767438655726e-03	1.006750e-09	9.961606e+00
5.017603376155726e-03	1.007194e-09	9.962878e+00
5.024439313655726e-03	1.007194e-09	9.964104e+00
5.031275251155726e-03	1.007194e-09	9.965283e+00
5.038111188655725e-03	1.007194e-09	9.966421e+00
5.044947126155725e-03	1.007194e-09	9.967516e+00
5.051783063655725e-03	1.007194e-09	9.968571e+00
5.058619001155724e-03	1.007194e-09	9.969587e+00
5.065454938655724e-03	1.007194e-09	9.970567e+00
5.072290876155724e-03	1.007194e-09	9.971510e+00
5.079126813655723e-03	1.007194e-09	9.972418e+00
5.085962751155723e-03	1.007194e-09	9.973293e+00
5.092798688655723e-03	1.007194e-09	9.974136e+00
5.099634626155722e-03	1.007194e-09	9.974949e+00
5.106470563655722e-03	1.007194e-09	9.975731e+00
5.113306501155722e-03	1.007194e-09	9.976484e+00
5.120142438655721e-03	1.007194e-09	9.977210e+00
5.126978376155721e-03	1.007638e-09	9.977909e+00
5.133814313655721e-03	1.008527e-09	9.978582e+00
5.140650251155720e-03	1.008971e-09	9.979231e+00
5.147486188655720e-03	1.008971e-09	9.979855e+00
5.154322126155720e-03	1.008971e-09	9.980456e+00
5.161158063655719e-03	1.008971e-09	9.981035e+00
5.167994001155719e-03	1.008971e-09	9.981593e+00
5.174829938655719e-03	1.008971e-09	9.982130e+00
5.181665876155719e-03	1.008971e-09	9.982648e+00
5.188501813655718e-03	1.008971e-09	9.983146e+00
5.195337751155718e-03	1.008971e-09	9.983625e+00
5.202173688655718e-03	1.008971e-09	9.984088e+00
5.209009626155717e-03	1.008971e-09	9.984532e+00
5.215845563655717e-03	1.008971e-09	9.984961e+00
5.222681501155717e-03	1.008971e-09	9.985373e+00
5.229517438655716e-03	1.008971e-09	9.985771e+00
5.236353376155716e-03	1.008971e-09	9.986154e+00
5.243189313655716e-03	1.008971e-09	9.986522e+00
5.250025251155715e-03	1.008971e-09	9.986876e+00
5.256861188655715e-03	1.008971e-09	9.987218e+00
5.263697126155715e-03	1.008971e-09	9.987547e+00
5.270533063655714e-03	1.008971e-09	9.987864e+00
5.277369001155714e-03	1.008971e-09	9.988169e+00
5.284204938655714e-03	1.008971e-09	9.988462e+00
5.291040876155713e-03	1.008971e-09	9.988745e+00
5.297876813655713e-03	1.008971e-09	9.989017e+00
5.304712751155713e-03	1.008971e-09	9.989280e+00
5.311548688655712e-03	1.008971e-09	9.989532e+00
5.318384626155712e-03	1.008971e-09	9.989775e+00
5.325220563655712e-03	1.008971e-09	9.990009e+00
5.338892438655711e-03	1.008971e-09	9.990451e+00
5.352564313655711e-03	1.008971e-09	9.990862e+00
5.366236188655710e-03	1.008971e-09	9.991241e+00
5.379908063655709e-03	1.008971e-09	9.991594e+00
5.400415876155708e-03	1.008971e-09	9.992074e+00
5.420923688655707e-03	1.008971e-09	9.992504e+00
5.441431501155706e-03	1.008971e-09	9.992887e+00
5.461939313655705e-03	1.008971e-09	9.993229e+00
5.482447126155704e-03	1.008971e-09	9.993534e+00
5.502954938655704e-03	1.008971e-09	9.993805e+00
5.523462751155703e-03	1.008971e-09	9.994048e+00
5.543970563655702e-03	1.008971e-09	9.994266e+00
5.564478376155701e-03	1.008971e-09	9.994458e+00
5.584986188655700e-03	1.008971e-09	9.994631e+00
5.605494001155699e-03	1.008971e-09	9.994784e+00
5.626001813655698e-03	1.008971e-09	9.994922e+00
5.646509626155697e-03	1.008971e-09	9.995045e+00
5.667017438655696e-03	1.008971e-09	9.995153e+00
5.687525251155695e-03	1.008971e-09	9.995251e+00
5.708033063655694e-03	1.008971e-09	9.995338e+00
5.728540876155693e-03	1.008971e-09	9.995416e+00
5.749048688655692e-03	1.008971e-09	9.995484e+00
5.769556501155691e-03	1.008971e-09	9.995546e+00
5.790064313655690e-03	1.010303e-09	9.995602e+00
5.810572126155689e-03	1.010747e-09	9.995651e+00
5.831079938655688e-03	1.010747e-09	9.995694e+00
5.851587751155687e-03	1.010747e-09	9.995733e+00
5.872095563655686e-03	1.010747e-09	9.995769e+00
5.892603376155685e-03	1.010747e-09	9.995800e+00
5.913111188655684e-03	1.010747e-09	9.995827e+00
5.933619001155683e-03	1.010747e-09	9.995852e+00
5.954126813655682e-03	1.010747e-09	9.995873e+00
5.974634626155681e-03	1.010747e-09	9.995893e+00
5.995142438655681e-03	1.010747e-09	9.995911e+00
6.015650251155680e-03	1.010747e-09	9.995927e+00
6.036158063655679e-03	1.010747e-09	9.995940e+00
6.056665876155678e-03	1.010747e-09	9.995953e+00
6.077173688655677e-03	1.010747e-09	9.995964e+00
6.097681501155676e-03	1.010747e-09	9.995975e+00
6.118189313655675e-03	1.010747e-09	9.995983e+00
6.138697126155674e-03	1.010747e-09	9.995991e+00
6.159204938655673e-03	1.010747e-09	9.995998e+00
6.179712751155672e-03	1.010747e-09	9.996004e+00
6.200220563655671e-03	1.010747e-09	9.996010e+00
6.220728376155670e-03	1.010747e-09	9.996015e+00
6.238306501155669e-03	1.010747e-09	9.996019e+00
6.255884626155669e-03	1.010747e-09	9.996022e+00
6.273462751155668e-03	1.010747e-09	9.996026e+00
6.291040876155667e-03	1.010747e-09	9.996028e+00
6.308619001155666e-03	1.010747e-09	9.996031e+00
6.326197126155665e-03	1.010747e-09	9.996033e+00
6.343775251155664e-03	1.010747e-09	9.996035e+00
6.362329938655664e-03	1.010747e-09	9.996037e+00
6.380884626155663e-03	1.010747e-09	9.996039e+00
6.399439313655662e-03	1.010747e-09	9.996040e+00
6.417994001155660e-03	1.010747e-09	9.996042e+00
6.436548688655660e-03	1.010747e-09	9.996044e+00
6.455103376155659e-03	1.010747e-09	9.996045e+00
6.473658063655658e-03	1.010747e-09	9.996046e+00
6.494165876155657e-03	1.010747e-09	9.996047e+00
6.514673688655656e-03	1.010747e-09	9.996048e+00
6.535181501155655e-03	1.010747e-09	9.996049e+00
6.555689313655654e-03	1.010747e-09	9.996049e+00
6.576197126155653e-03	1.010747e-09	9.996050e+00
6.596704938655652e-03	1.010747e-09	9.996051e+00
6.617212751155651e-03	1.010747e-09	9.996052e+00
6.642603376155650e-03	1.010747e-09	9.996053e+00
6.667994001155649e-03	1.010747e-09	9.996053e+00
6.693384626155648e-03	1.010747e-09	9.996054e+00
6.718775251155646e-03	1.010747e-09	9.996054e+00
6.744165876155645e-03	1.010747e-09	9.996054e+00
6.769556501155644e-03	1.010747e-09	9.996054e+00
6.794947126155643e-03	1.010747e-09	9.996054e+00
6.822290876155642e-03	1.010747e-09	9.996054e+00
6.849634626155641e-03	1.010747e-09	9.996055e+00
6.876978376155639e-03	1.010747e-09	9.996055e+00
6.904322126155638e-03	1.010747e-09	9.996056e+00
6.931665876155637e-03	1.010747e-09	9.996056e+00
6.959009626155636e-03	1.010747e-09	9.996056e+00
6.986353376155634e-03	1.010747e-09	9.996056e+00
6.993189313655634e-03	1.010747e-09	9.996056e+00
7.000000000000000e-03	1.010747e-09	9.996056e+00
