time	-I(Rl)	V(vout)
0.000000000000000e+00	1.010747e-09	9.996056e+00
6.835937149674010e-09	1.010747e-09	9.996056e+00
1.367187429934802e-08	1.010747e-09	9.996056e+00
2.734374859869604e-08	1.010747e-09	9.996056e+00
5.468749719739208e-08	1.010747e-09	9.996056e+00
1.093749943947842e-07	1.010747e-09	9.996056e+00
2.187499887895683e-07	1.010747e-09	9.996056e+00
1.749999910316546e-06	1.010747e-09	9.996056e+00
1.993164062500000e-03	1.010747e-09	9.996056e+00
2.000000000000000e-03	1.010747e-09	9.996056e+00
2.000000015625954e-03	4.086089e+01	4.116595e-02
2.000000015626908e-03	4.086205e+01	4.086205e-02
2.000000140627385e-03	1.725473e+01	1.725473e-02
2.000001140627385e-03	1.401615e+01	1.401616e-02
2.000002140627385e-03	1.252689e+01	1.252689e-02
2.000003140627385e-03	1.207627e+01	1.207628e-02
2.000004140627384e-03	1.183532e+01	1.183532e-02
2.000005140627384e-03	1.173411e+01	1.173411e-02
2.000006140627861e-03	1.171137e+01	1.171137e-02
2.000007140627861e-03	1.177535e+01	1.177535e-02
2.000008140627861e-03	1.186101e+01	1.186101e-02
2.000008265627861e-03	1.187666e+01	1.187666e-02
2.000008265628815e-03	1.187703e+01	1.187703e-02
2.000009265628815e-03	1.197525e+01	1.197525e-02
2.000010265628815e-03	1.206921e+01	1.206921e-02
2.000010390628815e-03	1.207955e+01	1.207955e-02
2.000011390629292e-03	1.215252e+01	1.215252e-02
2.000012390629292e-03	1.220213e+01	1.220214e-02
2.000013390629292e-03	1.224098e+01	1.224098e-02
2.000014390629292e-03	1.226832e+01	1.226832e-02
2.000015390629291e-03	1.228916e+01	1.228916e-02
2.000015390629888e-03	1.228950e+01	1.228950e-02
2.000016390630365e-03	1.230236e+01	1.230236e-02
2.000017390630365e-03	1.231114e+01	1.231114e-02
2.000018390630365e-03	1.231798e+01	1.231798e-02
2.000019390630364e-03	1.232259e+01	1.232259e-02
2.000019515630364e-03	1.232244e+01	1.232244e-02
2.000020515630364e-03	1.231496e+01	1.231496e-02
2.000021515630364e-03	1.230479e+01	1.230479e-02
2.000022515630364e-03	1.229487e+01	1.229487e-02
2.000023515630364e-03	1.228746e+01	1.228746e-02
2.000024515630483e-03	1.228211e+01	1.228212e-02
2.000025515630483e-03	1.227922e+01	1.227922e-02
2.000026515630483e-03	1.227752e+01	1.227752e-02
2.000027515630483e-03	1.227729e+01	1.227729e-02
2.000028515630483e-03	1.227804e+01	1.227804e-02
2.000029515630483e-03	1.227947e+01	1.227947e-02
2.000031515630483e-03	1.228393e+01	1.228394e-02
2.000035515630483e-03	1.229666e+01	1.229666e-02
2.000039132687470e-03	1.231048e+01	1.231048e-02
2.000043204759692e-03	1.232697e+01	1.232697e-02
2.000049072283240e-03	1.235105e+01	1.235105e-02
2.000049938742476e-03	1.235476e+01	1.235476e-02
2.000050938742475e-03	1.235928e+01	1.235928e-02
2.000051938742475e-03	1.236400e+01	1.236400e-02
2.000052938742475e-03	1.236895e+01	1.236895e-02
2.000053938742475e-03	1.237417e+01	1.237417e-02
2.000054938742475e-03	1.237971e+01	1.237971e-02
2.000055938742475e-03	1.238572e+01	1.238572e-02
2.000057938742475e-03	1.239881e+01	1.239881e-02
2.000058938742475e-03	1.240595e+01	1.240595e-02
2.000059938742475e-03	1.241374e+01	1.241374e-02
2.000060938742474e-03	1.242214e+01	1.242214e-02
2.000061938742474e-03	1.243120e+01	1.243120e-02
2.000062938742474e-03	1.244096e+01	1.244097e-02
2.000063938742474e-03	1.245149e+01	1.245150e-02
2.000064938742474e-03	1.246283e+01	1.246283e-02
2.000065938742474e-03	1.247503e+01	1.247503e-02
2.000066938742474e-03	1.248812e+01	1.248812e-02
2.000067938742474e-03	1.250215e+01	1.250215e-02
2.000068938742474e-03	1.251715e+01	1.251715e-02
2.000069938742474e-03	1.253316e+01	1.253317e-02
2.000070938742474e-03	1.255021e+01	1.255022e-02
2.000071938742473e-03	1.256833e+01	1.256833e-02
2.000072938742473e-03	1.258752e+01	1.258752e-02
2.000073938742473e-03	1.260782e+01	1.260782e-02
2.000074938742473e-03	1.262899e+01	1.262899e-02
2.000075063742473e-03	1.263192e+01	1.263193e-02
2.000075063742950e-03	1.263200e+01	1.263200e-02
2.000075063743904e-03	1.263214e+01	1.263214e-02
2.000075063745811e-03	1.263214e+01	1.263214e-02
2.000075063746288e-03	1.263214e+01	1.263214e-02
2.000076063746288e-03	1.265478e+01	1.265478e-02
2.000077063746288e-03	1.267850e+01	1.267850e-02
2.000078063746288e-03	1.270325e+01	1.270325e-02
2.000078313750102e-03	1.270982e+01	1.270982e-02
2.000079313750102e-03	1.273641e+01	1.273641e-02
2.000080313750102e-03	1.276386e+01	1.276386e-02
2.000081313750102e-03	1.279258e+01	1.279258e-02
2.000082313750102e-03	1.282246e+01	1.282246e-02
2.000083313750102e-03	1.285342e+01	1.285342e-02
2.000083313752963e-03	1.285364e+01	1.285364e-02
2.000084313752963e-03	1.288579e+01	1.288580e-02
2.000085313752963e-03	1.291904e+01	1.291904e-02
2.000086313752963e-03	1.295356e+01	1.295356e-02
2.000087313752963e-03	1.298925e+01	1.298925e-02
2.000088313752963e-03	1.302605e+01	1.302605e-02
2.000088313753917e-03	1.302627e+01	1.302627e-02
2.000089313753917e-03	1.306430e+01	1.306430e-02
2.000090313754394e-03	1.310337e+01	1.310337e-02
2.000091313754393e-03	1.314408e+01	1.314409e-02
2.000092313754393e-03	1.318576e+01	1.318576e-02
2.000093313754393e-03	1.322887e+01	1.322887e-02
2.000094313754393e-03	1.327336e+01	1.327336e-02
2.000095313754393e-03	1.331930e+01	1.331930e-02
2.000096313754393e-03	1.336677e+01	1.336677e-02
2.000097313754915e-03	1.341563e+01	1.341563e-02
2.000098313754915e-03	1.346670e+01	1.346670e-02
2.000099313755410e-03	1.351887e+01	1.351887e-02
2.000100313755410e-03	1.357356e+01	1.357356e-02
2.000101313755410e-03	1.362966e+01	1.362966e-02
2.000102313755410e-03	1.368778e+01	1.368778e-02
2.000103313755410e-03	1.374778e+01	1.374778e-02
2.000104231180847e-03	1.380454e+01	1.380455e-02
2.000105231180846e-03	1.386830e+01	1.386830e-02
2.000106231180846e-03	1.393390e+01	1.393390e-02
2.000107231181323e-03	1.400112e+01	1.400112e-02
2.000108231181323e-03	1.407071e+01	1.407071e-02
2.000109231181323e-03	1.414161e+01	1.414161e-02
2.000110231181323e-03	1.421431e+01	1.421431e-02
2.000111231181323e-03	1.428858e+01	1.428859e-02
2.000112231181323e-03	1.436436e+01	1.436436e-02
2.000113231181323e-03	1.444155e+01	1.444155e-02
2.000114231181323e-03	1.451994e+01	1.451994e-02
2.000115231181323e-03	1.459885e+01	1.459885e-02
2.000116231181322e-03	1.467633e+01	1.467634e-02
2.000117231181322e-03	1.475099e+01	1.475099e-02
2.000117356181322e-03	1.475995e+01	1.475995e-02
2.000117481181322e-03	1.476879e+01	1.476879e-02
2.000118481181322e-03	1.484022e+01	1.484022e-02
2.000119481181322e-03	1.491184e+01	1.491184e-02
2.000119606181322e-03	1.492079e+01	1.492079e-02
2.000120606181322e-03	1.499222e+01	1.499222e-02
2.000121606181322e-03	1.506308e+01	1.506308e-02
2.000122606181322e-03	1.513282e+01	1.513282e-02
2.000123606181322e-03	1.520140e+01	1.520140e-02
2.000123731181322e-03	1.520976e+01	1.520976e-02
2.000124731181799e-03	1.527543e+01	1.527543e-02
2.000124856181798e-03	1.528324e+01	1.528324e-02
2.000125856181798e-03	1.534270e+01	1.534270e-02
2.000126856181798e-03	1.539690e+01	1.539690e-02
2.000127856181798e-03	1.544091e+01	1.544091e-02
2.000128856181798e-03	1.546675e+01	1.546675e-02
2.000129856181798e-03	1.545655e+01	1.545655e-02
2.000130856181798e-03	1.538432e+01	1.538432e-02
2.000131856181798e-03	1.526255e+01	1.526255e-02
2.000132856181798e-03	1.516545e+01	1.516545e-02
2.000133856182281e-03	1.513199e+01	1.513199e-02
2.000133981182281e-03	1.514490e+01	1.514490e-02
2.000134981182281e-03	1.526038e+01	1.526038e-02
2.000135981182281e-03	1.537684e+01	1.537684e-02
2.000136981182281e-03	1.549049e+01	1.549049e-02
2.000137981182281e-03	1.559692e+01	1.559692e-02
2.000138981182281e-03	1.569453e+01	1.569453e-02
2.000139106182281e-03	1.570590e+01	1.570590e-02
2.000140106182280e-03	1.579427e+01	1.579427e-02
2.000141106182280e-03	1.588322e+01	1.588322e-02
2.000142106182280e-03	1.597281e+01	1.597281e-02
2.000142332444443e-03	1.599329e+01	1.599330e-02
2.000143332444443e-03	1.608463e+01	1.608463e-02
2.000143457444443e-03	1.609615e+01	1.609615e-02
2.000144457444443e-03	1.618946e+01	1.618946e-02
2.000145457444443e-03	1.628397e+01	1.628397e-02
2.000146457444443e-03	1.637997e+01	1.637998e-02
2.000147457444442e-03	1.647748e+01	1.647748e-02
2.000148457444442e-03	1.657618e+01	1.657618e-02
2.000148707444442e-03	1.660115e+01	1.660116e-02
2.000149707444442e-03	1.670233e+01	1.670234e-02
2.000150707444442e-03	1.680479e+01	1.680479e-02
2.000151707444442e-03	1.690879e+01	1.690879e-02
2.000152707444442e-03	1.701432e+01	1.701432e-02
2.000153707444442e-03	1.712140e+01	1.712140e-02
2.000154707444442e-03	1.723001e+01	1.723002e-02
2.000155707444442e-03	1.734018e+01	1.734018e-02
2.000156707444441e-03	1.745154e+01	1.745154e-02
2.000156832444441e-03	1.746555e+01	1.746555e-02
2.000156863694441e-03	1.746908e+01	1.746908e-02
2.000157863694441e-03	1.758294e+01	1.758294e-02
2.000158863694441e-03	1.769800e+01	1.769800e-02
2.000159863694441e-03	1.781462e+01	1.781462e-02
2.000160863694441e-03	1.793280e+01	1.793281e-02
2.000161863694441e-03	1.805252e+01	1.805253e-02
2.000162863694441e-03	1.817381e+01	1.817381e-02
2.000163863694441e-03	1.829669e+01	1.829669e-02
2.000164836761378e-03	1.841776e+01	1.841777e-02
2.000165836761378e-03	1.854374e+01	1.854374e-02
2.000166836761377e-03	1.867090e+01	1.867091e-02
2.000166961761377e-03	1.868694e+01	1.868694e-02
2.000167961761377e-03	1.881651e+01	1.881651e-02
2.000168961761377e-03	1.894740e+01	1.894740e-02
2.000169961761377e-03	1.907986e+01	1.907987e-02
2.000170961761377e-03	1.921386e+01	1.921386e-02
2.000171961761377e-03	1.934941e+01	1.934941e-02
2.000172961761377e-03	1.948660e+01	1.948660e-02
2.000173961761377e-03	1.962537e+01	1.962537e-02
2.000174961761377e-03	1.976557e+01	1.976557e-02
2.000176057066435e-03	1.992108e+01	1.992108e-02
2.000178247676551e-03	2.023654e+01	2.023654e-02
2.000179247676551e-03	2.038292e+01	2.038292e-02
2.000180247676551e-03	2.053120e+01	2.053120e-02
2.000180263301551e-03	2.053369e+01	2.053369e-02
2.000180263546645e-03	2.053381e+01	2.053381e-02
2.000181263546645e-03	2.068417e+01	2.068417e-02
2.000182263546645e-03	2.083587e+01	2.083587e-02
2.000183263546645e-03	2.098922e+01	2.098922e-02
2.000184263546645e-03	2.114415e+01	2.114415e-02
2.000185263546645e-03	2.130055e+01	2.130056e-02
2.000186466705041e-03	2.149045e+01	2.149045e-02
2.000187466705041e-03	2.165007e+01	2.165007e-02
2.000188466705041e-03	2.181151e+01	2.181151e-02
2.000189466705041e-03	2.197449e+01	2.197449e-02
2.000190466705041e-03	2.213902e+01	2.213902e-02
2.000191466705041e-03	2.230508e+01	2.230508e-02
2.000192466705041e-03	2.247267e+01	2.247267e-02
2.000193466705040e-03	2.264174e+01	2.264174e-02
2.000194466705040e-03	2.281227e+01	2.281228e-02
2.000195378140871e-03	2.296885e+01	2.296885e-02
2.000195545299649e-03	2.299776e+01	2.299776e-02
2.000196545299649e-03	2.317181e+01	2.317181e-02
2.000197545299649e-03	2.334709e+01	2.334709e-02
2.000198545299649e-03	2.352352e+01	2.352352e-02
2.000198670299649e-03	2.354570e+01	2.354570e-02
2.000199670299648e-03	2.372430e+01	2.372430e-02
2.000200616984184e-03	2.389456e+01	2.389456e-02
2.000201616984183e-03	2.407585e+01	2.407585e-02
2.000202577944592e-03	2.425120e+01	2.425120e-02
2.000202702944592e-03	2.427415e+01	2.427415e-02
2.000203702944592e-03	2.445876e+01	2.445876e-02
2.000204679160245e-03	2.464003e+01	2.464003e-02
2.000205679160722e-03	2.482686e+01	2.482687e-02
2.000207679160722e-03	2.520584e+01	2.520584e-02
2.000208686882931e-03	2.539842e+01	2.539842e-02
2.000208811882931e-03	2.542234e+01	2.542235e-02
2.000208936882930e-03	2.544636e+01	2.544636e-02
2.000209936882930e-03	2.563972e+01	2.563973e-02
2.000210936882930e-03	2.583387e+01	2.583388e-02
2.000211065541152e-03	2.585899e+01	2.585899e-02
2.000212065541152e-03	2.605525e+01	2.605525e-02
2.000213103096532e-03	2.626000e+01	2.626001e-02
2.000214576994714e-03	2.655280e+01	2.655281e-02
2.000215576994714e-03	2.675307e+01	2.675308e-02
2.000216576994714e-03	2.695489e+01	2.695489e-02
2.000217494907176e-03	2.714126e+01	2.714127e-02
2.000218494907176e-03	2.734553e+01	2.734553e-02
2.000219494907176e-03	2.755099e+01	2.755100e-02
2.000220494907176e-03	2.775758e+01	2.775759e-02
2.000221673138760e-03	2.800229e+01	2.800230e-02
2.000222673138760e-03	2.821132e+01	2.821133e-02
2.000223673138760e-03	2.842158e+01	2.842158e-02
2.000224741066552e-03	2.864719e+01	2.864720e-02
2.000225741066552e-03	2.885969e+01	2.885969e-02
2.000226741066552e-03	2.907338e+01	2.907339e-02
2.000227741066552e-03	2.928810e+01	2.928810e-02
2.000228676987671e-03	2.949000e+01	2.949000e-02
2.000229676987671e-03	2.970647e+01	2.970647e-02
2.000229801987671e-03	2.973362e+01	2.973362e-02
2.000230817612671e-03	2.995482e+01	2.995482e-02
2.000231817612671e-03	3.017376e+01	3.017376e-02
2.000232817612671e-03	3.039338e+01	3.039339e-02
2.000233817612671e-03	3.061392e+01	3.061393e-02
2.000234817612671e-03	3.083513e+01	3.083513e-02
2.000234942612671e-03	3.086286e+01	3.086286e-02
2.000235942612671e-03	3.108515e+01	3.108516e-02
2.000236067612671e-03	3.111300e+01	3.111300e-02
2.000237067612670e-03	3.133627e+01	3.133627e-02
2.000238067612670e-03	3.156013e+01	3.156013e-02
2.000239067612670e-03	3.178493e+01	3.178493e-02
2.000240067612670e-03	3.201045e+01	3.201045e-02
2.000241067612670e-03	3.223653e+01	3.223654e-02
2.000242067612670e-03	3.246325e+01	3.246326e-02
2.000243067612670e-03	3.269064e+01	3.269064e-02
2.000245067612670e-03	3.314731e+01	3.314732e-02
2.000249067612670e-03	3.406636e+01	3.406636e-02
2.000257067612670e-03	3.591039e+01	3.591039e-02
2.000273067612670e-03	3.951956e+01	3.951956e-02
2.000297883164527e-03	4.471710e+01	4.471710e-02
2.000321455865912e-03	4.888692e+01	4.888693e-02
2.000348338481906e-03	5.244290e+01	5.244290e-02
2.000376415170268e-03	5.477848e+01	5.477848e-02
2.000421371281259e-03	5.658305e+01	5.658306e-02
2.000467191555598e-03	5.720967e+01	5.720968e-02
2.000477209303860e-03	5.721815e+01	5.721816e-02
2.000477802584688e-03	5.721460e+01	5.721461e-02
2.000478989146343e-03	5.720504e+01	5.720504e-02
2.000480110333784e-03	5.719763e+01	5.719764e-02
2.000480287566620e-03	5.719687e+01	5.719688e-02
2.000480287570434e-03	5.719692e+01	5.719693e-02
2.000480287578064e-03	5.719702e+01	5.719703e-02
2.000480287593322e-03	5.719701e+01	5.719702e-02
2.000480287597137e-03	5.719701e+01	5.719702e-02
2.000480287627655e-03	5.719700e+01	5.719700e-02
2.000480287635284e-03	5.719700e+01	5.719700e-02
2.000481287635284e-03	5.719106e+01	5.719107e-02
2.000482287635284e-03	5.718516e+01	5.718517e-02
2.000482430457173e-03	5.718431e+01	5.718432e-02
2.000482716100952e-03	5.718261e+01	5.718262e-02
2.000483287388508e-03	5.717916e+01	5.717917e-02
2.000484429963622e-03	5.717208e+01	5.717209e-02
2.000486715113849e-03	5.715720e+01	5.715721e-02
2.000491285414304e-03	5.712474e+01	5.712475e-02
2.000500426015213e-03	5.705028e+01	5.705028e-02
2.000518707217031e-03	5.687685e+01	5.687686e-02
2.000536754856495e-03	5.668494e+01	5.668494e-02
2.000538652746043e-03	5.666302e+01	5.666302e-02
2.000542448525137e-03	5.661684e+01	5.661685e-02
2.000550040083326e-03	5.652244e+01	5.652245e-02
2.000551937972874e-03	5.649825e+01	5.649826e-02
2.000555733751968e-03	5.644853e+01	5.644853e-02
2.000563325310157e-03	5.634550e+01	5.634551e-02
2.000578508426535e-03	5.612799e+01	5.612800e-02
2.000596956102598e-03	5.584484e+01	5.584485e-02
2.000615648882212e-03	5.553341e+01	5.553342e-02
2.000636819947476e-03	5.514585e+01	5.514586e-02
2.000662411462556e-03	5.461677e+01	5.461678e-02
2.000698709497314e-03	5.368628e+01	5.368628e-02
2.000771305566830e-03	5.122968e+01	5.122968e-02
2.000840131917425e-03	4.820448e+01	4.820448e-02
2.000896751133766e-03	4.526137e+01	4.526138e-02
2.000952660911740e-03	4.222857e+01	4.222857e-02
2.001012670915625e-03	3.906769e+01	3.906769e-02
2.001069072040449e-03	3.624728e+01	3.624729e-02
2.001139076415300e-03	3.292602e+01	3.292603e-02
2.001213352663900e-03	2.955932e+01	2.955933e-02
2.001285510240520e-03	2.639907e+01	2.639907e-02
2.001295109553700e-03	2.599156e+01	2.599156e-02
2.001314308180059e-03	2.521070e+01	2.521070e-02
2.001352705432779e-03	2.380090e+01	2.380090e-02
2.001427848805968e-03	2.149224e+01	2.149224e-02
2.001489055811351e-03	1.997850e+01	1.997850e-02
2.001534338193405e-03	1.908193e+01	1.908193e-02
2.001589347332576e-03	1.816251e+01	1.816251e-02
2.001634113819947e-03	1.751777e+01	1.751777e-02
2.001700424105558e-03	1.669560e+01	1.669560e-02
2.001762894627671e-03	1.601462e+01	1.601462e-02
2.001791615638907e-03	1.573596e+01	1.573597e-02
2.001826520341113e-03	1.542242e+01	1.542243e-02
2.001857925162434e-03	1.515477e+01	1.515478e-02
2.001894090131891e-03	1.486726e+01	1.486726e-02
2.001950544101941e-03	1.445224e+01	1.445224e-02
2.002008919433696e-03	1.406235e+01	1.406235e-02
2.002098415244920e-03	1.352690e+01	1.352690e-02
2.002186536531462e-03	1.305782e+01	1.305782e-02
2.002291406326936e-03	1.256590e+01	1.256590e-02
2.002408915849226e-03	1.207143e+01	1.207143e-02
2.002467097993837e-03	1.184689e+01	1.184690e-02
2.002498452914819e-03	1.173340e+01	1.173341e-02
2.002537443351811e-03	1.159807e+01	1.159807e-02
2.002583235753509e-03	1.144487e+01	1.144487e-02
2.002627195767471e-03	1.130365e+01	1.130365e-02
2.002682217547261e-03	1.113481e+01	1.113481e-02
2.002754338606398e-03	1.092444e+01	1.092444e-02
2.002837322292704e-03	1.069518e+01	1.069518e-02
2.002912141939951e-03	1.050094e+01	1.050094e-02
2.003029615576834e-03	1.021449e+01	1.021449e-02
2.003118253698837e-03	1.001142e+01	1.001142e-02
2.003223116310842e-03	9.785756e+00	9.785757e-03
2.003319780166405e-03	9.589425e+00	9.589426e-03
2.003439467001705e-03	9.360565e+00	9.360566e-03
2.003574070927847e-03	9.119711e+00	9.119711e-03
2.003770400071002e-03	8.793289e+00	8.793290e-03
2.003970488698681e-03	8.489940e+00	8.489940e-03
2.004370665954040e-03	7.945939e+00	7.945940e-03
2.004787612296881e-03	7.451907e+00	7.451907e-03
2.005621504982563e-03	6.642792e+00	6.642792e-03
2.006025085193876e-03	6.490519e+00	6.490520e-03
2.006311127961687e-03	6.725273e+00	6.725273e-03
2.006502584371407e-03	7.087011e+00	7.087012e-03
2.006635767593499e-03	7.359133e+00	7.359134e-03
2.006758498713261e-03	7.562717e+00	7.562717e-03
2.006861875893654e-03	7.712800e+00	7.712800e-03
2.006972078803220e-03	7.869164e+00	7.869165e-03
2.007063116751106e-03	7.973308e+00	7.973309e-03
2.007174530903471e-03	8.021835e+00	8.021837e-03
2.007286930594301e-03	7.982726e+00	7.982727e-03
2.007348237232456e-03	7.934088e+00	7.934089e-03
2.007425953271893e-03	7.874194e+00	7.874195e-03
2.007508314907578e-03	7.836202e+00	7.836203e-03
2.007593906913705e-03	7.819455e+00	7.819456e-03
2.007674169442116e-03	7.804152e+00	7.804153e-03
2.007766114762818e-03	7.767734e+00	7.767734e-03
2.007826389294774e-03	7.730588e+00	7.730589e-03
2.007894688667498e-03	7.683532e+00	7.683533e-03
2.007973313782575e-03	7.637832e+00	7.637832e-03
2.008053700774573e-03	7.605279e+00	7.605280e-03
2.008141716010571e-03	7.579020e+00	7.579020e-03
2.008241274901384e-03	7.544072e+00	7.544072e-03
2.008370540517997e-03	7.482779e+00	7.482780e-03
2.008472660710775e-03	7.430215e+00	7.430216e-03
2.008585316305629e-03	7.380245e+00	7.380245e-03
2.008683320915378e-03	7.344601e+00	7.344602e-03
2.008822763568741e-03	7.292552e+00	7.292552e-03
2.008957359753235e-03	7.234101e+00	7.234102e-03
2.009087220460967e-03	7.176894e+00	7.176895e-03
2.009230751841991e-03	7.121108e+00	7.121108e-03
2.009366175258187e-03	7.071458e+00	7.071459e-03
2.009529699814358e-03	7.007302e+00	7.007303e-03
2.009680463671145e-03	6.947020e+00	6.947020e-03
2.009864109725825e-03	6.878782e+00	6.878783e-03
2.010044597780036e-03	6.814078e+00	6.814079e-03
2.010253611664296e-03	6.737473e+00	6.737473e-03
2.010487007638180e-03	6.654054e+00	6.654054e-03
2.010733733990940e-03	6.569960e+00	6.569961e-03
2.011056970528648e-03	6.461284e+00	6.461284e-03
2.011382222214022e-03	6.355193e+00	6.355193e-03
2.011726795136974e-03	6.247626e+00	6.247626e-03
2.012182966240608e-03	6.110241e+00	6.110242e-03
2.012769686520133e-03	5.942343e+00	5.942344e-03
2.013357200809557e-03	5.783390e+00	5.783390e-03
2.013985217233156e-03	5.623588e+00	5.623588e-03
2.014683287521830e-03	5.458016e+00	5.458017e-03
2.015536587399792e-03	5.266119e+00	5.266120e-03
2.015640036403061e-03	5.244248e+00	5.244249e-03
2.015846934409598e-03	5.202247e+00	5.202247e-03
2.016109695644981e-03	5.149092e+00	5.149092e-03
2.016410035633006e-03	5.090075e+00	5.090076e-03
2.016706584072734e-03	5.033717e+00	5.033717e-03
2.017032356616171e-03	4.973221e+00	4.973221e-03
2.017295582829495e-03	4.925472e+00	4.925473e-03
2.017300690159988e-03	4.924573e+00	4.924574e-03
2.017310904820973e-03	4.922809e+00	4.922809e-03
2.017331334142944e-03	4.919276e+00	4.919277e-03
2.017372192786887e-03	4.912186e+00	4.912185e-03
2.017453910074772e-03	4.897925e+00	4.897925e-03
2.017617344650542e-03	4.869649e+00	4.869650e-03
2.017944213802082e-03	4.815001e+00	4.815002e-03
2.018597952105162e-03	4.710660e+00	4.710660e-03
2.019238024887997e-03	4.615397e+00	4.615398e-03
2.020518170453666e-03	4.442742e+00	4.442743e-03
2.021952058497659e-03	4.272927e+00	4.272927e-03
2.023977068236757e-03	4.069899e+00	4.069900e-03
2.026019129633592e-03	3.903422e+00	3.903422e-03
2.029119059243388e-03	3.712115e+00	3.712115e-03
2.033744237824929e-03	3.509353e+00	3.509353e-03
2.038454309027350e-03	3.372941e+00	3.372941e-03
2.043020242508700e-03	3.290653e+00	3.290654e-03
2.047855526041086e-03	3.236669e+00	3.236669e-03
2.052555671481736e-03	3.204150e+00	3.204150e-03
2.057395146571265e-03	3.183600e+00	3.183601e-03
2.062154392551809e-03	3.171178e+00	3.171179e-03
2.067077170524484e-03	3.163343e+00	3.163344e-03
2.072023714679951e-03	3.158567e+00	3.158567e-03
2.077206629043457e-03	3.155578e+00	3.155578e-03
2.082578807749595e-03	3.153761e+00	3.153761e-03
2.088402887315852e-03	3.152642e+00	3.152642e-03
2.094767140244876e-03	3.151974e+00	3.151975e-03
2.101603077744876e-03	3.151596e+00	3.151596e-03
2.107813558659283e-03	3.151420e+00	3.151420e-03
2.114649496159283e-03	3.151322e+00	3.151322e-03
2.121485433659283e-03	3.151272e+00	3.151272e-03
2.128321371159283e-03	3.151246e+00	3.151246e-03
2.135157308659283e-03	3.151233e+00	3.151233e-03
2.141993246159283e-03	3.151226e+00	3.151226e-03
2.148829183659283e-03	3.151222e+00	3.151222e-03
2.155665121159283e-03	3.151219e+00	3.151220e-03
2.162501058659283e-03	3.151218e+00	3.151218e-03
2.169336996159284e-03	3.151216e+00	3.151217e-03
2.176172933659284e-03	3.151215e+00	3.151216e-03
2.183008871159284e-03	3.151214e+00	3.151215e-03
2.189844808659284e-03	3.151214e+00	3.151214e-03
2.196680746159284e-03	3.151213e+00	3.151213e-03
2.203516683659284e-03	3.151212e+00	3.151213e-03
2.210352621159284e-03	3.151212e+00	3.151212e-03
2.217188558659284e-03	3.151211e+00	3.151211e-03
2.224024496159284e-03	3.151210e+00	3.151211e-03
2.230860433659285e-03	3.151210e+00	3.151210e-03
2.237696371159285e-03	3.151209e+00	3.151210e-03
2.244532308659285e-03	3.151209e+00	3.151210e-03
2.251368246159285e-03	3.151209e+00	3.151209e-03
2.258204183659285e-03	3.151208e+00	3.151209e-03
2.265040121159285e-03	3.151208e+00	3.151208e-03
2.271876058659285e-03	3.151208e+00	3.151208e-03
2.278711996159285e-03	3.151207e+00	3.151208e-03
2.285547933659285e-03	3.151207e+00	3.151207e-03
2.292383871159286e-03	3.151207e+00	3.151207e-03
2.299219808659286e-03	3.151206e+00	3.151207e-03
2.306055746159286e-03	3.151206e+00	3.151207e-03
2.312891683659286e-03	3.151206e+00	3.151206e-03
2.319727621159286e-03	3.151206e+00	3.151206e-03
2.326563558659286e-03	3.151206e+00	3.151206e-03
2.333399496159286e-03	3.151205e+00	3.151206e-03
2.340235433659286e-03	3.151205e+00	3.151206e-03
2.347071371159287e-03	3.151205e+00	3.151205e-03
2.353907308659287e-03	3.151205e+00	3.151205e-03
2.360743246159287e-03	3.151205e+00	3.151205e-03
2.367579183659287e-03	3.151205e+00	3.151205e-03
2.374415121159287e-03	3.151204e+00	3.151204e-03
2.381251058659287e-03	3.151204e+00	3.151204e-03
2.388086996159287e-03	3.151204e+00	3.151204e-03
2.394922933659287e-03	3.151204e+00	3.151204e-03
2.401758871159287e-03	3.151204e+00	3.151204e-03
2.408594808659288e-03	3.151204e+00	3.151204e-03
2.415430746159288e-03	3.151203e+00	3.151204e-03
2.422266683659288e-03	3.151203e+00	3.151204e-03
2.429102621159288e-03	3.151203e+00	3.151204e-03
2.435938558659288e-03	3.151203e+00	3.151204e-03
2.442774496159288e-03	3.151203e+00	3.151203e-03
2.449610433659288e-03	3.151203e+00	3.151203e-03
2.456446371159288e-03	3.151203e+00	3.151203e-03
2.463282308659288e-03	3.151203e+00	3.151203e-03
2.470118246159289e-03	3.151202e+00	3.151203e-03
2.476954183659289e-03	3.151202e+00	3.151203e-03
2.483790121159289e-03	3.151202e+00	3.151203e-03
2.490626058659289e-03	3.151202e+00	3.151203e-03
2.497461996159289e-03	3.151202e+00	3.151202e-03
2.504297933659289e-03	3.151202e+00	3.151202e-03
2.511133871159289e-03	3.151202e+00	3.151202e-03
2.517969808659289e-03	3.151202e+00	3.151202e-03
2.524805746159289e-03	3.151202e+00	3.151202e-03
2.531641683659290e-03	3.151202e+00	3.151202e-03
2.538477621159290e-03	3.151202e+00	3.151202e-03
2.545313558659290e-03	3.151202e+00	3.151202e-03
2.552149496159290e-03	3.151202e+00	3.151202e-03
2.558985433659290e-03	3.151201e+00	3.151202e-03
2.565821371159290e-03	3.151201e+00	3.151202e-03
2.572657308659290e-03	3.151201e+00	3.151202e-03
2.579493246159290e-03	3.151201e+00	3.151202e-03
2.586329183659291e-03	3.151201e+00	3.151202e-03
2.593165121159291e-03	3.151201e+00	3.151202e-03
2.600001058659291e-03	3.151201e+00	3.151201e-03
2.606836996159291e-03	3.151201e+00	3.151201e-03
2.613672933659291e-03	3.151201e+00	3.151201e-03
2.620508871159291e-03	3.151201e+00	3.151201e-03
2.627344808659291e-03	3.151201e+00	3.151201e-03
2.634180746159291e-03	3.151201e+00	3.151201e-03
2.641016683659291e-03	3.151201e+00	3.151201e-03
2.647852621159292e-03	3.151201e+00	3.151201e-03
2.654688558659292e-03	3.151201e+00	3.151201e-03
2.661524496159292e-03	3.151201e+00	3.151201e-03
2.668360433659292e-03	3.151201e+00	3.151201e-03
2.675196371159292e-03	3.151201e+00	3.151201e-03
2.682032308659292e-03	3.151201e+00	3.151201e-03
2.688868246159292e-03	3.151201e+00	3.151201e-03
2.695704183659292e-03	3.151201e+00	3.151201e-03
2.702540121159292e-03	3.151201e+00	3.151201e-03
2.709376058659293e-03	3.151201e+00	3.151201e-03
2.716211996159293e-03	3.151201e+00	3.151201e-03
2.723047933659293e-03	3.151201e+00	3.151201e-03
2.729883871159293e-03	3.151201e+00	3.151201e-03
2.736719808659293e-03	3.151201e+00	3.151201e-03
2.743555746159293e-03	3.151201e+00	3.151201e-03
2.750391683659293e-03	3.151201e+00	3.151201e-03
2.757227621159293e-03	3.151201e+00	3.151201e-03
2.764063558659294e-03	3.151201e+00	3.151201e-03
2.770899496159294e-03	3.151201e+00	3.151201e-03
2.777735433659294e-03	3.151201e+00	3.151201e-03
2.784571371159294e-03	3.151201e+00	3.151201e-03
2.791407308659294e-03	3.151201e+00	3.151201e-03
2.798243246159294e-03	3.151201e+00	3.151201e-03
2.805079183659294e-03	3.151201e+00	3.151201e-03
2.811915121159294e-03	3.151201e+00	3.151201e-03
2.818751058659294e-03	3.151201e+00	3.151201e-03
2.825586996159295e-03	3.151201e+00	3.151201e-03
2.832422933659295e-03	3.151201e+00	3.151201e-03
2.839258871159295e-03	3.151201e+00	3.151201e-03
2.846094808659295e-03	3.151201e+00	3.151201e-03
2.852930746159295e-03	3.151201e+00	3.151201e-03
2.859766683659295e-03	3.151201e+00	3.151201e-03
2.866602621159295e-03	3.151201e+00	3.151201e-03
2.873438558659295e-03	3.151201e+00	3.151201e-03
2.880274496159295e-03	3.151201e+00	3.151201e-03
2.887110433659296e-03	3.151201e+00	3.151201e-03
2.893946371159296e-03	3.151201e+00	3.151201e-03
2.900782308659296e-03	3.151201e+00	3.151201e-03
2.907618246159296e-03	3.151201e+00	3.151201e-03
2.914454183659296e-03	3.151201e+00	3.151201e-03
2.921290121159296e-03	3.151201e+00	3.151201e-03
2.928126058659296e-03	3.151201e+00	3.151201e-03
2.934961996159296e-03	3.151201e+00	3.151201e-03
2.941797933659296e-03	3.151201e+00	3.151201e-03
2.948633871159297e-03	3.151201e+00	3.151201e-03
2.955469808659297e-03	3.151201e+00	3.151201e-03
2.962305746159297e-03	3.151201e+00	3.151201e-03
2.969141683659297e-03	3.151201e+00	3.151201e-03
2.975977621159297e-03	3.151201e+00	3.151201e-03
2.989649496159297e-03	3.151201e+00	3.151201e-03
2.996485433659297e-03	3.151201e+00	3.151201e-03
3.003321371159298e-03	3.151201e+00	3.151201e-03
3.010157308659298e-03	3.151201e+00	3.151201e-03
3.016993246159298e-03	3.151200e+00	3.151201e-03
3.023829183659298e-03	3.151200e+00	3.151201e-03
3.030665121159298e-03	3.151201e+00	3.151201e-03
3.037501058659298e-03	3.151201e+00	3.151201e-03
3.044336996159298e-03	3.151200e+00	3.151201e-03
3.051172933659298e-03	3.151200e+00	3.151201e-03
3.058008871159298e-03	3.151200e+00	3.151201e-03
3.064844808659299e-03	3.151200e+00	3.151201e-03
3.071680746159299e-03	3.151200e+00	3.151201e-03
3.078516683659299e-03	3.151200e+00	3.151201e-03
3.085352621159299e-03	3.151201e+00	3.151201e-03
3.092188558659299e-03	3.151201e+00	3.151201e-03
3.099024496159299e-03	3.151200e+00	3.151201e-03
3.105860433659299e-03	3.151200e+00	3.151201e-03
3.112696371159299e-03	3.151200e+00	3.151201e-03
3.119532308659299e-03	3.151201e+00	3.151201e-03
3.126368246159300e-03	3.151201e+00	3.151201e-03
3.133204183659300e-03	3.151201e+00	3.151201e-03
3.140040121159300e-03	3.151200e+00	3.151201e-03
3.146876058659300e-03	3.151201e+00	3.151201e-03
3.153711996159300e-03	3.151201e+00	3.151201e-03
3.160547933659300e-03	3.151201e+00	3.151201e-03
3.167383871159300e-03	3.151201e+00	3.151201e-03
3.181055746159300e-03	3.151201e+00	3.151201e-03
3.187891683659301e-03	3.151201e+00	3.151201e-03
3.194727621159301e-03	3.151201e+00	3.151201e-03
3.201563558659301e-03	3.151201e+00	3.151201e-03
3.208399496159301e-03	3.151201e+00	3.151201e-03
3.215235433659301e-03	3.151201e+00	3.151201e-03
3.222071371159301e-03	3.151201e+00	3.151201e-03
3.228907308659301e-03	3.151201e+00	3.151201e-03
3.235743246159301e-03	3.151201e+00	3.151201e-03
3.242579183659302e-03	3.151201e+00	3.151201e-03
3.249415121159302e-03	3.151201e+00	3.151201e-03
3.256251058659302e-03	3.151201e+00	3.151201e-03
3.263086996159302e-03	3.151201e+00	3.151201e-03
3.269922933659302e-03	3.151201e+00	3.151201e-03
3.276758871159302e-03	3.151201e+00	3.151201e-03
3.283594808659302e-03	3.151201e+00	3.151201e-03
3.290430746159302e-03	3.151201e+00	3.151201e-03
3.297266683659302e-03	3.151201e+00	3.151201e-03
3.304102621159303e-03	3.151201e+00	3.151201e-03
3.310938558659303e-03	3.151201e+00	3.151201e-03
3.317774496159303e-03	3.151201e+00	3.151201e-03
3.331446371159303e-03	3.151201e+00	3.151201e-03
3.345118246159303e-03	3.151201e+00	3.151201e-03
3.358790121159303e-03	3.151201e+00	3.151201e-03
3.372461996159304e-03	3.151201e+00	3.151201e-03
3.392969808659304e-03	3.151201e+00	3.151201e-03
3.406641683659304e-03	3.151201e+00	3.151201e-03
3.420313558659304e-03	3.151201e+00	3.151201e-03
3.433985433659305e-03	3.151201e+00	3.151201e-03
3.454493246159305e-03	3.151201e+00	3.151201e-03
3.905665121159313e-03	3.151201e+00	3.151201e-03
3.980860433659309e-03	3.151201e+00	3.151201e-03
3.987696371159309e-03	3.151201e+00	3.151201e-03
3.993164062500000e-03	3.151198e+00	3.151198e-03
3.994018554687500e-03	3.151199e+00	3.151199e-03
3.995727539062500e-03	3.151201e+00	3.151201e-03
3.996582031250000e-03	3.151201e+00	3.151201e-03
3.998291015625000e-03	3.151202e+00	3.151202e-03
3.998504638671875e-03	3.151202e+00	3.151202e-03
3.998931884765625e-03	3.151200e+00	3.151201e-03
3.999145507812500e-03	3.151200e+00	3.151200e-03
3.999572753906251e-03	3.151201e+00	3.151201e-03
3.999579429626465e-03	3.151201e+00	3.151201e-03
3.999592781066895e-03	3.151201e+00	3.151201e-03
3.999619483947755e-03	3.151201e+00	3.151201e-03
3.999672889709473e-03	3.151200e+00	3.151201e-03
3.999779701232910e-03	3.151421e+00	3.151422e-03
3.999779701233309e-03	3.151424e+00	3.151424e-03
3.999779701263826e-03	3.151612e+00	3.151612e-03
3.999779701271172e-03	3.151596e+00	3.151597e-03
3.999779701274986e-03	3.151591e+00	3.151591e-03
3.999780701274987e-03	3.151330e+00	3.151330e-03
3.999782701276700e-03	3.151420e+00	3.151420e-03
3.999783701276701e-03	3.151309e+00	3.151310e-03
3.999784701276701e-03	3.151417e+00	3.151417e-03
3.999784701314847e-03	3.151621e+00	3.151621e-03
3.999785701318662e-03	3.151419e+00	3.151419e-03
3.999786701318663e-03	3.151309e+00	3.151310e-03
3.999787701318663e-03	3.151200e+00	3.151200e-03
3.999789701318663e-03	3.151200e+00	3.151200e-03
3.999793701318663e-03	3.151200e+00	3.151200e-03
3.999801701318663e-03	3.151200e+00	3.151200e-03
3.999817701318663e-03	3.151200e+00	3.151200e-03
3.999849701318663e-03	3.151200e+00	3.151200e-03
3.999890630675029e-03	3.151200e+00	3.151201e-03
3.999918141287266e-03	3.151201e+00	3.151201e-03
3.999944978775528e-03	3.151420e+00	3.151421e-03
3.999944978780663e-03	3.151544e+00	3.151545e-03
3.999944978784478e-03	3.151635e+00	3.151635e-03
3.999944978814995e-03	3.151599e+00	3.151599e-03
3.999944978815949e-03	3.151596e+00	3.151596e-03
3.999944978819764e-03	3.151587e+00	3.151587e-03
3.999945978819764e-03	3.151297e+00	3.151298e-03
3.999946978819884e-03	3.151422e+00	3.151422e-03
3.999947978819884e-03	3.151410e+00	3.151410e-03
3.999947978850401e-03	3.151606e+00	3.151606e-03
3.999947978850878e-03	3.151605e+00	3.151606e-03
3.999947978851832e-03	3.151597e+00	3.151598e-03
3.999947978853740e-03	3.151595e+00	3.151596e-03
3.999947978857554e-03	3.151593e+00	3.151593e-03
3.999948978857555e-03	3.151298e+00	3.151299e-03
3.999949978857555e-03	3.151201e+00	3.151201e-03
3.999950978857555e-03	3.151201e+00	3.151201e-03
3.999951978857556e-03	3.151201e+00	3.151201e-03
3.999953978859463e-03	3.151420e+00	3.151421e-03
3.999954978859463e-03	3.151347e+00	3.151347e-03
3.999956978859463e-03	3.151201e+00	3.151201e-03
3.999960978859463e-03	3.151201e+00	3.151201e-03
3.999968978859463e-03	3.151201e+00	3.151201e-03
3.999984978859463e-03	3.151421e+00	3.151421e-03
3.999984978867092e-03	3.151638e+00	3.151638e-03
3.999985978867093e-03	3.151419e+00	3.151419e-03
3.999985978876629e-03	3.151633e+00	3.151634e-03
3.999986978876630e-03	3.151308e+00	3.151309e-03
3.999987978876630e-03	3.151201e+00	3.151201e-03
3.999988978876630e-03	3.151201e+00	3.151201e-03
3.999990978880445e-03	3.151420e+00	3.151420e-03
3.999991978880445e-03	3.151310e+00	3.151311e-03
3.999992978880445e-03	3.151201e+00	3.151201e-03
3.999994978880445e-03	3.151201e+00	3.151201e-03
3.999995978880446e-03	3.151201e+00	3.151201e-03
3.999997978880445e-03	3.151203e+00	3.151203e-03
3.999998231520390e-03	3.151417e+00	3.151417e-03
3.999998231535810e-03	3.151617e+00	3.151617e-03
3.999998231536292e-03	3.151623e+00	3.151623e-03
3.999999231536292e-03	3.151421e+00	3.151421e-03
3.999999231536770e-03	3.151445e+00	3.151445e-03
3.999999231540584e-03	3.151637e+00	3.151637e-03
3.999999231548214e-03	3.151626e+00	3.151627e-03
3.999999231550121e-03	3.151623e+00	3.151624e-03
3.999999231553935e-03	3.151620e+00	3.151620e-03
3.999999358507061e-03	3.151423e+00	3.151423e-03
3.999999358510994e-03	3.151650e+00	3.151651e-03
3.999999483510994e-03	3.151423e+00	3.151423e-03
3.999999483517429e-03	3.151552e+00	3.151553e-03
3.999999483521244e-03	3.151626e+00	3.151626e-03
3.999999483528873e-03	3.151616e+00	3.151616e-03
3.999999483544132e-03	3.151596e+00	3.151596e-03
3.999999483547946e-03	3.151591e+00	3.151591e-03
3.999999483555576e-03	3.151582e+00	3.151582e-03
3.999999483586093e-03	3.151553e+00	3.151553e-03
3.999999483593722e-03	3.151542e+00	3.151542e-03
3.999999483608981e-03	3.151520e+00	3.151520e-03
3.999999483612795e-03	3.151518e+00	3.151518e-03
3.999999608612795e-03	3.151423e+00	3.151423e-03
3.999999608616729e-03	3.151635e+00	3.151635e-03
3.999999608647246e-03	3.151603e+00	3.151603e-03
3.999999608651061e-03	3.151594e+00	3.151594e-03
3.999999608654875e-03	3.151584e+00	3.151584e-03
3.999999608655829e-03	3.151583e+00	3.151584e-03
3.999999733655829e-03	3.151412e+00	3.151412e-03
3.999999733686347e-03	3.151364e+00	3.190847e-03
4.000000733686347e-03	4.808804e-05	2.587749e+00
4.000000733716864e-03	2.655653e-10	2.587835e+00
4.000000733724494e-03	2.640850e-10	2.587855e+00
4.000000733739752e-03	2.615685e-10	2.587889e+00
4.000000733743567e-03	2.615686e-10	2.587893e+00
4.000001733743567e-03	2.824407e-10	2.775779e+00
4.000002733743568e-03	2.917666e-10	2.862062e+00
4.000003733743568e-03	2.938760e-10	2.884061e+00
4.000004733743568e-03	2.948752e-10	2.894420e+00
4.000004733747383e-03	2.944311e-10	2.894425e+00
4.000004733755012e-03	2.922125e-10	2.894435e+00
4.000004733755023e-03	2.924061e-10	2.894434e+00
4.000004733755082e-03	2.936122e-10	2.894434e+00
4.000004733758897e-03	2.995382e-10	2.894434e+00
4.000004733762712e-03	3.010925e-10	2.894434e+00
4.000005733793229e-03	3.015366e-10	2.899180e+00
4.000006733793230e-03	3.075318e-10	2.901868e+00
4.000006733797044e-03	3.047687e-10	2.901884e+00
4.000006733797521e-03	3.034604e-10	2.901886e+00
4.000006733801336e-03	2.953193e-10	2.901885e+00
4.000006733808965e-03	2.944312e-10	2.901885e+00
4.000007733808966e-03	3.123921e-10	2.903302e+00
4.000007858808966e-03	3.035356e-10	2.903492e+00
4.000007858816595e-03	3.002043e-10	2.903498e+00
4.000007858831854e-03	2.935430e-10	2.903508e+00
4.000007858862371e-03	2.935430e-10	2.903505e+00
4.000007858923406e-03	2.935430e-10	2.903500e+00
4.000007858938665e-03	2.935430e-10	2.903499e+00
4.000007858942480e-03	2.935430e-10	2.903498e+00
4.000007858950109e-03	3.234462e-10	2.903497e+00
4.000007858953923e-03	3.383960e-10	2.903497e+00
4.000007858954878e-03	3.383960e-10	2.903497e+00
4.000008858954878e-03	3.027578e-10	2.904011e+00
4.000009858954878e-03	3.252953e-10	2.904354e+00
4.000009858955355e-03	3.243326e-10	2.904356e+00
4.000009858959170e-03	3.093819e-10	2.904372e+00
4.000009858966799e-03	2.944311e-10	2.904372e+00
4.000009858982058e-03	2.935430e-10	2.904370e+00
4.000009858982535e-03	2.935430e-10	2.904370e+00
4.000010858982535e-03	2.969847e-10	2.904285e+00
4.000011858982536e-03	3.005374e-10	2.904110e+00
4.000012858982536e-03	3.019807e-10	2.903862e+00
4.000012859013053e-03	2.978897e-10	2.903879e+00
4.000012859014007e-03	2.971396e-10	2.903879e+00
4.000012859017822e-03	2.946532e-10	2.903878e+00
4.000012859025451e-03	2.946532e-10	2.903878e+00
4.000013859025452e-03	2.988720e-10	2.903469e+00
4.000013859030220e-03	2.977618e-10	2.903488e+00
4.000013984030220e-03	2.988474e-10	2.903410e+00
4.000014984030221e-03	3.103073e-10	2.902749e+00
4.000015984030221e-03	3.305134e-10	2.901826e+00
4.000016984030221e-03	4.294318e-10	2.900693e+00
4.000016984060739e-03	3.933147e-10	2.900709e+00
4.000016984064553e-03	3.583072e-10	2.900711e+00
4.000016984072183e-03	2.959114e-10	2.900709e+00
4.000016984087441e-03	2.930989e-10	2.900708e+00
4.000016984117958e-03	2.968490e-10	2.900705e+00
4.000016984121773e-03	2.973177e-10	2.900704e+00
4.000016984129402e-03	2.939426e-10	2.900703e+00
4.000016984131310e-03	2.930989e-10	2.900703e+00
4.000016984135124e-03	2.930989e-10	2.900703e+00
4.000016984142754e-03	2.930989e-10	2.900702e+00
4.000016984144661e-03	2.930989e-10	2.900702e+00
4.000016984148476e-03	2.930989e-10	2.900702e+00
4.000016984156105e-03	2.930989e-10	2.900701e+00
4.000016984171364e-03	2.930989e-10	2.900700e+00
4.000016984175178e-03	2.930989e-10	2.900699e+00
4.000016984184715e-03	2.930989e-10	2.900698e+00
4.000016984189484e-03	2.930989e-10	2.900698e+00
4.000016984191391e-03	2.930989e-10	2.900698e+00
4.000016984195206e-03	2.930989e-10	2.900698e+00
4.000017984195206e-03	2.963185e-10	2.899412e+00
4.000018984195206e-03	3.027578e-10	2.898188e+00
4.000019984195207e-03	3.098632e-10	2.897076e+00
4.000020984195207e-03	3.474997e-10	2.896092e+00
4.000020984199022e-03	3.441691e-10	2.896098e+00
4.000020984206651e-03	3.225571e-10	2.896111e+00
4.000020984221910e-03	2.926548e-10	2.896109e+00
4.000020984252427e-03	2.926548e-10	2.896106e+00
4.000020984313701e-03	2.926548e-10	2.896100e+00
4.000021984313701e-03	3.076428e-10	2.895376e+00
4.000022984313702e-03	3.588239e-10	2.894790e+00
4.000022984317516e-03	3.516449e-10	2.894796e+00
4.000022984325145e-03	3.015810e-10	2.894809e+00
4.000022984327053e-03	2.926548e-10	2.894808e+00
4.000022984330867e-03	2.926548e-10	2.894808e+00
4.000022984338497e-03	2.926548e-10	2.894807e+00
4.000022984340404e-03	2.926548e-10	2.894807e+00
4.000022984344219e-03	2.926548e-10	2.894806e+00
4.000022984351848e-03	2.926548e-10	2.894806e+00
4.000022984367107e-03	2.926548e-10	2.894804e+00
4.000022984397624e-03	2.926548e-10	2.894801e+00
4.000022984405253e-03	2.926548e-10	2.894800e+00
4.000022984407161e-03	2.926548e-10	2.894800e+00
4.000022984410975e-03	2.926548e-10	2.894799e+00
4.000022984418605e-03	2.933949e-10	2.894799e+00
4.000022984422419e-03	2.937650e-10	2.894799e+00
4.000022984423373e-03	2.928768e-10	2.894798e+00
4.000022984423612e-03	2.926548e-10	2.894798e+00
4.000023109423612e-03	3.184113e-10	2.894738e+00
4.000023109427426e-03	3.184120e-10	2.894755e+00
4.000023109427903e-03	3.082015e-10	2.894757e+00
4.000023109428381e-03	2.946052e-10	2.894757e+00
4.000023109428499e-03	2.937650e-10	2.894757e+00
4.000024109428500e-03	2.989831e-10	2.894327e+00
4.000025109428500e-03	3.038680e-10	2.893933e+00
4.000026109428500e-03	3.153033e-10	2.893538e+00
4.000027109428501e-03	3.298473e-10	2.893104e+00
4.000028109428501e-03	3.472778e-10	2.892622e+00
4.000029109428501e-03	3.819166e-10	2.892125e+00
4.000029109432316e-03	3.669651e-10	2.892131e+00
4.000029109439945e-03	3.011813e-10	2.892143e+00
4.000029109441853e-03	2.922107e-10	2.892143e+00
4.000029109445667e-03	2.922107e-10	2.892143e+00
4.000029109453297e-03	2.922107e-10	2.892142e+00
4.000029109455204e-03	2.922107e-10	2.892141e+00
4.000029109459973e-03	2.922107e-10	2.892141e+00
4.000029109461880e-03	2.922107e-10	2.892141e+00
4.000030109461940e-03	2.948752e-10	2.891566e+00
4.000031109461941e-03	2.992051e-10	2.890968e+00
4.000032109461941e-03	3.006484e-10	2.890379e+00
4.000032109473385e-03	2.964295e-10	2.890399e+00
4.000033109477200e-03	2.975399e-10	2.889751e+00
4.000033234507717e-03	3.179679e-10	2.889678e+00
4.000034234507717e-03	3.006484e-10	2.889021e+00
4.000034234508195e-03	2.991669e-10	2.889028e+00
4.000034234509149e-03	2.962075e-10	2.889041e+00
4.000034250134626e-03	3.006473e-10	2.889036e+00
4.000034250138441e-03	2.970961e-10	2.889036e+00
4.000034250139395e-03	2.961132e-10	2.889036e+00
4.000034250169912e-03	2.930989e-10	2.889035e+00
4.000035250169912e-03	2.944311e-10	2.888327e+00
4.000036250209701e-03	2.930989e-10	2.887654e+00
4.000037250209702e-03	2.936540e-10	2.886941e+00
4.000038250209702e-03	2.935976e-10	2.886219e+00
4.000039791999328e-03	2.915890e-10	2.885107e+00
4.000040177446735e-03	2.926548e-10	2.884846e+00
4.000040177450550e-03	2.928028e-10	2.884848e+00
4.000040177481067e-03	2.939871e-10	2.884863e+00
4.000040177484882e-03	2.926950e-10	2.884862e+00
4.000040177485001e-03	2.926548e-10	2.884862e+00
4.000040177485478e-03	2.926548e-10	2.884862e+00
4.000040302485596e-03	2.957634e-10	2.884758e+00
4.000041302485597e-03	2.947642e-10	2.883990e+00
4.000042302485597e-03	2.968736e-10	2.883218e+00
4.000043302485597e-03	2.968736e-10	2.882469e+00
4.000043302489412e-03	2.955816e-10	2.882489e+00
4.000043302489531e-03	2.955414e-10	2.882489e+00
4.000044302489531e-03	2.945422e-10	2.881673e+00
4.000045302489532e-03	2.953193e-10	2.880893e+00
4.000045302493983e-03	2.936451e-10	2.880903e+00
4.000045302497797e-03	2.922107e-10	2.880913e+00
4.000045302505456e-03	2.908784e-10	2.880911e+00
4.000046302505457e-03	2.966515e-10	2.880088e+00
4.000046302535974e-03	2.962075e-10	2.880093e+00
4.000046302597009e-03	2.908806e-10	2.880100e+00
4.000047302597039e-03	2.935430e-10	2.879274e+00
4.000047302597516e-03	2.924754e-10	2.879291e+00
4.000047302597635e-03	2.922107e-10	2.879295e+00
4.000047302597695e-03	2.922107e-10	2.879295e+00
4.000048302597695e-03	2.934319e-10	2.878437e+00
4.000049302597695e-03	2.922231e-10	2.877596e+00
4.000049516124487e-03	2.919887e-10	2.877420e+00
4.000049641124487e-03	2.921120e-10	2.877316e+00
4.000050641124487e-03	2.962074e-10	2.876483e+00
4.000050641158819e-03	3.048672e-10	2.876502e+00
4.000051641158820e-03	2.974287e-10	2.875614e+00
4.000052641158820e-03	2.973177e-10	2.874739e+00
4.000053641158820e-03	3.003846e-10	2.873869e+00
4.000053797613307e-03	2.904349e-10	2.873755e+00
4.000053797622857e-03	2.917032e-10	2.873774e+00
4.000053797623334e-03	3.139817e-10	2.873774e+00
4.000053797623811e-03	3.361755e-10	2.873774e+00
4.000053797627625e-03	3.188561e-10	2.873774e+00
4.000053797631440e-03	3.015366e-10	2.873774e+00
4.000054797631440e-03	2.985390e-10	2.872853e+00
4.000055797631441e-03	2.957634e-10	2.871948e+00
4.000056797631441e-03	2.957634e-10	2.871050e+00
4.000056922631441e-03	2.967009e-10	2.870937e+00
4.000057922631441e-03	3.010925e-10	2.870042e+00
4.000057922635256e-03	2.932765e-10	2.870059e+00
4.000057922636210e-03	2.919003e-10	2.870063e+00
4.000057922640025e-03	2.942091e-10	2.870063e+00
4.000057922647654e-03	2.908340e-10	2.870062e+00
4.000057922649561e-03	2.899903e-10	2.870061e+00
4.000057922649621e-03	2.900560e-10	2.870061e+00
4.000057922653436e-03	2.942091e-10	2.870061e+00
4.000057922654390e-03	2.928022e-10	2.870060e+00
4.000057922656297e-03	2.899903e-10	2.870060e+00
4.000057922656774e-03	2.899903e-10	2.870060e+00
4.000057922656893e-03	2.901182e-10	2.870060e+00
4.000057922660708e-03	2.942091e-10	2.870060e+00
4.000057922661662e-03	2.942091e-10	2.870060e+00
4.000058922661662e-03	2.932099e-10	2.869109e+00
4.000059922661663e-03	2.953193e-10	2.868194e+00
4.000059922665477e-03	2.939131e-10	2.868201e+00
4.000059922673107e-03	2.907304e-10	2.868213e+00
4.000059922688365e-03	2.899903e-10	2.868212e+00
4.000059922692180e-03	2.899903e-10	2.868211e+00
4.000059922699809e-03	2.899903e-10	2.868210e+00
4.000059922701717e-03	2.899903e-10	2.868210e+00
4.000059922705531e-03	2.899903e-10	2.868209e+00
4.000059922713160e-03	2.899903e-10	2.868209e+00
4.000059922728419e-03	2.899903e-10	2.868207e+00
4.000059922758936e-03	2.899903e-10	2.868204e+00
4.000059922766566e-03	2.899903e-10	2.868204e+00
4.000060922766566e-03	2.995382e-10	2.867257e+00
4.000060922771150e-03	2.962075e-10	2.867264e+00
4.000060922780318e-03	2.895462e-10	2.867277e+00
4.000060922798654e-03	2.895462e-10	2.867275e+00
4.000060922803238e-03	2.895462e-10	2.867274e+00
4.000060922812406e-03	2.895462e-10	2.867273e+00
4.000060922830742e-03	2.895462e-10	2.867271e+00
4.000060922867414e-03	2.895462e-10	2.867267e+00
4.000060922868560e-03	2.895462e-10	2.867267e+00
4.000060922870852e-03	2.902443e-10	2.867266e+00
4.000060922901370e-03	2.995382e-10	2.867266e+00
4.000061922901370e-03	2.957387e-10	2.866297e+00
4.000062047901370e-03	2.950973e-10	2.866180e+00
4.000062172901370e-03	2.950973e-10	2.866062e+00
4.000063172901370e-03	2.937650e-10	2.865123e+00
4.000063172901932e-03	2.944773e-10	2.865125e+00
4.000063172905747e-03	2.993161e-10	2.865143e+00
4.000063172913376e-03	2.915002e-10	2.865142e+00
4.000063172915284e-03	2.895462e-10	2.865142e+00
4.000063172919098e-03	2.895462e-10	2.865141e+00
4.000063172926728e-03	2.904343e-10	2.865140e+00
4.000063172930542e-03	2.908784e-10	2.865140e+00
4.000063172938171e-03	2.908784e-10	2.865139e+00
4.000064172941986e-03	2.917666e-10	2.864161e+00
4.000065172941987e-03	2.990941e-10	2.863194e+00
4.000065172946409e-03	2.957634e-10	2.863200e+00
4.000065172955252e-03	2.891021e-10	2.863213e+00
4.000065172957463e-03	2.895909e-10	2.863213e+00
4.000065172961278e-03	2.904343e-10	2.863212e+00
4.000065172962232e-03	2.899903e-10	2.863212e+00
4.000065172964139e-03	2.891021e-10	2.863212e+00
4.000065172967954e-03	2.891021e-10	2.863211e+00
4.000065172975583e-03	2.891021e-10	2.863211e+00
4.000065172977491e-03	2.891021e-10	2.863210e+00
4.000065172981305e-03	2.891021e-10	2.863210e+00
4.000065172988935e-03	2.891021e-10	2.863209e+00
4.000065173004193e-03	2.891021e-10	2.863207e+00
4.000065173008008e-03	2.897682e-10	2.863207e+00
4.000065173011822e-03	2.904343e-10	2.863207e+00
4.000065173019452e-03	2.899903e-10	2.863206e+00
4.000065173034710e-03	2.891021e-10	2.863204e+00
4.000065173065228e-03	2.891021e-10	2.863202e+00
4.000065173072857e-03	2.891021e-10	2.863201e+00
4.000065173088116e-03	2.891021e-10	2.863199e+00
4.000065173118633e-03	2.891021e-10	2.863197e+00
4.000065173119587e-03	2.891021e-10	2.863196e+00
4.000065173119825e-03	2.891021e-10	2.863196e+00
4.000066173124209e-03	2.990941e-10	2.862218e+00
4.000067173124209e-03	2.909895e-10	2.861224e+00
4.000068173124209e-03	2.902123e-10	2.860247e+00
4.000068173125447e-03	2.933209e-10	2.860268e+00
4.000069173125447e-03	2.944311e-10	2.859251e+00
4.000069173136891e-03	2.930989e-10	2.859272e+00
4.000070173137419e-03	2.930989e-10	2.858249e+00
4.000071173137419e-03	2.934319e-10	2.857229e+00
4.000072173137420e-03	2.919638e-10	2.856204e+00
4.000073258297751e-03	2.886580e-10	2.855122e+00
4.000073258298461e-03	2.888323e-10	2.855125e+00
4.000073258302276e-03	2.907550e-10	2.855142e+00
4.000073258302753e-03	2.908784e-10	2.855142e+00
4.000073258302813e-03	2.910134e-10	2.855142e+00
4.000073258306628e-03	2.995382e-10	2.855141e+00
4.000074258306628e-03	2.939871e-10	2.854093e+00
4.000074258310443e-03	2.955414e-10	2.854103e+00
4.000074258314257e-03	2.977125e-10	2.854113e+00
4.000074258344775e-03	2.983406e-10	2.854110e+00
4.000074258345729e-03	2.979432e-10	2.854110e+00
4.000074258376246e-03	2.895463e-10	2.854108e+00
4.000075258376246e-03	2.937650e-10	2.853058e+00
4.000075258406764e-03	2.903899e-10	2.853073e+00
4.000075258414393e-03	2.914706e-10	2.853076e+00
4.000075258418207e-03	2.924327e-10	2.853075e+00
4.000075258425837e-03	2.897160e-10	2.853074e+00
4.000075258426314e-03	2.895462e-10	2.853074e+00
4.000076258426314e-03	2.907674e-10	2.852007e+00
4.000077258426315e-03	2.920997e-10	2.850954e+00
4.000078258426315e-03	3.022024e-10	2.849925e+00
4.000078258457786e-03	2.977618e-10	2.849944e+00
4.000079258457787e-03	2.912115e-10	2.848858e+00
4.000080258457787e-03	2.926524e-10	2.847788e+00
4.000081251315752e-03	2.877698e-10	2.846751e+00
4.000082251315752e-03	2.918759e-10	2.845669e+00
4.000083220088432e-03	2.873257e-10	2.844639e+00
4.000083220088514e-03	2.873535e-10	2.844639e+00
4.000083220092329e-03	2.907674e-10	2.844660e+00
4.000083220096143e-03	2.970957e-10	2.844659e+00
4.000083220099958e-03	3.013145e-10	2.844659e+00
4.000083220130475e-03	2.934986e-10	2.844656e+00
4.000083220138105e-03	2.915445e-10	2.844655e+00
4.000084220138105e-03	2.907674e-10	2.843545e+00
4.000085220138105e-03	2.915446e-10	2.842473e+00
4.000085222119659e-03	2.915467e-10	2.842483e+00
4.000086222119659e-03	2.979838e-10	2.841381e+00
4.000086222123474e-03	2.979839e-10	2.841392e+00
4.000086222127289e-03	2.901679e-10	2.841402e+00
4.000086222128243e-03	2.888361e-10	2.841401e+00
4.000086222132057e-03	2.962075e-10	2.841401e+00
4.000086222135872e-03	3.010925e-10	2.841401e+00
4.000087222135872e-03	2.957437e-10	2.840276e+00
4.000088127819982e-03	2.868816e-10	2.839293e+00
4.000089127819982e-03	2.885470e-10	2.838180e+00
4.000090127819982e-03	2.922107e-10	2.837084e+00
4.000090127827612e-03	2.922107e-10	2.837105e+00
4.000091127827612e-03	2.891021e-10	2.835973e+00
4.000091127858129e-03	2.878102e-10	2.835991e+00
4.000091127859083e-03	2.877698e-10	2.835991e+00
4.000091127859561e-03	2.877698e-10	2.835991e+00
4.000092127859561e-03	3.018696e-10	2.834847e+00
4.000093127859561e-03	3.512744e-10	2.833741e+00
4.000093127863376e-03	3.343956e-10	2.833757e+00
4.000093127864330e-03	3.216503e-10	2.833761e+00
4.000093127868145e-03	2.875478e-10	2.833761e+00
4.000093127875774e-03	2.866596e-10	2.833760e+00
4.000093127877681e-03	2.864375e-10	2.833760e+00
4.000093127878158e-03	2.864375e-10	2.833759e+00
4.000093252881973e-03	2.917666e-10	2.833606e+00
4.000094252881973e-03	2.947642e-10	2.832468e+00
4.000095252881974e-03	2.925597e-10	2.831330e+00
4.000096374198471e-03	2.859935e-10	2.830087e+00
4.000096374207025e-03	2.889111e-10	2.830101e+00
4.000096374210840e-03	2.902123e-10	2.830106e+00
4.000096374210851e-03	2.902123e-10	2.830106e+00
4.000097374211328e-03	2.997602e-10	2.828952e+00
4.000098374211328e-03	2.924327e-10	2.827804e+00
4.000099374215143e-03	2.911005e-10	2.826674e+00
4.000100374218958e-03	2.877698e-10	2.825530e+00
4.000101374218959e-03	2.993161e-10	2.824383e+00
4.000101374222773e-03	2.979099e-10	2.824389e+00
4.000101374230403e-03	2.919147e-10	2.824403e+00
4.000101374245661e-03	2.855494e-10	2.824401e+00
4.000101374249476e-03	2.855494e-10	2.824400e+00
4.000101374257105e-03	2.855494e-10	2.824399e+00
4.000101374259013e-03	2.855494e-10	2.824399e+00
4.000101499259012e-03	2.897682e-10	2.824245e+00
4.000101499266321e-03	2.863929e-10	2.824261e+00
4.000101499268147e-03	2.864298e-10	2.824264e+00
4.000101499268625e-03	2.866596e-10	2.824264e+00
4.000102499299142e-03	3.046449e-10	2.823087e+00
4.000103499299142e-03	2.934319e-10	2.821923e+00
4.000104499299143e-03	2.935429e-10	2.820777e+00
4.000104499337289e-03	2.893241e-10	2.820796e+00
4.000105499337290e-03	2.882139e-10	2.819607e+00
4.000106499337290e-03	2.944311e-10	2.818435e+00
4.000107499337290e-03	3.013145e-10	2.817270e+00
4.000108499337291e-03	3.038680e-10	2.816103e+00
4.000109499337291e-03	2.939871e-10	2.814954e+00
4.000109499344920e-03	2.907303e-10	2.814960e+00
4.000109499360179e-03	2.842171e-10	2.814973e+00
4.000109499363994e-03	2.842171e-10	2.814972e+00
4.000109499364948e-03	2.842171e-10	2.814972e+00
4.000109499365186e-03	2.846612e-10	2.814971e+00
4.000109499365663e-03	2.855494e-10	2.814971e+00
4.000109624365663e-03	2.897681e-10	2.814813e+00
4.000109624373293e-03	2.982059e-10	2.814833e+00
4.000110624373353e-03	2.868816e-10	2.813635e+00
4.000110640002168e-03	2.897648e-10	2.813639e+00
4.000111640002168e-03	2.895462e-10	2.812441e+00
4.000111640005983e-03	2.884695e-10	2.812461e+00
4.000111640006102e-03	2.884359e-10	2.812461e+00
4.000112640006102e-03	2.858824e-10	2.811252e+00
4.000113640006102e-03	2.864375e-10	2.810062e+00
4.000114640006103e-03	2.859194e-10	2.808879e+00
4.000116640006103e-03	2.842911e-10	2.806507e+00
4.000120640006102e-03	2.829292e-10	2.801746e+00
4.000121640006103e-03	2.828848e-10	2.800573e+00
4.000121640013732e-03	2.828848e-10	2.800593e+00
4.000121640013761e-03	2.828848e-10	2.800593e+00
4.000121640013821e-03	2.833556e-10	2.800593e+00
4.000121640014298e-03	2.875726e-10	2.800593e+00
4.000121640018113e-03	2.898792e-10	2.800593e+00
4.000121640021928e-03	2.884359e-10	2.800592e+00
4.000122640021928e-03	2.925438e-10	2.799363e+00
4.000123640021928e-03	2.993161e-10	2.798153e+00
4.000124640021929e-03	3.018696e-10	2.796952e+00
4.000125640021929e-03	2.919887e-10	2.795770e+00
4.000125640029558e-03	2.888061e-10	2.795776e+00
4.000125640044817e-03	2.824407e-10	2.795788e+00
4.000125640048631e-03	2.824407e-10	2.795788e+00
4.000125640056261e-03	2.824407e-10	2.795787e+00
4.000125640071519e-03	2.824408e-10	2.795786e+00
4.000126640071520e-03	2.841061e-10	2.794553e+00
4.000127640071520e-03	2.846612e-10	2.793338e+00
4.000128640071520e-03	2.842171e-10	2.792130e+00
4.000130640071520e-03	2.862155e-10	2.789734e+00
4.000130640075335e-03	2.867706e-10	2.789744e+00
4.000130640079150e-03	2.871283e-10	2.789754e+00
4.000130640079627e-03	2.871037e-10	2.789754e+00
4.000131640079627e-03	2.899903e-10	2.788512e+00
4.000132640079627e-03	2.953193e-10	2.787309e+00
4.000132640083442e-03	2.939131e-10	2.787316e+00
4.000132640091071e-03	2.879177e-10	2.787329e+00
4.000132640106330e-03	2.815526e-10	2.787328e+00
4.000132640136847e-03	2.815526e-10	2.787324e+00
4.000132640144476e-03	2.815526e-10	2.787323e+00
4.000132640159735e-03	2.815526e-10	2.787322e+00
4.000133640159735e-03	2.846612e-10	2.786082e+00
4.000134640159736e-03	2.892254e-10	2.784862e+00
4.000134765167365e-03	2.855493e-10	2.784734e+00
4.000135765167365e-03	2.866595e-10	2.783510e+00
4.000135765197883e-03	2.862155e-10	2.783516e+00
4.000135765258918e-03	2.839211e-10	2.783524e+00
4.000135765380988e-03	2.811086e-10	2.783518e+00
4.000136765380988e-03	2.829958e-10	2.782278e+00
4.000137765380989e-03	2.833289e-10	2.781075e+00
4.000137765392433e-03	2.822187e-10	2.781096e+00
4.000138765392433e-03	2.827738e-10	2.779845e+00
4.000139765392433e-03	2.862155e-10	2.778636e+00
4.000139765403877e-03	2.848831e-10	2.778656e+00
4.000139890403877e-03	2.824654e-10	2.778483e+00
4.000140890403877e-03	2.875478e-10	2.777242e+00
4.000141890403878e-03	2.936170e-10	2.776021e+00
4.000142015403878e-03	2.902123e-10	2.775892e+00
4.000142015404832e-03	2.825686e-10	2.775908e+00
4.000142015405070e-03	2.818794e-10	2.775912e+00
4.000142015408885e-03	3.013145e-10	2.775912e+00
4.000142015416514e-03	2.847944e-10	2.775911e+00
4.000142015418422e-03	2.806644e-10	2.775911e+00
4.000142015422236e-03	2.806644e-10	2.775910e+00
4.000142015429866e-03	2.806644e-10	2.775909e+00
4.000142015431773e-03	2.806644e-10	2.775909e+00
4.000142015435588e-03	2.806644e-10	2.775908e+00
4.000142015436542e-03	2.806644e-10	2.775908e+00
4.000142015438449e-03	2.806644e-10	2.775908e+00
4.000142015442264e-03	2.806644e-10	2.775908e+00
4.000142015449893e-03	2.806644e-10	2.775907e+00
4.000142015465152e-03	2.806644e-10	2.775905e+00
4.000142015468966e-03	2.806644e-10	2.775905e+00
4.000142015476596e-03	2.806644e-10	2.775904e+00
4.000142015478503e-03	2.806644e-10	2.775904e+00
4.000142015482318e-03	2.806644e-10	2.775903e+00
4.000142015489947e-03	2.806644e-10	2.775903e+00
4.000142015491854e-03	2.806644e-10	2.775903e+00
4.000142015495669e-03	2.806644e-10	2.775902e+00
4.000142015503298e-03	2.806644e-10	2.775902e+00
4.000142015518557e-03	2.806645e-10	2.775901e+00
4.000142140518557e-03	2.823297e-10	2.775726e+00
4.000142265518557e-03	2.815530e-10	2.775586e+00
4.000142265560142e-03	2.802606e-10	2.775603e+00
4.000142265561442e-03	2.802203e-10	2.775603e+00
4.000142265564041e-03	2.802203e-10	2.775602e+00
4.000142265569239e-03	2.802203e-10	2.775601e+00
4.000142265570539e-03	2.802203e-10	2.775601e+00
4.000142265573138e-03	2.802203e-10	2.775601e+00
4.000143265573138e-03	2.857714e-10	2.774355e+00
4.000143265576953e-03	2.853273e-10	2.774362e+00
4.000143265584582e-03	2.830328e-10	2.774375e+00
4.000143265599841e-03	2.802204e-10	2.774374e+00
4.000144265599841e-03	3.104183e-10	2.773132e+00
4.000144265603656e-03	3.072356e-10	2.773139e+00
4.000144265611285e-03	2.843503e-10	2.773152e+00
4.000144265613193e-03	2.802203e-10	2.773151e+00
4.000144265617007e-03	2.807754e-10	2.773151e+00
4.000144265620822e-03	2.813305e-10	2.773150e+00
4.000144265621776e-03	2.813305e-10	2.773150e+00
4.000145265621776e-03	2.852658e-10	2.771899e+00
4.000145281246777e-03	3.048625e-10	2.771903e+00
4.000145281250591e-03	3.045465e-10	2.771905e+00
4.000145281281109e-03	2.854605e-10	2.771913e+00
4.000145281288738e-03	2.813306e-10	2.771913e+00
4.000146281288738e-03	2.998712e-10	2.770653e+00
4.000147281288739e-03	3.157474e-10	2.769416e+00
4.000148281288739e-03	3.211875e-10	2.768189e+00
4.000149281288739e-03	3.002045e-10	2.766982e+00
4.000149281296369e-03	2.835066e-10	2.766998e+00
4.000149281298276e-03	2.793321e-10	2.767002e+00
4.000149281302091e-03	2.793321e-10	2.767002e+00
4.000149281303074e-03	2.793321e-10	2.767001e+00
4.000150281303075e-03	2.854383e-10	2.765743e+00
4.000151281303075e-03	2.942091e-10	2.764505e+00
4.000152281303075e-03	2.980949e-10	2.763276e+00
4.000153281303076e-03	2.948012e-10	2.762046e+00
4.000155281303075e-03	2.851793e-10	2.759586e+00
4.000159281303075e-03	2.783699e-10	2.754660e+00
4.000167281303075e-03	2.772597e-10	2.744802e+00
4.000183281303075e-03	2.753074e-10	2.725107e+00
4.000202184999860e-03	2.730277e-10	2.701946e+00
4.000221841094768e-03	2.705614e-10	2.678089e+00
4.000241497943822e-03	2.681622e-10	2.654562e+00
4.000262600007526e-03	2.656309e-10	2.629853e+00
4.000285887490416e-03	2.630352e-10	2.604715e+00
4.000310083012106e-03	2.607153e-10	2.581768e+00
4.000335848213797e-03	2.583870e-10	2.557816e+00
4.000363272281919e-03	2.556842e-10	2.530305e+00
4.000394907245986e-03	2.522622e-10	2.497283e+00
4.000427246793592e-03	2.487540e-10	2.463724e+00
4.000466196992832e-03	2.448182e-10	2.424373e+00
4.000514965070238e-03	2.401436e-10	2.377021e+00
4.000582430938399e-03	2.338515e-10	2.314722e+00
4.000661346939087e-03	2.269304e-10	2.246206e+00
4.000761351172034e-03	2.188426e-10	2.166564e+00
4.000954115291265e-03	2.048385e-10	2.028801e+00
4.001160090822861e-03	1.918507e-10	1.899737e+00
4.001412159838788e-03	1.782726e-10	1.764837e+00
4.001720109731974e-03	1.641891e-10	1.625139e+00
4.002048028474696e-03	1.514555e-10	1.499349e+00
4.002353472027605e-03	1.413034e-10	1.398851e+00
4.002568516280031e-03	1.350902e-10	1.336665e+00
4.002747212838442e-03	1.304071e-10	1.290325e+00
4.002945234425243e-03	1.255987e-10	1.243190e+00
4.003081905100210e-03	1.225581e-10	1.212691e+00
4.003164415970677e-03	1.207933e-10	1.195189e+00
4.003278108241979e-03	1.183756e-10	1.171950e+00
4.003365035445281e-03	1.166327e-10	1.154707e+00
4.003417818527828e-03	1.156213e-10	1.144550e+00
4.003491910437191e-03	1.142142e-10	1.130669e+00
4.003560071064612e-03	1.129866e-10	1.118221e+00
4.003633183132227e-03	1.117094e-10	1.105252e+00
4.003723626325359e-03	1.101073e-10	1.089720e+00
4.003833011025750e-03	1.082394e-10	1.071618e+00
4.003954174867699e-03	1.063131e-10	1.052481e+00
4.004135321792510e-03	1.035581e-10	1.025394e+00
4.004317010915110e-03	1.009941e-10	1.000169e+00
4.004655572454103e-03	9.671078e-11	9.572814e-01
4.004960778503137e-03	9.321184e-11	9.225250e-01
4.005166895370101e-03	9.138641e-11	9.045557e-01
4.005317022826293e-03	9.114579e-11	9.019802e-01
4.005410186435427e-03	9.230842e-11	9.135177e-01
4.005499381869973e-03	9.475329e-11	9.379326e-01
4.005546016263063e-03	9.650279e-11	9.553086e-01
4.005609017395871e-03	9.918611e-11	9.817477e-01
4.005675689674164e-03	1.020621e-10	1.010108e+00
4.005741908263361e-03	1.048153e-10	1.037648e+00
4.005823545978001e-03	1.081306e-10	1.070455e+00
4.005905685564082e-03	1.114324e-10	1.102646e+00
4.006030374747100e-03	1.163646e-10	1.151062e+00
4.006142442138213e-03	1.207820e-10	1.194642e+00
4.006233035903434e-03	1.243034e-10	1.229905e+00
4.006316372293805e-03	1.274656e-10	1.262060e+00
4.006404336369484e-03	1.307461e-10	1.295011e+00
4.006490423313821e-03	1.338090e-10	1.325023e+00
4.006573330567561e-03	1.363247e-10	1.349388e+00
4.006682965898446e-03	1.387933e-10	1.373637e+00
4.006753273103631e-03	1.398109e-10	1.383998e+00
4.006810620222681e-03	1.403055e-10	1.388927e+00
4.006883608633569e-03	1.407037e-10	1.392550e+00
4.006973252062923e-03	1.409988e-10	1.395335e+00
4.007062081193042e-03	1.412096e-10	1.397720e+00
4.007169965659080e-03	1.415443e-10	1.401372e+00
4.007287141457889e-03	1.420955e-10	1.406649e+00
4.007413848028841e-03	1.427602e-10	1.413324e+00
4.007552042457885e-03	1.434920e-10	1.420686e+00
4.007693380705171e-03	1.442589e-10	1.427652e+00
4.007887682914382e-03	1.451739e-10	1.436587e+00
4.008070116975418e-03	1.459777e-10	1.444974e+00
4.008314078133177e-03	1.471672e-10	1.456509e+00
4.008596233505737e-03	1.485559e-10	1.469919e+00
4.009057494237502e-03	1.507551e-10	1.491611e+00
4.009483125077141e-03	1.527815e-10	1.511565e+00
4.010222528945586e-03	1.563016e-10	1.546183e+00
4.010976867053932e-03	1.598461e-10	1.581319e+00
4.012279898565775e-03	1.658673e-10	1.641563e+00
4.014885961589464e-03	1.778028e-10	1.760497e+00
4.019829449866848e-03	2.001239e-10	1.981435e+00
4.026257047964978e-03	2.283760e-10	2.260633e+00
4.033092985464978e-03	2.573497e-10	2.547517e+00
4.039928922964978e-03	2.853273e-10	2.823940e+00
4.046764860464977e-03	3.123057e-10	3.090122e+00
4.053600797964977e-03	3.381739e-10	3.346440e+00
4.060436735464977e-03	3.630429e-10	3.593257e+00
4.067272672964977e-03	3.870237e-10	3.830924e+00
4.074108610464976e-03	4.101164e-10	4.059778e+00
4.080944547964976e-03	4.323208e-10	4.280148e+00
4.087780485464976e-03	4.536371e-10	4.492344e+00
4.094616422964975e-03	4.742873e-10	4.696671e+00
4.101452360464975e-03	4.942713e-10	4.893420e+00
4.108288297964975e-03	5.133671e-10	5.082871e+00
4.115124235464974e-03	5.317968e-10	5.265295e+00
4.121960172964974e-03	5.495604e-10	5.440950e+00
4.128796110464974e-03	5.666578e-10	5.610089e+00
4.135632047964973e-03	5.833112e-10	5.772954e+00
4.142467985464973e-03	5.992984e-10	5.929774e+00
4.149303922964973e-03	6.143974e-10	6.080777e+00
4.156139860464972e-03	6.288303e-10	6.226175e+00
4.162975797964972e-03	6.430412e-10	6.366178e+00
4.169811735464972e-03	6.568079e-10	6.500985e+00
4.176647672964971e-03	6.699086e-10	6.630789e+00
4.183483610464971e-03	6.825651e-10	6.755774e+00
4.190319547964971e-03	6.945555e-10	6.876122e+00
4.197155485464970e-03	7.061018e-10	6.992001e+00
4.203991422964970e-03	7.174261e-10	7.103579e+00
4.210827360464970e-03	7.283063e-10	7.211015e+00
4.217663297964970e-03	7.387424e-10	7.314463e+00
4.224499235464969e-03	7.487344e-10	7.414070e+00
4.231335172964969e-03	7.585044e-10	7.509978e+00
4.238171110464969e-03	7.680523e-10	7.602326e+00
4.245007047964968e-03	7.771561e-10	7.691245e+00
4.251842985464968e-03	7.858159e-10	7.776863e+00
4.258678922964968e-03	7.940315e-10	7.859301e+00
4.265514860464967e-03	8.020251e-10	7.938678e+00
4.272350797964967e-03	8.097967e-10	8.015107e+00
4.279186735464967e-03	8.171241e-10	8.088697e+00
4.286022672964966e-03	8.242296e-10	8.159555e+00
4.292858610464966e-03	8.313350e-10	8.227782e+00
4.299694547964966e-03	8.379963e-10	8.293474e+00
4.306530485464965e-03	8.442136e-10	8.356728e+00
4.313366422964965e-03	8.504308e-10	8.417631e+00
4.320202360464965e-03	8.562040e-10	8.476273e+00
4.327038297964964e-03	8.615331e-10	8.532736e+00
4.333874235464964e-03	8.668621e-10	8.587101e+00
4.340710172964964e-03	8.721912e-10	8.639447e+00
4.347546110464963e-03	8.775203e-10	8.689849e+00
4.354382047964963e-03	8.828493e-10	8.738379e+00
4.361217985464963e-03	8.877343e-10	8.785106e+00
4.368053922964962e-03	8.921752e-10	8.830097e+00
4.374889860464962e-03	8.966161e-10	8.873417e+00
4.381725797964962e-03	9.006129e-10	8.915127e+00
4.388561735464962e-03	9.046097e-10	8.955288e+00
4.395397672964961e-03	9.090506e-10	8.993957e+00
4.402233610464961e-03	9.130474e-10	9.031189e+00
4.409069547964961e-03	9.166001e-10	9.067038e+00
4.415905485464960e-03	9.201528e-10	9.101555e+00
4.422741422964960e-03	9.232615e-10	9.134789e+00
4.429577360464960e-03	9.259260e-10	9.166789e+00
4.436413297964959e-03	9.290346e-10	9.197599e+00
4.443249235464959e-03	9.321433e-10	9.227265e+00
4.450085172964959e-03	9.348078e-10	9.255829e+00
4.456921110464958e-03	9.379164e-10	9.283332e+00
4.463757047964958e-03	9.410250e-10	9.309813e+00
4.470592985464958e-03	9.432455e-10	9.335308e+00
4.477428922964957e-03	9.454659e-10	9.359858e+00
4.484264860464957e-03	9.481305e-10	9.383495e+00
4.491100797964957e-03	9.503509e-10	9.406254e+00
4.497936735464956e-03	9.521273e-10	9.428166e+00
4.504772672964956e-03	9.543477e-10	9.449265e+00
4.511608610464956e-03	9.570122e-10	9.469580e+00
4.518444547964955e-03	9.592327e-10	9.489140e+00
4.525280485464955e-03	9.610091e-10	9.507973e+00
4.532116422964955e-03	9.627854e-10	9.526106e+00
4.538952360464955e-03	9.645618e-10	9.543565e+00
4.545788297964954e-03	9.663381e-10	9.560375e+00
4.552624235464954e-03	9.681145e-10	9.576561e+00
4.559460172964954e-03	9.694467e-10	9.592145e+00
4.566296110464953e-03	9.703349e-10	9.607150e+00
4.573132047964953e-03	9.716672e-10	9.621597e+00
4.579967985464953e-03	9.734435e-10	9.635508e+00
4.586803922964952e-03	9.752199e-10	9.648902e+00
4.593639860464952e-03	9.765522e-10	9.661798e+00
4.600475797964952e-03	9.774404e-10	9.674214e+00
4.607311735464951e-03	9.787726e-10	9.686170e+00
4.614147672964951e-03	9.801049e-10	9.697680e+00
4.620983610464951e-03	9.809931e-10	9.708763e+00
4.627819547964950e-03	9.818812e-10	9.719435e+00
4.634655485464950e-03	9.827694e-10	9.729710e+00
4.641491422964950e-03	9.836576e-10	9.739602e+00
4.648327360464949e-03	9.845458e-10	9.749126e+00
4.655163297964949e-03	9.858780e-10	9.758298e+00
4.661999235464949e-03	9.872103e-10	9.767128e+00
4.668835172964948e-03	9.876544e-10	9.775631e+00
4.675671110464948e-03	9.880985e-10	9.783816e+00
4.682507047964948e-03	9.889867e-10	9.791698e+00
4.696178922964947e-03	9.907630e-10	9.806595e+00
4.703014860464947e-03	9.916512e-10	9.813630e+00
4.709850797964947e-03	9.925394e-10	9.820404e+00
4.716686735464946e-03	9.929835e-10	9.826926e+00
4.723522672964946e-03	9.934276e-10	9.833206e+00
4.730358610464946e-03	9.943157e-10	9.839252e+00
4.737194547964945e-03	9.947598e-10	9.845074e+00
4.744030485464945e-03	9.952039e-10	9.850679e+00
4.750866422964945e-03	9.960921e-10	9.856077e+00
4.757702360464944e-03	9.965362e-10	9.861273e+00
4.764538297964944e-03	9.965362e-10	9.866277e+00
4.771374235464944e-03	9.969803e-10	9.871095e+00
4.785046110464943e-03	9.983125e-10	9.880198e+00
4.798717985464942e-03	9.987566e-10	9.888639e+00
4.805553922964942e-03	9.996448e-10	9.892626e+00
4.812389860464942e-03	1.000089e-09	9.896464e+00
4.819225797964941e-03	1.000089e-09	9.900160e+00
4.826061735464941e-03	1.000089e-09	9.903718e+00
4.832897672964941e-03	1.000533e-09	9.907145e+00
4.839733610464940e-03	1.001421e-09	9.910444e+00
4.846569547964940e-03	1.001865e-09	9.913620e+00
4.853405485464940e-03	1.001865e-09	9.916678e+00
4.860241422964940e-03	1.001865e-09	9.919623e+00
4.873913297964939e-03	1.002309e-09	9.925189e+00
4.887585172964938e-03	1.003642e-09	9.930349e+00
4.894421110464938e-03	1.003642e-09	9.932786e+00
4.901257047964938e-03	1.003642e-09	9.935133e+00
4.908092985464937e-03	1.003642e-09	9.937392e+00
4.914928922964937e-03	1.003642e-09	9.939568e+00
4.921764860464937e-03	1.004086e-09	9.941662e+00
4.928600797964936e-03	1.004974e-09	9.943680e+00
4.935436735464936e-03	1.005418e-09	9.945621e+00
4.949108610464935e-03	1.005418e-09	9.949292e+00
4.955944547964935e-03	1.005418e-09	9.951026e+00
4.962780485464935e-03	1.005418e-09	9.952696e+00
4.969616422964934e-03	1.005418e-09	9.954304e+00
4.976452360464934e-03	1.005418e-09	9.955852e+00
4.983288297964934e-03	1.005418e-09	9.957342e+00
4.990124235464933e-03	1.005418e-09	9.958785e+00
4.993164062500000e-03	1.005418e-09	9.959412e+00
4.995432912789598e-03	1.005418e-09	9.959868e+00
4.996974866280537e-03	1.005718e-09	9.960175e+00
5.000000000000000e-03	1.006602e-09	9.960766e+00
5.006050267438926e-03	1.007194e-09	9.961921e+00
5.012886204938925e-03	1.007194e-09	9.963185e+00
5.019722142438925e-03	1.007194e-09	9.964404e+00
5.026558079938925e-03	1.007194e-09	9.965578e+00
5.033394017438924e-03	1.007194e-09	9.966709e+00
5.040229954938924e-03	1.007194e-09	9.967798e+00
5.047065892438924e-03	1.007194e-09	9.968846e+00
5.053901829938924e-03	1.007194e-09	9.969856e+00
5.060737767438923e-03	1.007194e-09	9.970828e+00
5.067573704938923e-03	1.007194e-09	9.971765e+00
5.074409642438923e-03	1.007194e-09	9.972667e+00
5.081245579938922e-03	1.007194e-09	9.973535e+00
5.088081517438922e-03	1.007194e-09	9.974371e+00
5.094917454938922e-03	1.007194e-09	9.975176e+00
5.101753392438921e-03	1.007194e-09	9.975951e+00
5.108589329938921e-03	1.007194e-09	9.976698e+00
5.115425267438921e-03	1.007638e-09	9.977417e+00
5.122261204938920e-03	1.008527e-09	9.978109e+00
5.129097142438920e-03	1.008971e-09	9.978777e+00
5.135933079938920e-03	1.008971e-09	9.979419e+00
5.142769017438919e-03	1.008971e-09	9.980037e+00
5.149604954938919e-03	1.008971e-09	9.980632e+00
5.156440892438919e-03	1.008971e-09	9.981205e+00
5.163276829938918e-03	1.008971e-09	9.981757e+00
5.170112767438918e-03	1.008971e-09	9.982288e+00
5.176948704938918e-03	1.008971e-09	9.982800e+00
5.183784642438917e-03	1.008971e-09	9.983294e+00
5.190620579938917e-03	1.008971e-09	9.983768e+00
5.197456517438917e-03	1.008971e-09	9.984224e+00
5.204292454938917e-03	1.008971e-09	9.984665e+00
5.211128392438916e-03	1.008971e-09	9.985088e+00
5.217964329938916e-03	1.008971e-09	9.985497e+00
5.224800267438916e-03	1.008971e-09	9.985889e+00
5.231636204938915e-03	1.008971e-09	9.986267e+00
5.238472142438915e-03	1.008971e-09	9.986631e+00
5.245308079938915e-03	1.008971e-09	9.986981e+00
5.252144017438914e-03	1.008971e-09	9.987319e+00
5.258979954938914e-03	1.008971e-09	9.987644e+00
5.265815892438914e-03	1.008971e-09	9.987957e+00
5.272651829938913e-03	1.008971e-09	9.988258e+00
5.279487767438913e-03	1.008971e-09	9.988549e+00
5.286323704938913e-03	1.008971e-09	9.988829e+00
5.293159642438912e-03	1.008971e-09	9.989097e+00
5.299995579938912e-03	1.008971e-09	9.989356e+00
5.306831517438912e-03	1.008971e-09	9.989605e+00
5.313667454938911e-03	1.008971e-09	9.989845e+00
5.327339329938911e-03	1.008971e-09	9.990299e+00
5.341011204938910e-03	1.008971e-09	9.990719e+00
5.354683079938909e-03	1.008971e-09	9.991110e+00
5.368354954938909e-03	1.008971e-09	9.991471e+00
5.382026829938908e-03	1.008971e-09	9.991806e+00
5.402534642438907e-03	1.008971e-09	9.992263e+00
5.423042454938906e-03	1.008971e-09	9.992671e+00
5.443550267438905e-03	1.008971e-09	9.993036e+00
5.464058079938904e-03	1.008971e-09	9.993361e+00
5.484565892438903e-03	1.008971e-09	9.993650e+00
5.505073704938902e-03	1.008971e-09	9.993910e+00
5.525581517438902e-03	1.008971e-09	9.994141e+00
5.546089329938901e-03	1.008971e-09	9.994347e+00
5.566597142438900e-03	1.008971e-09	9.994531e+00
5.587104954938899e-03	1.008971e-09	9.994695e+00
5.607612767438898e-03	1.008971e-09	9.994842e+00
5.628120579938897e-03	1.008971e-09	9.994972e+00
5.648628392438896e-03	1.008971e-09	9.995089e+00
5.669136204938895e-03	1.008971e-09	9.995193e+00
5.689644017438894e-03	1.008971e-09	9.995286e+00
5.710151829938893e-03	1.008971e-09	9.995369e+00
5.730659642438892e-03	1.008971e-09	9.995442e+00
5.751167454938891e-03	1.008971e-09	9.995509e+00
5.771675267438890e-03	1.008971e-09	9.995567e+00
5.792183079938889e-03	1.010303e-09	9.995621e+00
5.812690892438888e-03	1.010747e-09	9.995667e+00
5.833198704938887e-03	1.010747e-09	9.995708e+00
5.853706517438886e-03	1.010747e-09	9.995747e+00
5.874214329938885e-03	1.010747e-09	9.995779e+00
5.894722142438884e-03	1.010747e-09	9.995810e+00
5.915229954938883e-03	1.010747e-09	9.995836e+00
5.935737767438882e-03	1.010747e-09	9.995859e+00
5.956245579938881e-03	1.010747e-09	9.995880e+00
5.976753392438880e-03	1.010747e-09	9.995899e+00
5.997261204938879e-03	1.010747e-09	9.995916e+00
6.017769017438879e-03	1.010747e-09	9.995932e+00
6.038276829938878e-03	1.010747e-09	9.995945e+00
6.058784642438877e-03	1.010747e-09	9.995956e+00
6.079292454938876e-03	1.010747e-09	9.995968e+00
6.092964329938875e-03	1.010747e-09	9.995974e+00
6.113472142438874e-03	1.010747e-09	9.995983e+00
6.133979954938873e-03	1.010747e-09	9.995991e+00
6.154487767438872e-03	1.010747e-09	9.995997e+00
6.174995579938871e-03	1.010747e-09	9.996004e+00
6.195503392438870e-03	1.010747e-09	9.996010e+00
6.213081517438869e-03	1.010747e-09	9.996014e+00
6.230659642438869e-03	1.010747e-09	9.996018e+00
6.248237767438868e-03	1.010747e-09	9.996022e+00
6.265815892438867e-03	1.010747e-09	9.996025e+00
6.283394017438866e-03	1.010747e-09	9.996028e+00
6.300972142438866e-03	1.010747e-09	9.996030e+00
6.318550267438864e-03	1.010747e-09	9.996033e+00
6.337104954938864e-03	1.010747e-09	9.996035e+00
6.355659642438863e-03	1.010747e-09	9.996037e+00
6.374214329938862e-03	1.010747e-09	9.996038e+00
6.392769017438861e-03	1.010747e-09	9.996040e+00
6.411323704938860e-03	1.010747e-09	9.996042e+00
6.429878392438859e-03	1.010747e-09	9.996044e+00
6.448433079938858e-03	1.010747e-09	9.996045e+00
6.468940892438857e-03	1.010747e-09	9.996046e+00
6.489448704938857e-03	1.010747e-09	9.996047e+00
6.509956517438856e-03	1.010747e-09	9.996048e+00
6.530464329938855e-03	1.010747e-09	9.996048e+00
6.550972142438854e-03	1.010747e-09	9.996049e+00
6.571479954938853e-03	1.010747e-09	9.996050e+00
6.591987767438852e-03	1.010747e-09	9.996051e+00
6.616401829938850e-03	1.010747e-09	9.996051e+00
6.640815892438850e-03	1.010747e-09	9.996052e+00
6.665229954938848e-03	1.010747e-09	9.996053e+00
6.689644017438847e-03	1.010747e-09	9.996053e+00
6.714058079938846e-03	1.010747e-09	9.996053e+00
6.738472142438845e-03	1.010747e-09	9.996054e+00
6.762886204938844e-03	1.010747e-09	9.996054e+00
6.795112767438842e-03	1.010747e-09	9.996054e+00
6.827339329938841e-03	1.010747e-09	9.996054e+00
6.859565892438840e-03	1.010747e-09	9.996055e+00
6.891792454938837e-03	1.010747e-09	9.996055e+00
6.924019017438836e-03	1.010747e-09	9.996055e+00
6.956245579938835e-03	1.010747e-09	9.996055e+00
6.988472142438833e-03	1.010747e-09	9.996056e+00
6.995308079938833e-03	1.010747e-09	9.996056e+00
7.000000000000000e-03	1.010747e-09	9.996056e+00
