time	-I(Rl)	V(vout)
0.000000000000000e+00	1.009601e-09	9.996057e+00
2.000000000000000e-03	1.009601e-09	9.996057e+00
2.000000010902467e-03	2.330357e+01	4.620377e+00
2.000000135902467e-03	2.972821e+01	2.972821e-02
2.000001135902467e-03	1.417132e+01	1.417132e-02
2.000002135902467e-03	1.253674e+01	1.253674e-02
2.000003135902467e-03	1.208386e+01	1.208386e-02
2.000004135902467e-03	1.184373e+01	1.184373e-02
2.000005135902467e-03	1.172237e+01	1.172237e-02
2.000005247522218e-03	1.171384e+01	1.171384e-02
2.000005470761720e-03	1.170219e+01	1.170219e-02
2.000005917240723e-03	1.169613e+01	1.169613e-02
2.000006810198730e-03	1.172634e+01	1.172634e-02
2.000007688299382e-03	1.179668e+01	1.179668e-02
2.000008435916837e-03	1.187963e+01	1.187963e-02
2.000008946925671e-03	1.193734e+01	1.193734e-02
2.000009488573633e-03	1.199441e+01	1.199441e-02
2.000010044541759e-03	1.204890e+01	1.204890e-02
2.000010831519744e-03	1.211739e+01	1.211739e-02
2.000011625040375e-03	1.217458e+01	1.217458e-02
2.000012611216275e-03	1.222676e+01	1.222676e-02
2.000014188061903e-03	1.228218e+01	1.228218e-02
2.000015662228139e-03	1.231374e+01	1.231374e-02
2.000017544141355e-03	1.233639e+01	1.233639e-02
2.000019407539816e-03	1.234497e+01	1.234497e-02
2.000020616793605e-03	1.233861e+01	1.233861e-02
2.000021925914656e-03	1.232379e+01	1.232379e-02
2.000023243808310e-03	1.231055e+01	1.231055e-02
2.000024672289489e-03	1.230069e+01	1.230069e-02
2.000026038808958e-03	1.229512e+01	1.229512e-02
2.000027431410310e-03	1.229346e+01	1.229346e-02
2.000029378806278e-03	1.229592e+01	1.229592e-02
2.000031292636270e-03	1.230164e+01	1.230164e-02
2.000034557481986e-03	1.231476e+01	1.231476e-02
2.000037894998855e-03	1.232936e+01	1.232937e-02
2.000043607674746e-03	1.235477e+01	1.235477e-02
2.000049177243559e-03	1.238058e+01	1.238058e-02
2.000054695267242e-03	1.241079e+01	1.241079e-02
2.000060334540882e-03	1.245313e+01	1.245313e-02
2.000066323809551e-03	1.251994e+01	1.251994e-02
2.000072628449947e-03	1.262689e+01	1.262689e-02
2.000080791301283e-03	1.283082e+01	1.283082e-02
2.000090374360356e-03	1.315259e+01	1.315259e-02
2.000096035816945e-03	1.339071e+01	1.339071e-02
2.000099645099947e-03	1.357252e+01	1.357252e-02
2.000103321639099e-03	1.378634e+01	1.378634e-02
2.000107956556771e-03	1.409614e+01	1.409614e-02
2.000115272179076e-03	1.465062e+01	1.465062e-02
2.000121272022638e-03	1.514654e+01	1.514654e-02
2.000124013702681e-03	1.537619e+01	1.537619e-02
2.000125922748508e-03	1.552724e+01	1.552724e-02
2.000127310951358e-03	1.563250e+01	1.563250e-02
2.000128561696467e-03	1.572573e+01	1.572574e-02
2.000129717543686e-03	1.580722e+01	1.580723e-02
2.000132029238124e-03	1.594598e+01	1.594598e-02
2.000134418066088e-03	1.599649e+01	1.599649e-02
2.000136400197324e-03	1.585501e+01	1.585501e-02
2.000137735127270e-03	1.568832e+01	1.568832e-02
2.000138542247169e-03	1.567591e+01	1.567591e-02
2.000138917947863e-03	1.571992e+01	1.571992e-02
2.000139170015832e-03	1.575434e+01	1.575434e-02
2.000139357502471e-03	1.577831e+01	1.577831e-02
2.000139462378432e-03	1.579237e+01	1.579237e-02
2.000139559855522e-03	1.580497e+01	1.580497e-02
2.000139655310496e-03	1.581701e+01	1.581701e-02
2.000139760445185e-03	1.583038e+01	1.583038e-02
2.000139915177983e-03	1.584947e+01	1.584947e-02
2.000140156441188e-03	1.587885e+01	1.587885e-02
2.000140567889503e-03	1.592658e+01	1.592658e-02
2.000141390786133e-03	1.601646e+01	1.601646e-02
2.000142341268803e-03	1.611492e+01	1.611492e-02
2.000142985649499e-03	1.617869e+01	1.617869e-02
2.000143723324414e-03	1.625005e+01	1.625005e-02
2.000144433697126e-03	1.631870e+01	1.631870e-02
2.000145306611692e-03	1.640385e+01	1.640386e-02
2.000147052440824e-03	1.657798e+01	1.657799e-02
2.000150544099088e-03	1.693792e+01	1.693792e-02
2.000154424793827e-03	1.735646e+01	1.735646e-02
2.000159047269682e-03	1.788389e+01	1.788389e-02
2.000164704852543e-03	1.857730e+01	1.857730e-02
2.000173887689154e-03	1.983214e+01	1.983214e-02
2.000192253362377e-03	2.269204e+01	2.269204e-02
2.000210076133103e-03	2.586134e+01	2.586135e-02
2.000226134930167e-03	2.908285e+01	2.908285e-02
2.000244926008328e-03	3.316460e+01	3.316460e-02
2.000256872070205e-03	3.586717e+01	3.586718e-02
2.000269118686469e-03	3.866680e+01	3.866680e-02
2.000280148733369e-03	4.110376e+01	4.110377e-02
2.000302208827169e-03	4.558300e+01	4.558300e-02
2.000323414945062e-03	4.924504e+01	4.924504e-02
2.000346910135526e-03	5.245257e+01	5.245258e-02
2.000361809946701e-03	5.398834e+01	5.398834e-02
2.000376613140898e-03	5.509227e+01	5.509227e-02
2.000395222557523e-03	5.604992e+01	5.604993e-02
2.000423737954024e-03	5.697432e+01	5.697432e-02
2.000442938542100e-03	5.732626e+01	5.732626e-02
2.000450190017029e-03	5.739003e+01	5.739003e-02
2.000453736246523e-03	5.740735e+01	5.740736e-02
2.000456342867757e-03	5.741653e+01	5.741654e-02
2.000459654893556e-03	5.742420e+01	5.742421e-02
2.000464251880591e-03	5.742981e+01	5.742981e-02
2.000469174426436e-03	5.742873e+01	5.742873e-02
2.000477541925541e-03	5.741294e+01	5.741294e-02
2.000486261219052e-03	5.738040e+01	5.738041e-02
2.000501257514334e-03	5.729495e+01	5.729496e-02
2.000516759951627e-03	5.717756e+01	5.717756e-02
2.000534461199527e-03	5.701224e+01	5.701225e-02
2.000553038837230e-03	5.681148e+01	5.681149e-02
2.000570662968246e-03	5.659770e+01	5.659770e-02
2.000591298138288e-03	5.632148e+01	5.632149e-02
2.000613063802145e-03	5.600066e+01	5.600067e-02
2.000639914936066e-03	5.556369e+01	5.556369e-02
2.000664084481550e-03	5.512648e+01	5.512649e-02
2.000689365018604e-03	5.461354e+01	5.461354e-02
2.000714745263405e-03	5.402769e+01	5.402770e-02
2.000744580690042e-03	5.322497e+01	5.322497e-02
2.000778950379550e-03	5.210540e+01	5.210540e-02
2.000824577833802e-03	5.024604e+01	5.024604e-02
2.000888869852632e-03	4.710175e+01	4.710175e-02
2.000949430156125e-03	4.386595e+01	4.386595e-02
2.001021918281854e-03	3.999940e+01	3.999941e-02
2.001100664692041e-03	3.601917e+01	3.601918e-02
2.001176169593494e-03	3.242271e+01	3.242272e-02
2.001237017228093e-03	2.965716e+01	2.965716e-02
2.001286042267753e-03	2.751118e+01	2.751119e-02
2.001337900063472e-03	2.535014e+01	2.535014e-02
2.001386324580196e-03	2.353627e+01	2.353627e-02
2.001443315991307e-03	2.176491e+01	2.176492e-02
2.001509260572168e-03	2.012211e+01	2.012211e-02
2.001563514070748e-03	1.903648e+01	1.903648e-02
2.001627379702281e-03	1.798864e+01	1.798864e-02
2.001688225350574e-03	1.714474e+01	1.714475e-02
2.001747430247887e-03	1.643921e+01	1.643921e-02
2.001793338749972e-03	1.595696e+01	1.595696e-02
2.001823041391216e-03	1.567419e+01	1.567419e-02
2.001858088832560e-03	1.536164e+01	1.536164e-02
2.001893619937982e-03	1.506244e+01	1.506245e-02
2.001931990167620e-03	1.476431e+01	1.476431e-02
2.002008730626897e-03	1.422311e+01	1.422311e-02
2.002091016068264e-03	1.371216e+01	1.371217e-02
2.002236052169476e-03	1.294121e+01	1.294121e-02
2.002382007869972e-03	1.227896e+01	1.227896e-02
2.002522680352154e-03	1.172137e+01	1.172137e-02
2.002546400812204e-03	1.163556e+01	1.163556e-02
2.002577609816048e-03	1.152906e+01	1.152906e-02
2.002613251509116e-03	1.141092e+01	1.141092e-02
2.002650676790620e-03	1.129075e+01	1.129075e-02
2.002691079835190e-03	1.116559e+01	1.116559e-02
2.002746601387278e-03	1.100031e+01	1.100031e-02
2.002808474641724e-03	1.082423e+01	1.082423e-02
2.002883403044565e-03	1.062144e+01	1.062144e-02
2.002961618377295e-03	1.042224e+01	1.042224e-02
2.003091022042154e-03	1.011492e+01	1.011492e-02
2.003226669587463e-03	9.817954e+00	9.817955e-03
2.003416281654550e-03	9.440832e+00	9.440834e-03
2.003650784179663e-03	9.021335e+00	9.021335e-03
2.003953648958902e-03	8.541461e+00	8.541462e-03
2.004350685753024e-03	7.991860e+00	7.991861e-03
2.004875475675561e-03	7.369725e+00	7.369725e-03
2.005662747304059e-03	6.594257e+00	6.594258e-03
2.006921503587231e-03	5.585773e+00	5.585773e-03
2.008157506347943e-03	4.898331e+00	4.898332e-03
2.008946878771354e-03	4.879640e+00	4.879640e-03
2.009567064976841e-03	5.239559e+00	5.239559e-03
2.009948964881431e-03	5.532393e+00	5.532394e-03
2.010324775358378e-03	5.802066e+00	5.802067e-03
2.010683180528732e-03	6.055207e+00	6.055208e-03
2.011038619873136e-03	6.250577e+00	6.250578e-03
2.011345515873479e-03	6.310993e+00	6.310993e-03
2.011586020148105e-03	6.277114e+00	6.277115e-03
2.011886382521494e-03	6.190914e+00	6.190915e-03
2.011965237925737e-03	6.169028e+00	6.169029e-03
2.012013672798536e-03	6.156774e+00	6.156775e-03
2.012025314829243e-03	6.153788e+00	6.153789e-03
2.012040569369091e-03	6.149764e+00	6.149765e-03
2.012059047002458e-03	6.144773e+00	6.144774e-03
2.012082490220162e-03	6.138241e+00	6.138242e-03
2.012105760849466e-03	6.131540e+00	6.131541e-03
2.012134354407799e-03	6.123039e+00	6.123040e-03
2.012165229940495e-03	6.113609e+00	6.113610e-03
2.012209680446257e-03	6.099819e+00	6.099820e-03
2.012284759482718e-03	6.076656e+00	6.076657e-03
2.012364391354876e-03	6.052792e+00	6.052793e-03
2.012447739042966e-03	6.028818e+00	6.028819e-03
2.012563985286349e-03	5.996253e+00	5.996253e-03
2.012796477773116e-03	5.931553e+00	5.931554e-03
2.013057658519282e-03	5.859843e+00	5.859843e-03
2.013344459514320e-03	5.783605e+00	5.783605e-03
2.013766152087372e-03	5.675516e+00	5.675517e-03
2.014204591950722e-03	5.567894e+00	5.567895e-03
2.014865619993169e-03	5.416137e+00	5.416138e-03
2.016055943453145e-03	5.168591e+00	5.168591e-03
2.017858551938610e-03	4.844386e+00	4.844387e-03
2.020265070352868e-03	4.493112e+00	4.493113e-03
2.023653603518726e-03	4.122174e+00	4.122174e-03
2.028322010648341e-03	3.769339e+00	3.769339e-03
2.033574288341084e-03	3.514253e+00	3.514254e-03
2.038352365441892e-03	3.372544e+00	3.372545e-03
2.043061224540293e-03	3.288013e+00	3.288014e-03
2.047677000064343e-03	3.236809e+00	3.236809e-03
2.052471360396302e-03	3.203898e+00	3.203898e-03
2.057226526647847e-03	3.183715e+00	3.183715e-03
2.062081777199305e-03	3.171087e+00	3.171087e-03
2.066932394441044e-03	3.163380e+00	3.163381e-03
2.071939024183238e-03	3.158567e+00	3.158568e-03
2.077066454406764e-03	3.155607e+00	3.155608e-03
2.082491205566061e-03	3.153756e+00	3.153757e-03
2.088271533190724e-03	3.152637e+00	3.152638e-03
2.094685513296179e-03	3.151981e+00	3.151981e-03
2.101747491212925e-03	3.151621e+00	3.151621e-03
2.108137858531750e-03	3.151456e+00	3.151456e-03
2.115054873010407e-03	3.151355e+00	3.151356e-03
2.124541270235613e-03	3.151264e+00	3.151265e-03
2.129518993361696e-03	3.151233e+00	3.151233e-03
2.131210381925590e-03	3.151233e+00	3.151233e-03
2.132908755151808e-03	3.151230e+00	3.151230e-03
2.133421834125709e-03	3.151218e+00	3.151218e-03
2.133757459835277e-03	3.151250e+00	3.151250e-03
2.133929286502204e-03	3.151251e+00	3.151251e-03
2.134070355909656e-03	3.151220e+00	3.151221e-03
2.134205445479911e-03	3.151214e+00	3.151214e-03
2.134340278168469e-03	3.151228e+00	3.151229e-03
2.134535270496071e-03	3.151236e+00	3.151236e-03
2.134836221113081e-03	3.151229e+00	3.151229e-03
2.135319942040580e-03	3.151227e+00	3.151228e-03
2.136119734607371e-03	3.151228e+00	3.151229e-03
2.137448452459920e-03	3.151226e+00	3.151226e-03
2.139918092835310e-03	3.151238e+00	3.151238e-03
2.144563678107008e-03	3.151260e+00	3.151261e-03
2.153854848650401e-03	3.151251e+00	3.151251e-03
2.165573598650401e-03	3.151247e+00	3.151248e-03
2.177292348650401e-03	3.151243e+00	3.151244e-03
2.189011098650401e-03	3.151230e+00	3.151231e-03
2.200729848650401e-03	3.151240e+00	3.151241e-03
2.212448598650401e-03	3.151237e+00	3.151237e-03
2.221410140975104e-03	3.151199e+00	3.151200e-03
2.225703715512982e-03	3.151181e+00	3.151181e-03
2.228057274288131e-03	3.151187e+00	3.151187e-03
2.231099461796664e-03	3.151203e+00	3.151203e-03
2.233962243566411e-03	3.151194e+00	3.151195e-03
2.236672649663723e-03	3.151267e+00	3.151267e-03
2.237113157935719e-03	3.151225e+00	3.151225e-03
2.237994174479710e-03	3.151075e+00	3.151075e-03
2.238674784707543e-03	3.150959e+00	3.150960e-03
2.239260366058666e-03	3.150740e+00	3.150740e-03
2.239750876626421e-03	3.150254e+00	3.150255e-03
2.240133992068486e-03	3.149088e+00	3.149088e-03
2.240285078483214e-03	3.147795e+00	3.147796e-03
2.240399661611018e-03	3.146199e+00	3.146199e-03
2.240487463007517e-03	3.144955e+00	3.144955e-03
2.240581347920214e-03	3.143817e+00	3.143817e-03
2.240732839087939e-03	3.141863e+00	3.141863e-03
2.240917085161259e-03	3.138277e+00	3.138277e-03
2.241285078999007e-03	3.126914e+00	3.126914e-03
2.241699007381713e-03	3.104715e+00	3.104715e-03
2.242350479170865e-03	3.043316e+00	3.043316e-03
2.243033532234293e-03	2.937335e+00	2.937336e-03
2.243789302137619e-03	2.765378e+00	2.765378e-03
2.244573806921241e-03	2.540737e+00	2.540737e-03
2.245586919726412e-03	2.225749e+00	2.225749e-03
2.246587376668204e-03	1.922788e+00	1.922788e-03
2.247640803465277e-03	1.627464e+00	1.627465e-03
2.249005533589873e-03	1.287906e+00	1.287906e-03
2.251734993839064e-03	7.306457e-01	7.306457e-04
2.254814097661459e-03	2.755621e-01	2.755621e-04
2.256614142230183e-03	1.177300e-01	1.177300e-04
2.257858546370214e-03	6.215942e-02	6.215943e-05
2.258791786671666e-03	3.888804e-02	3.888804e-05
2.259757230508170e-03	2.436902e-02	2.436902e-05
2.260794650223894e-03	1.470089e-02	1.470089e-05
2.261777790322739e-03	9.080111e-03	9.080112e-06
2.262688913083159e-03	5.904502e-03	5.904502e-06
2.263656700344600e-03	3.810728e-03	3.810729e-06
2.264528093783512e-03	2.631493e-03	2.631493e-06
2.265584895337442e-03	1.748985e-03	1.748985e-06
2.266592228510485e-03	1.241661e-03	1.241661e-06
2.268148909711259e-03	8.019543e-04	8.019543e-07
2.269723321245835e-03	5.632482e-04	5.632482e-07
2.272356663714019e-03	3.717182e-04	3.717182e-07
2.275611850016105e-03	2.491452e-04	2.491452e-07
2.280012364354513e-03	1.583121e-04	1.583121e-07
2.284766253775679e-03	9.880940e-05	9.880942e-08
2.289804804462066e-03	6.029810e-05	6.029811e-08
2.294430962772722e-03	3.863892e-05	3.863893e-08
2.299172002568323e-03	2.503325e-05	2.503325e-08
2.303786484294874e-03	1.679465e-05	1.679466e-08
2.308561589540661e-03	1.151662e-05	1.151662e-08
2.313229045085270e-03	8.316638e-06	8.316638e-09
2.317981266975007e-03	6.310920e-06	6.310920e-09
2.322653357989076e-03	5.096542e-06	5.096542e-09
2.327391553852944e-03	4.346300e-06	4.346300e-09
2.332078378358233e-03	3.897263e-06	3.897263e-09
2.336811445274237e-03	3.630853e-06	3.630854e-09
2.341511016848676e-03	3.480260e-06	3.480260e-09
2.346243406720549e-03	3.402837e-06	3.402837e-09
2.350962589996785e-03	3.370379e-06	3.370379e-09
2.355706811271174e-03	3.368699e-06	3.368700e-09
2.360468019653550e-03	3.384897e-06	3.384898e-09
2.365252450332398e-03	3.415754e-06	3.415755e-09
2.370116815859969e-03	3.454446e-06	3.454446e-09
2.375013899425919e-03	3.502486e-06	3.502486e-09
2.380142010420018e-03	3.555510e-06	3.555511e-09
2.385332370083133e-03	3.617633e-06	3.617634e-09
2.391129377255318e-03	3.687210e-06	3.687210e-09
2.397030898615581e-03	3.768848e-06	3.768848e-09
2.404484640772686e-03	3.871930e-06	3.871931e-09
2.411997246021865e-03	3.992194e-06	3.992194e-09
2.423640826702131e-03	4.187772e-06	4.187773e-09
2.434883550380613e-03	4.403329e-06	4.403330e-09
2.446602300380613e-03	4.661655e-06	4.661656e-09
2.458321050380613e-03	4.959342e-06	4.959342e-09
2.470039800380613e-03	5.311603e-06	5.311604e-09
2.481758550380613e-03	5.730367e-06	5.730368e-09
2.493477300380613e-03	6.245119e-06	6.245120e-09
2.505196050380613e-03	6.886504e-06	6.886505e-09
2.516914800380613e-03	7.726884e-06	7.726885e-09
2.528633550380613e-03	8.855046e-06	8.855046e-09
2.540352300380613e-03	1.050896e-05	1.050896e-08
2.552071050380613e-03	1.314831e-05	1.314831e-08
2.563789800380613e-03	1.838258e-05	1.838258e-08
2.575508550380613e-03	3.078828e-05	3.078828e-08
2.583006807341802e-03	5.558880e-05	5.558880e-08
2.587105745766127e-03	1.097811e-04	1.097811e-07
2.590190556270742e-03	3.107124e-04	3.107124e-07
2.592026457900897e-03	9.402277e-04	9.402278e-07
2.593189582960670e-03	2.554735e-03	2.554735e-06
2.593852809116769e-03	5.571513e-03	5.571513e-06
2.594386602635351e-03	1.187762e-02	1.187762e-05
2.594930371112107e-03	2.511455e-02	2.511455e-05
2.595439595945581e-03	4.722182e-02	4.722182e-05
2.596010233502543e-03	9.858164e-02	9.858164e-05
2.596262623619649e-03	1.695429e-01	1.695430e-04
2.596442445436565e-03	2.733771e-01	2.733771e-04
2.596515751020867e-03	3.262419e-01	3.262419e-04
2.596580818702570e-03	3.688740e-01	3.688740e-04
2.596631765374527e-03	3.943305e-01	3.943306e-04
2.596694073504723e-03	4.158820e-01	4.158820e-04
2.596753759159965e-03	4.287330e-01	4.287330e-04
2.596822391990121e-03	4.361912e-01	4.361912e-04
2.596893221079650e-03	4.380596e-01	4.380597e-04
2.597014132858465e-03	4.336820e-01	4.336821e-04
2.597145418120917e-03	4.234196e-01	4.234196e-04
2.597268993297094e-03	4.103095e-01	4.103095e-04
2.597412717928435e-03	3.929294e-01	3.929294e-04
2.597642191131300e-03	3.639659e-01	3.639659e-04
2.597999891602889e-03	3.197269e-01	3.197269e-04
2.598377802657569e-03	2.771938e-01	2.771938e-04
2.599035138075520e-03	2.157807e-01	2.157807e-04
2.599953902474174e-03	1.538513e-01	1.538513e-04
2.600953390778513e-03	1.264149e-01	1.264149e-04
2.601829669225775e-03	1.616169e-01	1.616170e-04
2.602675711311693e-03	2.551520e-01	2.551520e-04
2.603107829082639e-03	3.064936e-01	3.064936e-04
2.603602333542628e-03	3.385316e-01	3.385317e-04
2.603892440969088e-03	3.387554e-01	3.387554e-04
2.604251272284875e-03	3.252683e-01	3.252683e-04
2.604637771615225e-03	3.063286e-01	3.063286e-04
2.605060878873393e-03	2.864746e-01	2.864746e-04
2.605662917792901e-03	2.670831e-01	2.670831e-04
2.606293879058381e-03	2.638902e-01	2.638902e-04
2.607148485124890e-03	2.834273e-01	2.834273e-04
2.608194974542848e-03	3.147251e-01	3.147251e-04
2.609203375807351e-03	3.280846e-01	3.280847e-04
2.610157010218751e-03	3.233385e-01	3.233386e-04
2.611152434451807e-03	3.183230e-01	3.183231e-04
2.612420725772524e-03	3.249600e-01	3.249600e-04
2.613688716501073e-03	3.351236e-01	3.351237e-04
2.615598929234791e-03	3.403048e-01	3.403048e-04
2.617422051274336e-03	3.406347e-01	3.406347e-04
2.619406568630563e-03	3.438312e-01	3.438312e-04
2.621864114139443e-03	3.461742e-01	3.461743e-04
2.624963295427242e-03	3.442470e-01	3.442470e-04
2.628611883884600e-03	3.410331e-01	3.410331e-04
2.633897861733491e-03	3.333571e-01	3.333571e-04
2.640473344468856e-03	3.207048e-01	3.207049e-04
2.647124495090692e-03	3.069994e-01	3.069994e-04
2.655748546908606e-03	2.890980e-01	2.890980e-04
2.665947996884010e-03	2.703351e-01	2.703351e-04
2.677666746884010e-03	2.523419e-01	2.523419e-04
2.689385496884010e-03	2.384608e-01	2.384608e-04
2.701104246884010e-03	2.281468e-01	2.281468e-04
2.712822996884010e-03	2.207868e-01	2.207869e-04
2.724541746884010e-03	2.155831e-01	2.155831e-04
2.736260496884010e-03	2.119693e-01	2.119693e-04
2.747979246884010e-03	2.095082e-01	2.095082e-04
2.759697996884010e-03	2.077920e-01	2.077920e-04
2.771416746884010e-03	2.066782e-01	2.066782e-04
2.783135496884010e-03	2.058718e-01	2.058718e-04
2.794854246884010e-03	2.053849e-01	2.053849e-04
2.806572996884010e-03	2.050081e-01	2.050081e-04
2.818291746884010e-03	2.047985e-01	2.047985e-04
2.830010496884010e-03	2.046278e-01	2.046279e-04
2.841729246884011e-03	2.045331e-01	2.045331e-04
2.853447996884011e-03	2.044643e-01	2.044643e-04
2.865166746884011e-03	2.044131e-01	2.044131e-04
2.876885496884011e-03	2.043947e-01	2.043947e-04
2.888604246884011e-03	2.043596e-01	2.043596e-04
2.900322996884011e-03	2.043637e-01	2.043638e-04
2.912041746884011e-03	2.043374e-01	2.043374e-04
2.923760496884011e-03	2.043480e-01	2.043480e-04
2.935479246884010e-03	2.043302e-01	2.043302e-04
2.947197996884010e-03	2.043383e-01	2.043383e-04
2.958916746884010e-03	2.043300e-01	2.043300e-04
2.970635496884010e-03	2.043316e-01	2.043316e-04
2.982354246884010e-03	2.043321e-01	2.043321e-04
2.994072996884010e-03	2.043271e-01	2.043272e-04
3.005791746884010e-03	2.043337e-01	2.043337e-04
3.017510496884010e-03	2.043248e-01	2.043248e-04
3.029229246884010e-03	2.043337e-01	2.043337e-04
3.040947996884010e-03	2.043243e-01	2.043243e-04
3.052666746884010e-03	2.043322e-01	2.043322e-04
3.064385496884010e-03	2.043254e-01	2.043254e-04
3.076104246884010e-03	2.043300e-01	2.043300e-04
3.087822996884010e-03	2.043273e-01	2.043274e-04
3.099541746884010e-03	2.043279e-01	2.043279e-04
3.111260496884010e-03	2.043292e-01	2.043293e-04
3.122979246884010e-03	2.043264e-01	2.043264e-04
3.134697996884010e-03	2.043305e-01	2.043305e-04
3.146416746884010e-03	2.043258e-01	2.043258e-04
3.158135496884010e-03	2.043307e-01	2.043307e-04
3.169854246884010e-03	2.043262e-01	2.043262e-04
3.181572996884010e-03	2.043302e-01	2.043302e-04
3.193291746884010e-03	2.043271e-01	2.043272e-04
3.205010496884010e-03	2.043292e-01	2.043292e-04
3.216729246884010e-03	2.043283e-01	2.043283e-04
3.228447996884010e-03	2.043281e-01	2.043282e-04
3.240166746884010e-03	2.043292e-01	2.043292e-04
3.251885496884010e-03	2.043274e-01	2.043274e-04
3.263604246884010e-03	2.043296e-01	2.043297e-04
3.275322996884010e-03	2.043271e-01	2.043271e-04
3.287041746884010e-03	2.043296e-01	2.043296e-04
3.298760496884010e-03	2.043272e-01	2.043272e-04
3.310479246884010e-03	2.043291e-01	2.043291e-04
3.322197996884010e-03	2.043277e-01	2.043277e-04
3.333916746884011e-03	2.043285e-01	2.043285e-04
3.345635496884011e-03	2.043282e-01	2.043283e-04
3.357354246884011e-03	2.043280e-01	2.043280e-04
3.369072996884011e-03	2.043287e-01	2.043287e-04
3.380791746884011e-03	2.043276e-01	2.043277e-04
3.392510496884011e-03	2.043289e-01	2.043290e-04
3.404229246884011e-03	2.043276e-01	2.043276e-04
3.415947996884010e-03	2.043289e-01	2.043289e-04
3.427666746884010e-03	2.043278e-01	2.043278e-04
3.439385496884010e-03	2.043287e-01	2.043287e-04
3.451104246884010e-03	2.043281e-01	2.043281e-04
3.462822996884010e-03	2.043284e-01	2.043284e-04
3.474541746884010e-03	2.043284e-01	2.043284e-04
3.486260496884010e-03	2.043281e-01	2.043282e-04
3.497979246884010e-03	2.043286e-01	2.043286e-04
3.509697996884010e-03	2.043280e-01	2.043280e-04
3.521416746884010e-03	2.043287e-01	2.043287e-04
3.533135496884010e-03	2.043280e-01	2.043280e-04
3.544854246884010e-03	2.043286e-01	2.043286e-04
3.556572996884010e-03	2.043280e-01	2.043281e-04
3.568291746884010e-03	2.043284e-01	2.043285e-04
3.580010496884010e-03	2.043282e-01	2.043282e-04
3.591729246884010e-03	2.043283e-01	2.043283e-04
3.603447996884010e-03	2.043283e-01	2.043284e-04
3.615166746884010e-03	2.043281e-01	2.043282e-04
3.626885496884010e-03	2.043284e-01	2.043285e-04
3.638604246884010e-03	2.043281e-01	2.043281e-04
3.650322996884010e-03	2.043285e-01	2.043285e-04
3.662041746884010e-03	2.043281e-01	2.043281e-04
3.673760496884010e-03	2.043284e-01	2.043285e-04
3.685479246884010e-03	2.043282e-01	2.043282e-04
3.697197996884010e-03	2.043284e-01	2.043284e-04
3.708916746884010e-03	2.043283e-01	2.043283e-04
3.720635496884010e-03	2.043283e-01	2.043283e-04
3.732354246884010e-03	2.043284e-01	2.043284e-04
3.744072996884010e-03	2.043282e-01	2.043282e-04
3.755791746884010e-03	2.043284e-01	2.043284e-04
3.767510496884010e-03	2.043282e-01	2.043282e-04
3.779229246884010e-03	2.043284e-01	2.043284e-04
3.802666746884010e-03	2.043284e-01	2.043284e-04
3.814385496884010e-03	2.043282e-01	2.043283e-04
3.826104246884011e-03	2.043283e-01	2.043283e-04
3.837822996884011e-03	2.043283e-01	2.043283e-04
3.849541746884011e-03	2.043283e-01	2.043283e-04
3.861260496884011e-03	2.043283e-01	2.043283e-04
3.872979246884011e-03	2.043282e-01	2.043283e-04
3.884697996884011e-03	2.043283e-01	2.043284e-04
3.896416746884011e-03	2.043282e-01	2.043283e-04
3.908135496884011e-03	2.043283e-01	2.043284e-04
3.919854246884010e-03	2.043283e-01	2.043283e-04
3.931572996884011e-03	2.043283e-01	2.043283e-04
3.943291746884010e-03	2.043283e-01	2.043283e-04
3.955010496884011e-03	2.043283e-01	2.043283e-04
3.966729246884010e-03	2.043283e-01	2.043283e-04
3.978447996884011e-03	2.043283e-01	2.043283e-04
3.988281250000000e-03	2.043283e-01	2.043284e-04
4.000000000000000e-03	1.321434e-01	3.099498e-02
4.004867237890183e-03	3.174084e-02	6.141990e-02
4.007061033023147e-03	5.541108e-12	5.486245e-02
4.008279141039608e-03	4.337852e-12	4.294902e-02
4.008866802153555e-03	4.031984e-12	3.992062e-02
4.009196496212762e-03	3.908072e-12	3.869377e-02
4.009388617392513e-03	3.848743e-12	3.810636e-02
4.009478775692353e-03	3.823421e-12	3.785565e-02
4.009544705697164e-03	3.804851e-12	3.767180e-02
4.009599607023458e-03	3.790630e-12	3.753100e-02
4.009659363540512e-03	3.775936e-12	3.738552e-02
4.009728851492824e-03	3.759430e-12	3.722209e-02
4.009805435165105e-03	3.742134e-12	3.705084e-02
4.009958602509667e-03	3.709747e-12	3.673017e-02
4.010099011293997e-03	3.683056e-12	3.646590e-02
4.010379828862657e-03	3.638380e-12	3.602356e-02
4.010808187814872e-03	3.590553e-12	3.555003e-02
4.011505523212821e-03	3.593916e-12	3.558332e-02
4.012900194008716e-03	3.985173e-12	3.945716e-02
4.014819237124550e-03	5.158720e-12	5.107643e-02
4.016614205828011e-03	6.327583e-12	6.264935e-02
4.018230948323626e-03	6.763729e-12	6.696764e-02
4.019776912840328e-03	6.611006e-12	6.545551e-02
4.021349949920868e-03	6.495453e-12	6.431141e-02
4.022671966950587e-03	6.721255e-12	6.654709e-02
4.024083133540851e-03	7.199915e-12	7.128630e-02
4.025819484261119e-03	7.764035e-12	7.687164e-02
4.027432301942147e-03	8.080585e-12	8.000579e-02
4.029345638784876e-03	8.312186e-12	8.229887e-02
4.031900322914131e-03	8.719257e-12	8.632926e-02
4.034631679360599e-03	9.280048e-12	9.188166e-02
4.037953708786011e-03	9.926011e-12	9.827736e-02
4.041637783086130e-03	1.057247e-11	1.046780e-01
4.045420700963235e-03	1.126867e-11	1.115710e-01
4.050280610232659e-03	1.217808e-11	1.205751e-01
4.056723618143034e-03	1.334926e-11	1.321709e-01
4.064652149814909e-03	1.479762e-11	1.465110e-01
4.074057336804450e-03	1.651173e-11	1.634824e-01
4.085657482577229e-03	1.861648e-11	1.843216e-01
4.097376232577229e-03	2.074226e-11	2.053689e-01
4.109094982577229e-03	2.286274e-11	2.263638e-01
4.120813732577229e-03	2.498404e-11	2.473667e-01
4.132532482577229e-03	2.710189e-11	2.683355e-01
4.144251232577229e-03	2.922031e-11	2.893100e-01
4.155969982577229e-03	3.133778e-11	3.102751e-01
4.167688732577229e-03	3.345469e-11	3.312345e-01
4.179407482577229e-03	3.557219e-11	3.521999e-01
4.191126232577229e-03	3.768843e-11	3.731528e-01
4.202844982577229e-03	3.980573e-11	3.941161e-01
4.214563732577229e-03	4.192193e-11	4.150687e-01
4.226282482577229e-03	4.403884e-11	4.360282e-01
4.238001232577229e-03	4.615534e-11	4.569836e-01
4.249719982577229e-03	4.827185e-11	4.779392e-01
4.261438732577229e-03	5.038860e-11	4.988970e-01
4.273157482577229e-03	5.250490e-11	5.198504e-01
4.284876232577229e-03	5.462167e-11	5.408086e-01
4.296594982577229e-03	5.673794e-11	5.617619e-01
4.308313732577229e-03	5.885460e-11	5.827188e-01
4.320032482577229e-03	6.097102e-11	6.036733e-01
4.331751232577229e-03	6.308751e-11	6.246286e-01
4.343469982577229e-03	6.520402e-11	6.455842e-01
4.355188732577229e-03	6.732038e-11	6.665384e-01
4.366907482577229e-03	6.943693e-11	6.874944e-01
4.378626232577229e-03	7.155326e-11	7.084483e-01
4.390344982577229e-03	7.366979e-11	7.294039e-01
4.402063732577229e-03	7.578616e-11	7.503582e-01
4.413782482577229e-03	7.790259e-11	7.713130e-01
4.425501232577229e-03	8.001901e-11	7.922677e-01
4.437219982577229e-03	8.213539e-11	8.132218e-01
4.448938732577229e-03	8.425183e-11	8.341767e-01
4.460657482577229e-03	8.636818e-11	8.551306e-01
4.472376232577229e-03	8.848461e-11	8.760852e-01
4.484094982577229e-03	9.060095e-11	8.970391e-01
4.495813732577229e-03	9.271731e-11	9.179932e-01
4.507532482577229e-03	9.483366e-11	9.389472e-01
4.519251232577229e-03	9.695000e-11	9.599011e-01
4.530969982577229e-03	9.906635e-11	9.808550e-01
4.542688732577229e-03	1.011827e-10	1.001809e+00
4.554407482577229e-03	1.032990e-10	1.022763e+00
4.566126232577229e-03	1.054153e-10	1.043716e+00
4.577844982577229e-03	1.075316e-10	1.064670e+00
4.589563732577229e-03	1.096479e-10	1.085623e+00
4.601282482577229e-03	1.117642e-10	1.106576e+00
4.613001232577229e-03	1.138805e-10	1.127530e+00
4.624719982577229e-03	1.159967e-10	1.148483e+00
4.636438732577229e-03	1.181130e-10	1.169436e+00
4.648157482577229e-03	1.202292e-10	1.190389e+00
4.659876232577229e-03	1.223455e-10	1.211342e+00
4.671594982577229e-03	1.244617e-10	1.232295e+00
4.683313732577229e-03	1.265780e-10	1.253247e+00
4.695032482577229e-03	1.286942e-10	1.274200e+00
4.706751232577229e-03	1.308104e-10	1.295153e+00
4.718469982577229e-03	1.329267e-10	1.316105e+00
4.730188732577229e-03	1.350429e-10	1.337058e+00
4.741907482577229e-03	1.371590e-10	1.358010e+00
4.753626232577229e-03	1.392752e-10	1.378963e+00
4.765344982577229e-03	1.413914e-10	1.399915e+00
4.788782482577229e-03	1.456237e-10	1.441819e+00
4.800501232577229e-03	1.477398e-10	1.462771e+00
4.812219982577229e-03	1.498560e-10	1.483723e+00
4.823938732577229e-03	1.519721e-10	1.504675e+00
4.835657482577229e-03	1.540883e-10	1.525627e+00
4.847376232577229e-03	1.562044e-10	1.546578e+00
4.859094982577229e-03	1.583205e-10	1.567530e+00
4.870813732577229e-03	1.604366e-10	1.588481e+00
4.882532482577229e-03	1.625527e-10	1.609433e+00
4.894251232577229e-03	1.646688e-10	1.630384e+00
4.905969982577229e-03	1.667848e-10	1.651335e+00
4.917688732577229e-03	1.689009e-10	1.672287e+00
4.929407482577229e-03	1.710170e-10	1.693238e+00
4.941126232577229e-03	1.731330e-10	1.714189e+00
4.952844982577229e-03	1.752491e-10	1.735140e+00
4.964563732577229e-03	1.773652e-10	1.756091e+00
4.976282482577229e-03	1.794812e-10	1.777042e+00
4.988001232577229e-03	1.815972e-10	1.797992e+00
4.988841284845542e-03	1.817489e-10	1.799494e+00
4.989591559929413e-03	1.818844e-10	1.800835e+00
4.990381064912000e-03	1.820269e-10	1.802247e+00
4.991714663176049e-03	1.822677e-10	1.804631e+00
4.993258929992543e-03	1.825466e-10	1.807392e+00
4.995534134307231e-03	1.829574e-10	1.811460e+00
4.996861917267538e-03	1.831972e-10	1.813833e+00
4.997344434079385e-03	1.832843e-10	1.814696e+00
4.998309467703080e-03	1.834585e-10	1.816421e+00
5.000000000000000e-03	1.837638e-10	1.819444e+00
5.001659404893542e-03	1.840634e-10	1.822410e+00
5.004978214680625e-03	1.846627e-10	1.828344e+00
5.009165779172340e-03	1.854188e-10	1.835830e+00
5.015663674786725e-03	1.865921e-10	1.847447e+00
5.027382424786724e-03	1.887081e-10	1.868397e+00
5.039101174786725e-03	1.908241e-10	1.889348e+00
5.050819924786724e-03	1.929401e-10	1.910298e+00
5.062538674786725e-03	1.950561e-10	1.931248e+00
5.074257424786724e-03	1.971720e-10	1.952199e+00
5.085976174786725e-03	1.992880e-10	1.973149e+00
5.097694924786724e-03	2.014040e-10	1.994099e+00
5.109413674786725e-03	2.035199e-10	2.015049e+00
5.121132424786724e-03	2.056359e-10	2.035998e+00
5.132851174786725e-03	2.077518e-10	2.056948e+00
5.144569924786725e-03	2.098677e-10	2.077898e+00
5.156288674786725e-03	2.119837e-10	2.098848e+00
5.168007424786725e-03	2.140996e-10	2.119797e+00
5.179726174786725e-03	2.162154e-10	2.140747e+00
5.191444924786725e-03	2.183313e-10	2.161696e+00
5.203163674786725e-03	2.204471e-10	2.182645e+00
5.214882424786725e-03	2.225631e-10	2.203595e+00
5.226601174786725e-03	2.246790e-10	2.224544e+00
5.238319924786725e-03	2.267948e-10	2.245493e+00
5.250038674786725e-03	2.289106e-10	2.266442e+00
5.261757424786725e-03	2.310265e-10	2.287391e+00
5.273476174786725e-03	2.331423e-10	2.308340e+00
5.296913674786725e-03	2.373740e-10	2.350237e+00
5.308632424786725e-03	2.394898e-10	2.371186e+00
5.320351174786725e-03	2.416056e-10	2.392135e+00
5.332069924786725e-03	2.437213e-10	2.413083e+00
5.343788674786725e-03	2.458372e-10	2.434031e+00
5.355507424786725e-03	2.479529e-10	2.454980e+00
5.367226174786725e-03	2.500687e-10	2.475928e+00
5.390663674786725e-03	2.543003e-10	2.517824e+00
5.402382424786725e-03	2.564160e-10	2.538773e+00
5.425819924786725e-03	2.606474e-10	2.580668e+00
5.437538674786725e-03	2.627632e-10	2.601616e+00
5.449257424786725e-03	2.648790e-10	2.622564e+00
5.460976174786725e-03	2.669948e-10	2.643512e+00
5.484413674786724e-03	2.712260e-10	2.685407e+00
5.496132424786725e-03	2.733417e-10	2.706354e+00
5.519569924786725e-03	2.775731e-10	2.748249e+00
5.531288674786724e-03	2.796888e-10	2.769196e+00
5.554726174786724e-03	2.839201e-10	2.811090e+00
5.578163674786724e-03	2.881514e-10	2.852984e+00
5.589882424786725e-03	2.902670e-10	2.873931e+00
5.613319924786725e-03	2.944983e-10	2.915825e+00
5.625038674786725e-03	2.966139e-10	2.936771e+00
5.648476174786725e-03	3.008451e-10	2.978664e+00
5.671913674786725e-03	3.050763e-10	3.020557e+00
5.695351174786725e-03	3.093074e-10	3.062450e+00
5.951489567643868e-03	3.555457e-10	3.520254e+00
6.207627960501011e-03	4.017806e-10	3.978026e+00
6.463766353358154e-03	4.480124e-10	4.435766e+00
6.719904746215297e-03	4.942409e-10	4.893474e+00
6.976043139072440e-03	5.404661e-10	5.351151e+00
7.232181531929583e-03	5.866882e-10	5.808795e+00
7.488319924786725e-03	6.329069e-10	6.266407e+00
7.500038674786724e-03	6.350215e-10	6.287343e+00
7.556958317643868e-03	6.452920e-10	6.389030e+00
7.613877960501010e-03	6.555623e-10	6.490717e+00
7.670797603358153e-03	6.658325e-10	6.592401e+00
7.727717246215296e-03	6.761025e-10	6.694085e+00
7.784636889072439e-03	6.863724e-10	6.795767e+00
7.841556531929582e-03	6.966421e-10	6.897447e+00
7.898476174786725e-03	7.069116e-10	6.999126e+00
7.928610103358153e-03	7.123484e-10	7.052956e+00
7.958744031929582e-03	7.177851e-10	7.106785e+00
7.988877960501010e-03	7.232218e-10	7.160613e+00
8.019011889072438e-03	7.286585e-10	7.214441e+00
8.049145817643866e-03	7.340950e-10	7.268269e+00
8.079279746215296e-03	7.395316e-10	7.322096e+00
8.109413674786724e-03	7.449681e-10	7.375922e+00
8.131177067643868e-03	7.488944e-10	7.414797e+00
8.152940460501010e-03	7.528208e-10	7.453671e+00
8.174703853358153e-03	7.567470e-10	7.492545e+00
8.196467246215295e-03	7.606733e-10	7.531419e+00
8.218230639072439e-03	7.645994e-10	7.570292e+00
8.239994031929581e-03	7.685256e-10	7.609165e+00
8.261757424786725e-03	7.724517e-10	7.648038e+00
8.285194924786726e-03	7.766798e-10	7.689900e+00
8.308632424786725e-03	7.809078e-10	7.731762e+00
8.332069924786726e-03	7.851357e-10	7.773623e+00
8.355507424786725e-03	7.893637e-10	7.815484e+00
8.378944924786724e-03	7.935916e-10	7.857344e+00
8.402382424786725e-03	7.978194e-10	7.899203e+00
8.425819924786724e-03	8.020472e-10	7.941061e+00
8.449257424786725e-03	8.062747e-10	7.982919e+00
8.472694924786724e-03	8.105018e-10	8.024776e+00
8.496132424786725e-03	8.147294e-10	8.066630e+00
8.519569924786724e-03	8.189569e-10	8.108484e+00
8.531288674786724e-03	8.210704e-10	8.129410e+00
8.543007424786725e-03	8.231837e-10	8.150335e+00
8.554726174786725e-03	8.252973e-10	8.171261e+00
8.566444924786724e-03	8.274109e-10	8.192186e+00
8.578163674786725e-03	8.295242e-10	8.213111e+00
8.589882424786725e-03	8.316375e-10	8.234035e+00
8.601601174786725e-03	8.337506e-10	8.254957e+00
8.613319924786724e-03	8.358637e-10	8.275880e+00
8.625038674786725e-03	8.379770e-10	8.296802e+00
8.636757424786725e-03	8.400902e-10	8.317722e+00
8.648476174786725e-03	8.422030e-10	8.338643e+00
8.660194924786724e-03	8.443160e-10	8.359562e+00
8.671913674786725e-03	8.464286e-10	8.380481e+00
8.683632424786725e-03	8.485411e-10	8.401398e+00
8.695351174786725e-03	8.506535e-10	8.422315e+00
8.707069924786724e-03	8.527660e-10	8.443230e+00
8.718788674786725e-03	8.548784e-10	8.464143e+00
8.730507424786725e-03	8.569907e-10	8.485055e+00
8.742226174786726e-03	8.591027e-10	8.505965e+00
8.753944924786724e-03	8.612145e-10	8.526875e+00
8.765663674786725e-03	8.633259e-10	8.547782e+00
8.777382424786725e-03	8.654371e-10	8.568686e+00
8.789101174786726e-03	8.675483e-10	8.589590e+00
8.800819924786724e-03	8.696594e-10	8.610491e+00
8.812538674786725e-03	8.717703e-10	8.631390e+00
8.824257424786725e-03	8.738809e-10	8.652285e+00
8.835976174786726e-03	8.759909e-10	8.673178e+00
8.847694924786724e-03	8.781005e-10	8.694067e+00
8.859413674786725e-03	8.802100e-10	8.714953e+00
8.871132424786725e-03	8.823192e-10	8.735836e+00
8.882851174786724e-03	8.844280e-10	8.756714e+00
8.894569924786724e-03	8.865363e-10	8.777588e+00
8.906288674786725e-03	8.886442e-10	8.798457e+00
8.918007424786725e-03	8.907515e-10	8.819322e+00
8.929726174786724e-03	8.928581e-10	8.840180e+00
8.941444924786724e-03	8.949642e-10	8.861032e+00
8.953163674786725e-03	8.970698e-10	8.881878e+00
8.964882424786725e-03	8.991744e-10	8.902717e+00
8.976601174786724e-03	9.012782e-10	8.923548e+00
8.988319924786724e-03	9.033811e-10	8.944370e+00
9.000038674786725e-03	9.054831e-10	8.965182e+00
9.011757424786725e-03	9.075843e-10	8.985985e+00
9.023476174786724e-03	9.096844e-10	9.006777e+00
9.035194924786724e-03	9.117833e-10	9.027557e+00
9.046913674786725e-03	9.138807e-10	9.048324e+00
9.058632424786725e-03	9.159767e-10	9.069077e+00
9.070351174786724e-03	9.180710e-10	9.089813e+00
9.082069924786725e-03	9.201637e-10	9.110533e+00
9.093788674786725e-03	9.222547e-10	9.131234e+00
9.105507424786725e-03	9.243433e-10	9.151915e+00
9.117226174786724e-03	9.264295e-10	9.172573e+00
9.128944924786725e-03	9.285135e-10	9.193207e+00
9.140663674786725e-03	9.305950e-10	9.213814e+00
9.152382424786725e-03	9.326734e-10	9.234391e+00
9.164101174786724e-03	9.347485e-10	9.254936e+00
9.175819924786725e-03	9.368198e-10	9.275445e+00
9.187538674786725e-03	9.388870e-10	9.295915e+00
9.199257424786726e-03	9.409500e-10	9.316340e+00
9.210976174786724e-03	9.430082e-10	9.336718e+00
9.222694924786725e-03	9.450611e-10	9.357041e+00
9.234413674786725e-03	9.471078e-10	9.377306e+00
9.246132424786726e-03	9.491479e-10	9.397505e+00
9.257851174786724e-03	9.511806e-10	9.417629e+00
9.269569924786725e-03	9.532047e-10	9.437672e+00
9.281288674786725e-03	9.552197e-10	9.457623e+00
9.293007424786726e-03	9.572243e-10	9.477470e+00
9.304726174786724e-03	9.592173e-10	9.497202e+00
9.316444924786725e-03	9.611971e-10	9.516804e+00
9.328163674786725e-03	9.631621e-10	9.536258e+00
9.339882424786726e-03	9.651102e-10	9.555546e+00
9.351601174786724e-03	9.670391e-10	9.574645e+00
9.363319924786725e-03	9.689467e-10	9.593532e+00
9.375038674786725e-03	9.708297e-10	9.612175e+00
9.386757424786724e-03	9.726850e-10	9.630546e+00
9.398476174786724e-03	9.745089e-10	9.648604e+00
9.410194924786725e-03	9.762974e-10	9.666313e+00
9.421913674786725e-03	9.780462e-10	9.683626e+00
9.433632424786724e-03	9.797504e-10	9.700499e+00
9.445351174786724e-03	9.814048e-10	9.716883e+00
9.457069924786725e-03	9.830053e-10	9.732729e+00
9.468788674786725e-03	9.845473e-10	9.747993e+00
9.480507424786724e-03	9.860261e-10	9.762634e+00
9.492226174786724e-03	9.874387e-10	9.776621e+00
9.503944924786725e-03	9.887826e-10	9.789929e+00
9.515663674786725e-03	9.900570e-10	9.802547e+00
9.527382424786724e-03	9.912617e-10	9.814476e+00
9.539101174786725e-03	9.923978e-10	9.825724e+00
9.550819924786725e-03	9.934671e-10	9.836308e+00
9.562538674786725e-03	9.944721e-10	9.846257e+00
9.574257424786724e-03	9.954155e-10	9.855597e+00
9.585976174786725e-03	9.963005e-10	9.864362e+00
9.597694924786725e-03	9.971306e-10	9.872582e+00
9.609413674786725e-03	9.979092e-10	9.880291e+00
9.621132424786724e-03	9.986393e-10	9.887519e+00
9.632851174786725e-03	9.993237e-10	9.894296e+00
9.644569924786725e-03	9.999653e-10	9.900649e+00
9.656288674786725e-03	1.000567e-09	9.906605e+00
9.668007424786724e-03	1.001131e-09	9.912189e+00
9.679726174786725e-03	1.001660e-09	9.917425e+00
9.691444924786725e-03	1.002156e-09	9.922333e+00
9.703163674786726e-03	1.002621e-09	9.926934e+00
9.714882424786724e-03	1.003056e-09	9.931249e+00
9.726601174786725e-03	1.003464e-09	9.935293e+00
9.738319924786725e-03	1.003847e-09	9.939086e+00
9.750038674786726e-03	1.004207e-09	9.942642e+00
9.761757424786724e-03	1.004543e-09	9.945976e+00
9.773476174786725e-03	1.004859e-09	9.949102e+00
9.785194924786725e-03	1.005155e-09	9.952034e+00
9.796913674786726e-03	1.005433e-09	9.954782e+00
9.808632424786724e-03	1.005693e-09	9.957359e+00
9.820351174786725e-03	1.005937e-09	9.959777e+00
9.832069924786725e-03	1.006166e-09	9.962044e+00
9.843788674786726e-03	1.006381e-09	9.964170e+00
9.855507424786724e-03	1.006582e-09	9.966164e+00
9.867226174786725e-03	1.006772e-09	9.968033e+00
9.878944924786725e-03	1.006949e-09	9.969788e+00
9.890663674786724e-03	1.007115e-09	9.971433e+00
9.902382424786724e-03	1.007271e-09	9.972975e+00
9.914101174786725e-03	1.007417e-09	9.974422e+00
9.925819924786725e-03	1.007554e-09	9.975779e+00
9.937538674786724e-03	1.007682e-09	9.977051e+00
9.949257424786724e-03	1.007802e-09	9.978244e+00
9.960976174786725e-03	1.007915e-09	9.979362e+00
9.972694924786725e-03	1.008022e-09	9.980412e+00
9.984413674786724e-03	1.008121e-09	9.981394e+00
9.996132424786724e-03	1.008214e-09	9.982316e+00
1.000785117478672e-02	1.008301e-09	9.983180e+00
1.001956992478673e-02	1.008383e-09	9.983990e+00
1.003128867478672e-02	1.008460e-09	9.984749e+00
1.004300742478672e-02	1.008531e-09	9.985460e+00
1.005472617478672e-02	1.008599e-09	9.986128e+00
1.006644492478673e-02	1.008662e-09	9.986753e+00
1.007816367478672e-02	1.008721e-09	9.987338e+00
1.008988242478672e-02	1.008776e-09	9.987887e+00
1.010160117478673e-02	1.008828e-09	9.988402e+00
1.011331992478673e-02	1.008877e-09	9.988885e+00
1.012503867478672e-02	1.008923e-09	9.989337e+00
1.013675742478672e-02	1.008966e-09	9.989760e+00
1.014847617478673e-02	1.009006e-09	9.990157e+00
1.016019492478673e-02	1.009044e-09	9.990529e+00
1.017191367478672e-02	1.009079e-09	9.990878e+00
1.018363242478672e-02	1.009112e-09	9.991204e+00
1.019535117478673e-02	1.009143e-09	9.991510e+00
1.020706992478673e-02	1.009172e-09	9.991798e+00
1.021878867478672e-02	1.009199e-09	9.992066e+00
1.023050742478672e-02	1.009224e-09	9.992318e+00
1.025394492478673e-02	1.009270e-09	9.992776e+00
1.027738242478672e-02	1.009311e-09	9.993177e+00
1.030081992478673e-02	1.009347e-09	9.993529e+00
1.032425742478672e-02	1.009377e-09	9.993838e+00
1.034769492478673e-02	1.009405e-09	9.994110e+00
1.037113242478672e-02	1.009429e-09	9.994349e+00
1.039456992478672e-02	1.009450e-09	9.994557e+00
1.041800742478672e-02	1.009469e-09	9.994741e+00
1.044144492478672e-02	1.009485e-09	9.994902e+00
1.046488242478672e-02	1.009500e-09	9.995043e+00
1.048831992478672e-02	1.009512e-09	9.995167e+00
1.051175742478672e-02	1.009523e-09	9.995276e+00
1.053519492478672e-02	1.009532e-09	9.995373e+00
1.055863242478672e-02	1.009541e-09	9.995456e+00
1.058206992478672e-02	1.009548e-09	9.995529e+00
1.060550742478673e-02	1.009555e-09	9.995594e+00
1.062894492478672e-02	1.009561e-09	9.995650e+00
1.065238242478673e-02	1.009566e-09	9.995700e+00
1.067581992478672e-02	1.009570e-09	9.995744e+00
1.069925742478673e-02	1.009574e-09	9.995782e+00
1.072269492478672e-02	1.009577e-09	9.995815e+00
1.074613242478673e-02	1.009580e-09	9.995845e+00
1.076956992478672e-02	1.009583e-09	9.995871e+00
1.079300742478673e-02	1.009585e-09	9.995893e+00
1.081644492478672e-02	1.009587e-09	9.995914e+00
1.083988242478673e-02	1.009589e-09	9.995931e+00
1.086331992478672e-02	1.009591e-09	9.995946e+00
1.088675742478673e-02	1.009592e-09	9.995960e+00
1.091019492478672e-02	1.009593e-09	9.995972e+00
1.093363242478673e-02	1.009594e-09	9.995981e+00
1.095706992478672e-02	1.009595e-09	9.995991e+00
1.098050742478673e-02	1.009596e-09	9.995998e+00
1.100394492478672e-02	1.009597e-09	9.996006e+00
1.102738242478673e-02	1.009597e-09	9.996012e+00
1.105081992478672e-02	1.009598e-09	9.996017e+00
1.107425742478673e-02	1.009598e-09	9.996022e+00
1.109769492478672e-02	1.009599e-09	9.996027e+00
1.112113242478673e-02	1.009599e-09	9.996031e+00
1.114456992478672e-02	1.009599e-09	9.996034e+00
1.116800742478673e-02	1.009600e-09	9.996037e+00
1.119144492478672e-02	1.009600e-09	9.996038e+00
1.121488242478673e-02	1.009600e-09	9.996040e+00
1.123831992478672e-02	1.009600e-09	9.996042e+00
1.126175742478673e-02	1.009600e-09	9.996044e+00
1.128519492478672e-02	1.009600e-09	9.996046e+00
1.130863242478673e-02	1.009600e-09	9.996047e+00
1.134378867478673e-02	1.009601e-09	9.996049e+00
1.137894492478672e-02	1.009601e-09	9.996050e+00
1.141410117478672e-02	1.009601e-09	9.996051e+00
1.144925742478672e-02	1.009601e-09	9.996052e+00
1.148441367478673e-02	1.009601e-09	9.996053e+00
1.151956992478672e-02	1.009601e-09	9.996054e+00
1.154802974621530e-02	1.009601e-09	9.996054e+00
1.157648956764387e-02	1.009601e-09	9.996054e+00
1.160494938907244e-02	1.009601e-09	9.996055e+00
1.163340921050101e-02	1.009601e-09	9.996055e+00
1.166186903192958e-02	1.009601e-09	9.996055e+00
1.169032885335815e-02	1.009601e-09	9.996055e+00
1.171878867478673e-02	1.009601e-09	9.996056e+00
1.175561903192958e-02	1.009601e-09	9.996056e+00
1.179244938907244e-02	1.009601e-09	9.996056e+00
1.182927974621530e-02	1.009601e-09	9.996056e+00
1.186611010335815e-02	1.009601e-09	9.996056e+00
1.190294046050101e-02	1.009601e-09	9.996056e+00
1.193977081764387e-02	1.009601e-09	9.996056e+00
1.197660117478672e-02	1.009601e-09	9.996056e+00
1.198831992478673e-02	1.009601e-09	9.996056e+00
1.200000000000000e-02	1.009601e-09	9.996056e+00
