time	-I(Rl)	V(vout)
0.000000000000000e+00	1.009603e-09	9.996066e+00
7.812499952519758e-11	1.009603e-09	9.996066e+00
1.562499990503952e-10	1.009603e-09	9.996066e+00
3.124999981007903e-10	1.009603e-09	9.996066e+00
6.249999962015806e-10	1.009603e-09	9.996066e+00
1.249999992403161e-09	1.009603e-09	9.996066e+00
2.499999984806323e-09	1.009603e-09	9.996066e+00
4.999999969612645e-09	1.009603e-09	9.996066e+00
9.999999939225290e-09	1.009602e-09	9.996065e+00
1.999999987845058e-08	1.009602e-09	9.996065e+00
3.999999975690116e-08	1.009602e-09	9.996065e+00
7.999999951380232e-08	1.009603e-09	9.996066e+00
1.516665428328052e-07	1.009603e-09	9.996066e+00
2.949996294708110e-07	1.009603e-09	9.996066e+00
5.816658027468227e-07	1.009603e-09	9.996066e+00
1.154998149298846e-06	1.009603e-09	9.996066e+00
2.301662842402893e-06	1.009603e-09	9.996066e+00
4.594992228610986e-06	1.009603e-09	9.996066e+00
9.181651001027173e-06	1.009602e-09	9.996065e+00
1.699415100102717e-05	1.009602e-09	9.996065e+00
2.480665100102717e-05	1.009602e-09	9.996064e+00
3.261915100102717e-05	1.009602e-09	9.996064e+00
4.043165100102717e-05	1.009602e-09	9.996063e+00
4.824415100102717e-05	1.009602e-09	9.996063e+00
5.605665100102717e-05	1.009602e-09	9.996063e+00
6.386915100102717e-05	1.009602e-09	9.996063e+00
7.949415100102717e-05	1.009602e-09	9.996062e+00
1.029316510010272e-04	1.009602e-09	9.996061e+00
1.297173652867415e-04	1.009602e-09	9.996061e+00
1.565030795724558e-04	1.009602e-09	9.996060e+00
1.832887938581700e-04	1.009602e-09	9.996060e+00
2.100745081438843e-04	1.009602e-09	9.996059e+00
2.368602224295986e-04	1.009602e-09	9.996059e+00
2.636459367153129e-04	1.009602e-09	9.996059e+00
2.904316510010272e-04	1.009602e-09	9.996058e+00
3.250298652867415e-04	1.009602e-09	9.996058e+00
3.596280795724558e-04	1.009602e-09	9.996057e+00
3.942262938581701e-04	1.009602e-09	9.996057e+00
4.288245081438844e-04	1.009602e-09	9.996056e+00
4.634227224295986e-04	1.009601e-09	9.996056e+00
4.980209367153129e-04	1.009601e-09	9.996056e+00
5.326191510010271e-04	1.009601e-09	9.996057e+00
5.895387938581700e-04	1.009601e-09	9.996057e+00
6.464584367153129e-04	1.009601e-09	9.996057e+00
7.033780795724558e-04	1.009601e-09	9.996057e+00
7.602977224295986e-04	1.009601e-09	9.996057e+00
8.172173652867415e-04	1.009601e-09	9.996057e+00
8.741370081438844e-04	1.009601e-09	9.996057e+00
9.310566510010272e-04	1.009601e-09	9.996057e+00
1.082646772286595e-03	1.009601e-09	9.996057e+00
1.234236893572162e-03	1.009601e-09	9.996057e+00
1.385827014857730e-03	1.009601e-09	9.996057e+00
1.537417136143298e-03	1.009601e-09	9.996057e+00
1.689007257428865e-03	1.009601e-09	9.996057e+00
1.840597378714433e-03	1.009601e-09	9.996057e+00
1.992187500000000e-03	1.009601e-09	9.996057e+00
2.000000000000000e-03	1.009601e-09	9.996057e+00
2.000000023841858e-03	1.969310e+01	3.351712e+00
2.000000071525574e-03	1.180163e+01	1.180163e-02
2.000000073015690e-03	1.161627e+01	1.161627e-02
2.000000075995922e-03	1.210376e+01	1.210376e-02
2.000000081956387e-03	1.246036e+01	1.246036e-02
2.000000090418663e-03	1.263368e+01	1.263368e-02
2.000000107343218e-03	1.275540e+01	1.275540e-02
2.000000133952697e-03	1.284351e+01	1.284352e-02
2.000000168067707e-03	1.294007e+01	1.294007e-02
2.000000211449194e-03	1.309678e+01	1.309678e-02
2.000000270671166e-03	1.329912e+01	1.329912e-02
2.000000341419795e-03	1.344585e+01	1.344585e-02
2.000000405400467e-03	1.349460e+01	1.349460e-02
2.000000474146391e-03	1.349683e+01	1.349684e-02
2.000000544893752e-03	1.347423e+01	1.347423e-02
2.000000620814153e-03	1.343315e+01	1.343315e-02
2.000000710679928e-03	1.337113e+01	1.337113e-02
2.000000813043426e-03	1.328952e+01	1.328952e-02
2.000000932345823e-03	1.318607e+01	1.318607e-02
2.000001070917186e-03	1.306101e+01	1.306101e-02
2.000001239821147e-03	1.290847e+01	1.290847e-02
2.000001451070144e-03	1.272549e+01	1.272549e-02
2.000001738588204e-03	1.250080e+01	1.250080e-02
2.000002193498103e-03	1.220660e+01	1.220660e-02
2.000002802810936e-03	1.191548e+01	1.191548e-02
2.000003499582795e-03	1.170625e+01	1.170625e-02
2.000004338982141e-03	1.158059e+01	1.158059e-02
2.000005127812489e-03	1.154981e+01	1.154981e-02
2.000005994017097e-03	1.158160e+01	1.158161e-02
2.000006885318849e-03	1.165676e+01	1.165676e-02
2.000007839407200e-03	1.176969e+01	1.176969e-02
2.000008677287263e-03	1.188241e+01	1.188242e-02
2.000009186941508e-03	1.194693e+01	1.194693e-02
2.000009672747798e-03	1.200239e+01	1.200239e-02
2.000010179638240e-03	1.205582e+01	1.205582e-02
2.000010833423245e-03	1.211714e+01	1.211714e-02
2.000011491275313e-03	1.216969e+01	1.216969e-02
2.000012253220742e-03	1.221767e+01	1.221767e-02
2.000013318767981e-03	1.226725e+01	1.226725e-02
2.000014366557497e-03	1.230062e+01	1.230062e-02
2.000015844871362e-03	1.233092e+01	1.233092e-02
2.000017326508518e-03	1.235029e+01	1.235029e-02
2.000018970340604e-03	1.236198e+01	1.236198e-02
2.000020118222773e-03	1.236012e+01	1.236012e-02
2.000021173102319e-03	1.234863e+01	1.234864e-02
2.000022273531352e-03	1.233404e+01	1.233404e-02
2.000023409606407e-03	1.232144e+01	1.232144e-02
2.000024451653100e-03	1.231263e+01	1.231263e-02
2.000025517237550e-03	1.230705e+01	1.230706e-02
2.000026840366378e-03	1.230460e+01	1.230460e-02
2.000028802138817e-03	1.230625e+01	1.230626e-02
2.000030646357821e-03	1.231153e+01	1.231153e-02
2.000033745909692e-03	1.232434e+01	1.232434e-02
2.000036937682710e-03	1.233910e+01	1.233910e-02
2.000043006546731e-03	1.236792e+01	1.236792e-02
2.000048779405361e-03	1.239622e+01	1.239623e-02
2.000054454568008e-03	1.242844e+01	1.242844e-02
2.000060262035692e-03	1.247285e+01	1.247285e-02
2.000066395790290e-03	1.254223e+01	1.254223e-02
2.000072964685832e-03	1.265497e+01	1.265497e-02
2.000081063632834e-03	1.285510e+01	1.285510e-02
2.000088815677331e-03	1.310778e+01	1.310778e-02
2.000093921841323e-03	1.331211e+01	1.331211e-02
2.000097238140972e-03	1.346724e+01	1.346724e-02
2.000100512189005e-03	1.364103e+01	1.364103e-02
2.000103888102701e-03	1.384385e+01	1.384385e-02
2.000109001973828e-03	1.419420e+01	1.419420e-02
2.000116081600826e-03	1.474483e+01	1.474483e-02
2.000123646778784e-03	1.539447e+01	1.539447e-02
2.000127973562020e-03	1.577548e+01	1.577548e-02
2.000132093104039e-03	1.611531e+01	1.611531e-02
2.000134656067942e-03	1.630298e+01	1.630299e-02
2.000136971907578e-03	1.642804e+01	1.642804e-02
2.000139037210823e-03	1.640070e+01	1.640070e-02
2.000140656195457e-03	1.621653e+01	1.621654e-02
2.000141787285791e-03	1.609439e+01	1.609439e-02
2.000142358243812e-03	1.612091e+01	1.612091e-02
2.000142720282000e-03	1.617402e+01	1.617402e-02
2.000142975251756e-03	1.620993e+01	1.620994e-02
2.000143254785430e-03	1.624780e+01	1.624780e-02
2.000143617631014e-03	1.629499e+01	1.629499e-02
2.000143984214229e-03	1.633975e+01	1.633975e-02
2.000144435183567e-03	1.639225e+01	1.639225e-02
2.000145009355260e-03	1.645682e+01	1.645682e-02
2.000145625174882e-03	1.652357e+01	1.652357e-02
2.000146326436646e-03	1.659702e+01	1.659702e-02
2.000147388227408e-03	1.670719e+01	1.670719e-02
2.000148757879451e-03	1.684992e+01	1.684992e-02
2.000150031079632e-03	1.698504e+01	1.698504e-02
2.000152577479995e-03	1.726242e+01	1.726242e-02
2.000156192000779e-03	1.767015e+01	1.767015e-02
2.000160386666367e-03	1.816560e+01	1.816560e-02
2.000165561127237e-03	1.881429e+01	1.881429e-02
2.000173149145829e-03	1.985262e+01	1.985262e-02
2.000188177925448e-03	2.215049e+01	2.215049e-02
2.000204760781637e-03	2.500970e+01	2.500970e-02
2.000220482786438e-03	2.805852e+01	2.805853e-02
2.000238729118908e-03	3.191706e+01	3.191706e-02
2.000250596937184e-03	3.456208e+01	3.456208e-02
2.000261420298163e-03	3.703304e+01	3.703304e-02
2.000272201557400e-03	3.946664e+01	3.946665e-02
2.000291461157811e-03	4.359243e+01	4.359243e-02
2.000311647943322e-03	4.744237e+01	4.744237e-02
2.000333346599946e-03	5.090399e+01	5.090399e-02
2.000348013655892e-03	5.277032e+01	5.277033e-02
2.000361695560353e-03	5.412077e+01	5.412078e-02
2.000375323208363e-03	5.512570e+01	5.512570e-02
2.000400095751738e-03	5.634478e+01	5.634478e-02
2.000433930108821e-03	5.730801e+01	5.730801e-02
2.000458664665489e-03	5.762926e+01	5.762926e-02
2.000469551351584e-03	5.766752e+01	5.766753e-02
2.000474356612189e-03	5.766606e+01	5.766607e-02
2.000477557483233e-03	5.766067e+01	5.766068e-02
2.000481169677350e-03	5.765105e+01	5.765105e-02
2.000484940628153e-03	5.763840e+01	5.763841e-02
2.000489118084754e-03	5.762092e+01	5.762093e-02
2.000495293594098e-03	5.758973e+01	5.758974e-02
2.000502357588391e-03	5.754642e+01	5.754643e-02
2.000514868822370e-03	5.745341e+01	5.745341e-02
2.000533318434674e-03	5.729186e+01	5.729187e-02
2.000547951829380e-03	5.714462e+01	5.714462e-02
2.000559025573393e-03	5.702175e+01	5.702175e-02
2.000568051680734e-03	5.691515e+01	5.691515e-02
2.000577140290566e-03	5.680263e+01	5.680263e-02
2.000586349574193e-03	5.668359e+01	5.668359e-02
2.000598359045427e-03	5.652131e+01	5.652131e-02
2.000610676423837e-03	5.634700e+01	5.634701e-02
2.000625751446549e-03	5.612202e+01	5.612203e-02
2.000642189013100e-03	5.586086e+01	5.586086e-02
2.000663426103838e-03	5.549858e+01	5.549859e-02
2.000682666726406e-03	5.514440e+01	5.514441e-02
2.000698233582418e-03	5.483447e+01	5.483447e-02
2.000714003661769e-03	5.449531e+01	5.449532e-02
2.000729484142128e-03	5.413257e+01	5.413257e-02
2.000751478451061e-03	5.356221e+01	5.356222e-02
2.000776271931123e-03	5.282656e+01	5.282657e-02
2.000810759389185e-03	5.160645e+01	5.160646e-02
2.000854793297498e-03	4.969201e+01	4.969201e-02
2.000927450112405e-03	4.599552e+01	4.599553e-02
2.000997207798511e-03	4.223924e+01	4.223925e-02
2.001062555972074e-03	3.879662e+01	3.879663e-02
2.001131055930990e-03	3.539337e+01	3.539338e-02
2.001205097739380e-03	3.191792e+01	3.191793e-02
2.001284710130418e-03	2.837280e+01	2.837281e-02
2.001369830697638e-03	2.490417e+01	2.490417e-02
2.001451690968649e-03	2.215698e+01	2.215699e-02
2.001543262194628e-03	1.980866e+01	1.980866e-02
2.001595137878981e-03	1.879029e+01	1.879029e-02
2.001662154101149e-03	1.773653e+01	1.773653e-02
2.001717459367271e-03	1.699759e+01	1.699759e-02
2.001783108376550e-03	1.624058e+01	1.624058e-02
2.001818225357268e-03	1.588215e+01	1.588215e-02
2.001854869240931e-03	1.554108e+01	1.554108e-02
2.001887289165164e-03	1.525592e+01	1.525592e-02
2.001921440178898e-03	1.497555e+01	1.497556e-02
2.001978048463297e-03	1.454864e+01	1.454865e-02
2.002050783670351e-03	1.405926e+01	1.405926e-02
2.002176694689536e-03	1.332750e+01	1.332750e-02
2.002326397920818e-03	1.258531e+01	1.258531e-02
2.002460571544864e-03	1.201380e+01	1.201380e-02
2.002544891117185e-03	1.169561e+01	1.169561e-02
2.002610358696103e-03	1.146931e+01	1.146931e-02
2.002675208150077e-03	1.125945e+01	1.125945e-02
2.002747466882128e-03	1.103711e+01	1.103711e-02
2.002792356545839e-03	1.090480e+01	1.090480e-02
2.002817791479840e-03	1.083180e+01	1.083180e-02
2.002832130796199e-03	1.079226e+01	1.079226e-02
2.002841702474789e-03	1.076598e+01	1.076598e-02
2.002849582311439e-03	1.074411e+01	1.074411e-02
2.002857874082544e-03	1.072171e+01	1.072172e-02
2.002869193801112e-03	1.069115e+01	1.069115e-02
2.002880672942583e-03	1.066032e+01	1.066032e-02
2.002895003508811e-03	1.062223e+01	1.062223e-02
2.002913575379872e-03	1.057338e+01	1.057338e-02
2.002938155929873e-03	1.050985e+01	1.050985e-02
2.002974779797037e-03	1.041743e+01	1.041744e-02
2.003033276783053e-03	1.027537e+01	1.027537e-02
2.003137547835921e-03	1.003621e+01	1.003621e-02
2.003298003929904e-03	9.698213e+00	9.698214e-03
2.003570391214160e-03	9.187026e+00	9.187027e-03
2.003939907918077e-03	8.581407e+00	8.581407e-03
2.004340515843710e-03	8.020550e+00	8.020551e-03
2.004962654150302e-03	7.283272e+00	7.283273e-03
2.005655951820415e-03	6.595638e+00	6.595639e-03
2.006733456345204e-03	5.714817e+00	5.714817e-03
2.007876484522405e-03	4.959667e+00	4.959667e-03
2.009722113109024e-03	3.973412e+00	3.973413e-03
2.010627331798164e-03	3.571127e+00	3.571127e-03
2.011469496827906e-03	3.252190e+00	3.252191e-03
2.012042275257989e-03	3.056206e+00	3.056207e-03
2.012581472303995e-03	2.895026e+00	2.895027e-03
2.013431280301244e-03	2.717647e+00	2.717647e-03
2.014044576113190e-03	2.740135e+00	2.740135e-03
2.014626978517444e-03	2.937284e+00	2.937285e-03
2.014933751074431e-03	3.070937e+00	3.070937e-03
2.015156686015310e-03	3.153901e+00	3.153901e-03
2.015409232758540e-03	3.238589e+00	3.238590e-03
2.015591956701836e-03	3.301639e+00	3.301640e-03
2.015795652133820e-03	3.373201e+00	3.373201e-03
2.016010406166288e-03	3.448615e+00	3.448615e-03
2.016253595936400e-03	3.534086e+00	3.534086e-03
2.016583449857231e-03	3.650994e+00	3.650994e-03
2.017127429808938e-03	3.846132e+00	3.846132e-03
2.017476983322445e-03	3.973005e+00	3.973006e-03
2.017728051924995e-03	4.065009e+00	4.065009e-03
2.017912495680468e-03	4.133028e+00	4.133028e-03
2.018062949490453e-03	4.188637e+00	4.188638e-03
2.018158436830556e-03	4.223840e+00	4.223840e-03
2.018225385364702e-03	4.248414e+00	4.248414e-03
2.018253299847944e-03	4.258617e+00	4.258618e-03
2.018285191290708e-03	4.270229e+00	4.270229e-03
2.018302329913708e-03	4.276450e+00	4.276451e-03
2.018327642453072e-03	4.285606e+00	4.285607e-03
2.018355987277097e-03	4.295812e+00	4.295812e-03
2.018389121020098e-03	4.307665e+00	4.307665e-03
2.018438363338309e-03	4.325108e+00	4.325109e-03
2.018493735918379e-03	4.344330e+00	4.344330e-03
2.018604481078520e-03	4.380995e+00	4.380995e-03
2.018770188033868e-03	4.431069e+00	4.431069e-03
2.018922580343930e-03	4.466972e+00	4.466973e-03
2.019227364964055e-03	4.507442e+00	4.507442e-03
2.019569680917011e-03	4.514836e+00	4.514837e-03
2.019981212728345e-03	4.488417e+00	4.488417e-03
2.020392950994414e-03	4.445490e+00	4.445490e-03
2.020956161875694e-03	4.379374e+00	4.379374e-03
2.021558867013475e-03	4.309723e+00	4.309724e-03
2.022764277289038e-03	4.180954e+00	4.180954e-03
2.024176233130096e-03	4.049889e+00	4.049889e-03
2.027000144812212e-03	3.843380e+00	3.843380e-03
2.031987838345991e-03	3.581996e+00	3.581997e-03
2.037267815676805e-03	3.402532e+00	3.402532e-03
2.042187106628019e-03	3.300263e+00	3.300263e-03
2.045705980538675e-03	3.253965e+00	3.253965e-03
2.049163437998929e-03	3.223353e+00	3.223353e-03
2.052103073232582e-03	3.204574e+00	3.204575e-03
2.054915902641373e-03	3.197380e+00	3.197381e-03
2.055123855400250e-03	3.194605e+00	3.194606e-03
2.055539760918004e-03	3.188252e+00	3.188252e-03
2.056371571953512e-03	3.185315e+00	3.185316e-03
2.057155374685153e-03	3.182768e+00	3.182769e-03
2.058722980148436e-03	3.178101e+00	3.178101e-03
2.059101828156411e-03	3.177044e+00	3.177044e-03
2.059859524172361e-03	3.174988e+00	3.174989e-03
2.059998152091542e-03	3.174582e+00	3.174583e-03
2.060275407929905e-03	3.173679e+00	3.173679e-03
2.060541433812668e-03	3.172699e+00	3.172699e-03
2.060794167457909e-03	3.171563e+00	3.171563e-03
2.060929726994746e-03	3.170457e+00	3.170457e-03
2.060997036520958e-03	3.169058e+00	3.169058e-03
2.061052242955341e-03	3.166786e+00	3.166787e-03
2.061110589035331e-03	3.163293e+00	3.163293e-03
2.061176358232841e-03	3.158592e+00	3.158592e-03
2.061307896627860e-03	3.148624e+00	3.148625e-03
2.061427142536354e-03	3.138874e+00	3.138875e-03
2.061599068814080e-03	3.121480e+00	3.121481e-03
2.061789088302181e-03	3.094748e+00	3.094748e-03
2.062074629205113e-03	3.040653e+00	3.040654e-03
2.062332535454936e-03	2.977900e+00	2.977901e-03
2.062723746366229e-03	2.859665e+00	2.859665e-03
2.063241311147398e-03	2.675280e+00	2.675280e-03
2.063909033313043e-03	2.410649e+00	2.410649e-03
2.064757475392687e-03	2.062432e+00	2.062432e-03
2.065631425174293e-03	1.727611e+00	1.727611e-03
2.067379324737507e-03	1.170975e+00	1.170976e-03
2.069019516214036e-03	7.978629e-01	7.978630e-04
2.070769244894589e-03	5.692295e-01	5.692296e-04
2.072613648087809e-03	4.566849e-01	4.566850e-04
2.074197817948846e-03	4.168867e-01	4.168868e-04
2.075890659302948e-03	3.902908e-01	3.902909e-04
2.077641349199694e-03	3.639774e-01	3.639775e-04
2.080242200286939e-03	3.351800e-01	3.351800e-04
2.083283725575491e-03	3.163306e-01	3.163306e-04
2.087092137576976e-03	3.003476e-01	3.003476e-04
2.091143772306656e-03	2.856254e-01	2.856255e-04
2.096064723951727e-03	2.721253e-01	2.721253e-04
2.101464402893754e-03	2.602442e-01	2.602442e-04
2.106865696640411e-03	2.500736e-01	2.500736e-04
2.112434749295594e-03	2.419130e-01	2.419130e-04
2.118480029403472e-03	2.346281e-01	2.346281e-04
2.125227440132951e-03	2.281026e-01	2.281026e-04
2.132916297400019e-03	2.224996e-01	2.224997e-04
2.140728797400019e-03	2.180142e-01	2.180142e-04
2.148541297400019e-03	2.147049e-01	2.147049e-04
2.156353797400019e-03	2.121821e-01	2.121821e-04
2.164166297400019e-03	2.102518e-01	2.102518e-04
2.171978797400019e-03	2.088438e-01	2.088438e-04
2.179791297400019e-03	2.077251e-01	2.077251e-04
2.187603797400019e-03	2.069172e-01	2.069172e-04
2.195416297400019e-03	2.062950e-01	2.062950e-04
2.203228797400019e-03	2.058119e-01	2.058120e-04
2.211041297400019e-03	2.054722e-01	2.054722e-04
2.218853797400019e-03	2.051903e-01	2.051904e-04
2.226666297400019e-03	2.049930e-01	2.049930e-04
2.234478797400019e-03	2.048386e-01	2.048387e-04
2.242291297400019e-03	2.047155e-01	2.047155e-04
2.250103797400019e-03	2.046340e-01	2.046340e-04
2.257916297400019e-03	2.045599e-01	2.045599e-04
2.265728797400019e-03	2.045104e-01	2.045104e-04
2.273541297400019e-03	2.044715e-01	2.044716e-04
2.281353797400019e-03	2.044389e-01	2.044389e-04
2.289166297400019e-03	2.044192e-01	2.044192e-04
2.296978797400019e-03	2.043986e-01	2.043986e-04
2.304791297400019e-03	2.043861e-01	2.043861e-04
2.312603797400019e-03	2.043762e-01	2.043762e-04
2.320416297400019e-03	2.043664e-01	2.043664e-04
2.328228797400019e-03	2.043612e-01	2.043612e-04
2.336041297400019e-03	2.043549e-01	2.043549e-04
2.343853797400019e-03	2.043515e-01	2.043515e-04
2.351666297400018e-03	2.043483e-01	2.043484e-04
2.359478797400018e-03	2.043448e-01	2.043449e-04
2.367291297400018e-03	2.043435e-01	2.043435e-04
2.375103797400018e-03	2.043414e-01	2.043414e-04
2.382916297400018e-03	2.043400e-01	2.043400e-04
2.390728797400018e-03	2.043388e-01	2.043388e-04
2.398541297400018e-03	2.043375e-01	2.043375e-04
2.406353797400018e-03	2.043370e-01	2.043370e-04
2.414166297400018e-03	2.043359e-01	2.043359e-04
2.421978797400018e-03	2.043352e-01	2.043352e-04
2.429791297400018e-03	2.043347e-01	2.043347e-04
2.437603797400018e-03	2.043341e-01	2.043341e-04
2.445416297400018e-03	2.043337e-01	2.043337e-04
2.453228797400018e-03	2.043331e-01	2.043331e-04
2.461041297400018e-03	2.043328e-01	2.043328e-04
2.468853797400018e-03	2.043325e-01	2.043326e-04
2.476666297400018e-03	2.043321e-01	2.043321e-04
2.484478797400018e-03	2.043318e-01	2.043318e-04
2.492291297400018e-03	2.043316e-01	2.043316e-04
2.500103797400018e-03	2.043314e-01	2.043314e-04
2.507916297400018e-03	2.043311e-01	2.043311e-04
2.515728797400018e-03	2.043308e-01	2.043309e-04
2.523541297400018e-03	2.043307e-01	2.043307e-04
2.531353797400018e-03	2.043306e-01	2.043306e-04
2.539166297400018e-03	2.043304e-01	2.043304e-04
2.546978797400019e-03	2.043302e-01	2.043302e-04
2.554791297400019e-03	2.043301e-01	2.043301e-04
2.562603797400019e-03	2.043300e-01	2.043300e-04
2.570416297400019e-03	2.043298e-01	2.043299e-04
2.578228797400019e-03	2.043297e-01	2.043297e-04
2.586041297400019e-03	2.043297e-01	2.043297e-04
2.593853797400019e-03	2.043296e-01	2.043296e-04
2.601666297400019e-03	2.043295e-01	2.043295e-04
2.609478797400019e-03	2.043294e-01	2.043294e-04
2.617291297400019e-03	2.043293e-01	2.043293e-04
2.625103797400019e-03	2.043293e-01	2.043293e-04
2.632916297400019e-03	2.043292e-01	2.043292e-04
2.640728797400019e-03	2.043291e-01	2.043291e-04
2.648541297400019e-03	2.043291e-01	2.043291e-04
2.656353797400019e-03	2.043290e-01	2.043291e-04
2.664166297400019e-03	2.043290e-01	2.043290e-04
2.671978797400019e-03	2.043289e-01	2.043290e-04
2.679791297400019e-03	2.043289e-01	2.043289e-04
2.687603797400019e-03	2.043289e-01	2.043289e-04
2.695416297400019e-03	2.043288e-01	2.043289e-04
2.703228797400019e-03	2.043288e-01	2.043288e-04
2.711041297400019e-03	2.043288e-01	2.043288e-04
2.718853797400019e-03	2.043288e-01	2.043288e-04
2.726666297400019e-03	2.043287e-01	2.043288e-04
2.734478797400019e-03	2.043287e-01	2.043287e-04
2.742291297400019e-03	2.043287e-01	2.043287e-04
2.750103797400019e-03	2.043287e-01	2.043287e-04
2.757916297400019e-03	2.043287e-01	2.043287e-04
2.765728797400019e-03	2.043286e-01	2.043287e-04
2.773541297400019e-03	2.043286e-01	2.043287e-04
2.781353797400019e-03	2.043286e-01	2.043286e-04
2.789166297400019e-03	2.043286e-01	2.043286e-04
2.796978797400019e-03	2.043286e-01	2.043286e-04
2.804791297400019e-03	2.043286e-01	2.043286e-04
2.812603797400019e-03	2.043286e-01	2.043286e-04
2.820416297400019e-03	2.043286e-01	2.043286e-04
2.828228797400019e-03	2.043286e-01	2.043286e-04
2.836041297400018e-03	2.043285e-01	2.043286e-04
2.843853797400018e-03	2.043285e-01	2.043286e-04
2.851666297400018e-03	2.043285e-01	2.043285e-04
2.859478797400018e-03	2.043285e-01	2.043285e-04
2.867291297400018e-03	2.043285e-01	2.043285e-04
2.875103797400018e-03	2.043285e-01	2.043285e-04
2.882916297400018e-03	2.043285e-01	2.043285e-04
2.890728797400018e-03	2.043285e-01	2.043285e-04
2.898541297400018e-03	2.043285e-01	2.043285e-04
2.906353797400018e-03	2.043285e-01	2.043285e-04
2.914166297400018e-03	2.043285e-01	2.043285e-04
2.921978797400018e-03	2.043285e-01	2.043285e-04
2.929791297400018e-03	2.043285e-01	2.043285e-04
2.937603797400018e-03	2.043285e-01	2.043285e-04
2.945416297400018e-03	2.043285e-01	2.043285e-04
2.953228797400018e-03	2.043285e-01	2.043285e-04
2.961041297400018e-03	2.043285e-01	2.043285e-04
2.968853797400018e-03	2.043285e-01	2.043285e-04
2.976666297400018e-03	2.043285e-01	2.043285e-04
2.984478797400018e-03	2.043285e-01	2.043285e-04
2.992291297400018e-03	2.043285e-01	2.043285e-04
3.000103797400018e-03	2.043285e-01	2.043285e-04
3.007916297400018e-03	2.043285e-01	2.043285e-04
3.015728797400018e-03	2.043285e-01	2.043285e-04
3.023541297400018e-03	2.043285e-01	2.043285e-04
3.031353797400018e-03	2.043285e-01	2.043285e-04
3.039166297400019e-03	2.043285e-01	2.043285e-04
3.046978797400019e-03	2.043285e-01	2.043285e-04
3.054791297400019e-03	2.043285e-01	2.043285e-04
3.062603797400019e-03	2.043285e-01	2.043285e-04
3.070416297400019e-03	2.043285e-01	2.043285e-04
3.078228797400019e-03	2.043285e-01	2.043285e-04
3.086041297400019e-03	2.043285e-01	2.043285e-04
3.093853797400019e-03	2.043285e-01	2.043285e-04
3.101666297400019e-03	2.043285e-01	2.043285e-04
3.117291297400019e-03	2.043285e-01	2.043285e-04
3.132916297400019e-03	2.043285e-01	2.043285e-04
3.140728797400019e-03	2.043285e-01	2.043285e-04
3.148541297400019e-03	2.043285e-01	2.043285e-04
3.156353797400019e-03	2.043285e-01	2.043285e-04
3.164166297400019e-03	2.043285e-01	2.043285e-04
3.171978797400019e-03	2.043285e-01	2.043285e-04
3.179791297400019e-03	2.043285e-01	2.043285e-04
3.187603797400019e-03	2.043285e-01	2.043285e-04
3.195416297400019e-03	2.043285e-01	2.043285e-04
3.203228797400019e-03	2.043285e-01	2.043285e-04
3.211041297400019e-03	2.043285e-01	2.043285e-04
3.218853797400019e-03	2.043285e-01	2.043285e-04
3.226666297400019e-03	2.043285e-01	2.043285e-04
3.234478797400019e-03	2.043285e-01	2.043285e-04
3.242291297400019e-03	2.043285e-01	2.043285e-04
3.250103797400019e-03	2.043285e-01	2.043285e-04
3.257916297400019e-03	2.043285e-01	2.043285e-04
3.265728797400019e-03	2.043285e-01	2.043285e-04
3.273541297400019e-03	2.043285e-01	2.043285e-04
3.281353797400019e-03	2.043285e-01	2.043285e-04
3.289166297400019e-03	2.043285e-01	2.043285e-04
3.296978797400019e-03	2.043285e-01	2.043285e-04
3.304791297400019e-03	2.043285e-01	2.043285e-04
3.312603797400019e-03	2.043285e-01	2.043285e-04
3.320416297400018e-03	2.043285e-01	2.043285e-04
3.328228797400018e-03	2.043285e-01	2.043285e-04
3.336041297400018e-03	2.043285e-01	2.043285e-04
3.343853797400018e-03	2.043285e-01	2.043285e-04
3.351666297400018e-03	2.043285e-01	2.043285e-04
3.359478797400018e-03	2.043285e-01	2.043285e-04
3.367291297400018e-03	2.043285e-01	2.043285e-04
3.375103797400018e-03	2.043285e-01	2.043285e-04
3.382916297400018e-03	2.043285e-01	2.043285e-04
3.390728797400018e-03	2.043285e-01	2.043285e-04
3.398541297400018e-03	2.043285e-01	2.043285e-04
3.406353797400018e-03	2.043285e-01	2.043285e-04
3.414166297400018e-03	2.043285e-01	2.043285e-04
3.421978797400018e-03	2.043285e-01	2.043285e-04
3.429791297400018e-03	2.043285e-01	2.043285e-04
3.437603797400018e-03	2.043285e-01	2.043285e-04
3.445416297400018e-03	2.043285e-01	2.043285e-04
3.453228797400018e-03	2.043285e-01	2.043285e-04
3.461041297400018e-03	2.043285e-01	2.043285e-04
3.468853797400018e-03	2.043285e-01	2.043285e-04
3.476666297400018e-03	2.043285e-01	2.043285e-04
3.484478797400018e-03	2.043285e-01	2.043285e-04
3.507916297400018e-03	2.043285e-01	2.043285e-04
3.523541297400019e-03	2.043285e-01	2.043285e-04
3.539166297400019e-03	2.043285e-01	2.043285e-04
3.554791297400019e-03	2.043285e-01	2.043285e-04
3.570416297400019e-03	2.043285e-01	2.043285e-04
3.586041297400019e-03	2.043285e-01	2.043285e-04
3.992291297400019e-03	2.043285e-01	2.043285e-04
4.000000000000000e-03	1.331167e-01	3.937834e-02
4.003350611720046e-03	3.416198e-02	7.998395e-02
4.005033841557540e-03	7.434708e-12	7.361096e-02
4.005808428040712e-03	6.075007e-12	6.014858e-02
4.006206765024425e-03	5.617780e-12	5.562158e-02
4.006456318131095e-03	5.379665e-12	5.326401e-02
4.006541435963577e-03	5.307720e-12	5.255169e-02
4.006598200862864e-03	5.264021e-12	5.211903e-02
4.006634702097543e-03	5.235383e-12	5.183548e-02
4.006678013724005e-03	5.201942e-12	5.150438e-02
4.006723013127400e-03	5.168132e-12	5.116962e-02
4.006774678258500e-03	5.130602e-12	5.079804e-02
4.006857565413628e-03	5.072719e-12	5.022493e-02
4.006948657467097e-03	5.011994e-12	4.962370e-02
4.007074584600481e-03	4.934011e-12	4.885159e-02
4.007326438867248e-03	4.793224e-12	4.745765e-02
4.007597127082002e-03	4.666272e-12	4.620071e-02
4.008138503511512e-03	4.502346e-12	4.457768e-02
4.009154607123891e-03	4.521393e-12	4.476626e-02
4.010072653894376e-03	5.210523e-12	5.158932e-02
4.010961586003039e-03	6.926831e-12	6.858248e-02
4.011688124162645e-03	9.122756e-12	9.032431e-02
4.012237583522119e-03	1.081516e-11	1.070808e-01
4.012867567736736e-03	1.213321e-11	1.201308e-01
4.013229140853980e-03	1.246799e-11	1.234454e-01
4.013676604168962e-03	1.256961e-11	1.244516e-01
4.014080357511758e-03	1.257950e-11	1.245495e-01
4.014522428294954e-03	1.258393e-11	1.245934e-01
4.015154826692686e-03	1.266860e-11	1.254317e-01
4.015758104879899e-03	1.288925e-11	1.276164e-01
4.016830001227476e-03	1.354527e-11	1.341116e-01
4.017922073780420e-03	1.435685e-11	1.421471e-01
4.019975850329843e-03	1.587749e-11	1.572029e-01
4.021855502250871e-03	1.714769e-11	1.697791e-01
4.024370411759797e-03	1.880008e-11	1.861395e-01
4.028529096913206e-03	2.158618e-11	2.137245e-01
4.032924934572280e-03	2.452719e-11	2.428435e-01
4.040737434572280e-03	2.973394e-11	2.943954e-01
4.048549934572280e-03	3.494287e-11	3.459690e-01
4.056362434572280e-03	4.014835e-11	3.975084e-01
4.064174934572280e-03	4.535467e-11	4.490562e-01
4.071987434572280e-03	5.056052e-11	5.005993e-01
4.079799934572280e-03	5.576655e-11	5.521442e-01
4.087612434572280e-03	6.097297e-11	6.036929e-01
4.095424934572280e-03	6.617906e-11	6.552384e-01
4.103237434572280e-03	7.138569e-11	7.067893e-01
4.111049934572280e-03	7.659197e-11	7.583366e-01
4.118862434572280e-03	8.179858e-11	8.098872e-01
4.126674934572280e-03	8.700503e-11	8.614361e-01
4.134487434572280e-03	9.221156e-11	9.129858e-01
4.142299934572280e-03	9.741809e-11	9.645355e-01
4.150112434572280e-03	1.026245e-10	1.016084e+00
4.157924934572280e-03	1.078310e-10	1.067634e+00
4.165737434572280e-03	1.130374e-10	1.119183e+00
4.173549934572280e-03	1.182439e-10	1.170732e+00
4.181362434572280e-03	1.234502e-10	1.222280e+00
4.189174934572280e-03	1.286566e-10	1.273828e+00
4.196987434572280e-03	1.338629e-10	1.325375e+00
4.204799934572280e-03	1.390692e-10	1.376923e+00
4.212612434572280e-03	1.442754e-10	1.428470e+00
4.220424934572280e-03	1.494816e-10	1.480016e+00
4.228237434572280e-03	1.546878e-10	1.531562e+00
4.236049934572280e-03	1.598939e-10	1.583108e+00
4.243862434572280e-03	1.651000e-10	1.634654e+00
4.251674934572280e-03	1.703060e-10	1.686198e+00
4.259487434572280e-03	1.755120e-10	1.737743e+00
4.267299934572280e-03	1.807180e-10	1.789287e+00
4.275112434572280e-03	1.859239e-10	1.840831e+00
4.282924934572280e-03	1.911298e-10	1.892375e+00
4.290737434572280e-03	1.963356e-10	1.943918e+00
4.298549934572280e-03	2.015415e-10	1.995460e+00
4.306362434572280e-03	2.067472e-10	2.047002e+00
4.314174934572280e-03	2.119528e-10	2.098544e+00
4.321987434572280e-03	2.171585e-10	2.150085e+00
4.329799934572280e-03	2.223642e-10	2.201627e+00
4.337612434572280e-03	2.275699e-10	2.253167e+00
4.345424934572280e-03	2.327754e-10	2.304707e+00
4.353237434572280e-03	2.379809e-10	2.356247e+00
4.361049934572280e-03	2.431863e-10	2.407786e+00
4.368862434572280e-03	2.483918e-10	2.459325e+00
4.376674934572280e-03	2.535972e-10	2.510864e+00
4.384487434572280e-03	2.588025e-10	2.562402e+00
4.392299934572280e-03	2.640078e-10	2.613939e+00
4.400112434572280e-03	2.692130e-10	2.665476e+00
4.407924934572280e-03	2.744183e-10	2.717013e+00
4.415737434572280e-03	2.796235e-10	2.768550e+00
4.423549934572280e-03	2.848286e-10	2.820086e+00
4.431362434572280e-03	2.900336e-10	2.871621e+00
4.439174934572280e-03	2.952387e-10	2.923156e+00
4.446987434572280e-03	3.004437e-10	2.974691e+00
4.454799934572280e-03	3.056487e-10	3.026225e+00
4.462612434572280e-03	3.108537e-10	3.077759e+00
4.470424934572280e-03	3.160586e-10	3.129293e+00
4.478237434572280e-03	3.212634e-10	3.180826e+00
4.486049934572280e-03	3.264682e-10	3.232358e+00
4.493862434572280e-03	3.316730e-10	3.283891e+00
4.501674934572280e-03	3.368777e-10	3.335423e+00
4.509487434572280e-03	3.420823e-10	3.386954e+00
4.517299934572280e-03	3.472869e-10	3.438485e+00
4.525112434572280e-03	3.524915e-10	3.490016e+00
4.532924934572280e-03	3.576961e-10	3.541546e+00
4.540737434572280e-03	3.629006e-10	3.593076e+00
4.548549934572280e-03	3.681051e-10	3.644605e+00
4.556362434572281e-03	3.733094e-10	3.696134e+00
4.564174934572281e-03	3.785138e-10	3.747663e+00
4.571987434572281e-03	3.837182e-10	3.799191e+00
4.579799934572281e-03	3.889226e-10	3.850719e+00
4.587612434572281e-03	3.941268e-10	3.902246e+00
4.595424934572281e-03	3.993311e-10	3.953773e+00
4.603237434572281e-03	4.045353e-10	4.005300e+00
4.611049934572281e-03	4.097395e-10	4.056826e+00
4.618862434572280e-03	4.149436e-10	4.108352e+00
4.626674934572280e-03	4.201475e-10	4.159878e+00
4.634487434572280e-03	4.253516e-10	4.211402e+00
4.642299934572280e-03	4.305556e-10	4.262927e+00
4.650112434572280e-03	4.357596e-10	4.314451e+00
4.657924934572280e-03	4.409636e-10	4.365975e+00
4.665737434572280e-03	4.461674e-10	4.417499e+00
4.673549934572280e-03	4.513712e-10	4.469022e+00
4.681362434572280e-03	4.565749e-10	4.520545e+00
4.689174934572280e-03	4.617786e-10	4.572067e+00
4.696987434572280e-03	4.669823e-10	4.623589e+00
4.704799934572280e-03	4.721861e-10	4.675110e+00
4.712612434572280e-03	4.773898e-10	4.726632e+00
4.720424934572280e-03	4.825935e-10	4.778152e+00
4.728237434572280e-03	4.877970e-10	4.829673e+00
4.736049934572280e-03	4.930005e-10	4.881193e+00
4.743862434572280e-03	4.982039e-10	4.932713e+00
4.751674934572280e-03	5.034073e-10	4.984232e+00
4.759487434572280e-03	5.086108e-10	5.035750e+00
4.767299934572280e-03	5.138142e-10	5.087269e+00
4.775112434572280e-03	5.190176e-10	5.138787e+00
4.782924934572280e-03	5.242208e-10	5.190305e+00
4.790737434572280e-03	5.294241e-10	5.241822e+00
4.798549934572280e-03	5.346271e-10	5.293339e+00
4.806362434572280e-03	5.398303e-10	5.344856e+00
4.821987434572280e-03	5.502366e-10	5.447888e+00
4.837612434572280e-03	5.606427e-10	5.550919e+00
4.853237434572280e-03	5.710488e-10	5.653948e+00
4.868862434572280e-03	5.814546e-10	5.756976e+00
4.884487434572280e-03	5.918602e-10	5.860002e+00
4.900112434572280e-03	6.022656e-10	5.963027e+00
4.915737434572280e-03	6.126710e-10	6.066050e+00
4.931362434572280e-03	6.230763e-10	6.169071e+00
4.946987434572280e-03	6.334812e-10	6.272091e+00
4.962612434572280e-03	6.438860e-10	6.375110e+00
4.978237434572280e-03	6.542907e-10	6.478127e+00
4.992187500000000e-03	6.635799e-10	6.570098e+00
5.000000000000000e-03	6.687822e-10	6.621605e+00
5.007812500000000e-03	6.739843e-10	6.673111e+00
5.015625000000000e-03	6.791863e-10	6.724617e+00
5.023437500000000e-03	6.843883e-10	6.776121e+00
5.031250000000000e-03	6.895902e-10	6.827625e+00
5.039062500000000e-03	6.947919e-10	6.879128e+00
5.046875000000000e-03	6.999935e-10	6.930630e+00
5.054687500000000e-03	7.051950e-10	6.982131e+00
5.062500000000000e-03	7.103966e-10	7.033630e+00
5.070312500000000e-03	7.155980e-10	7.085129e+00
5.078125000000000e-03	7.207992e-10	7.136625e+00
5.085937500000000e-03	7.260000e-10	7.188119e+00
5.093750000000000e-03	7.312006e-10	7.239611e+00
5.101562500000000e-03	7.364009e-10	7.291100e+00
5.109375000000000e-03	7.416010e-10	7.342585e+00
5.117187500000000e-03	7.468005e-10	7.394065e+00
5.125000000000000e-03	7.519995e-10	7.445541e+00
5.132812500000000e-03	7.571979e-10	7.497011e+00
5.140625000000000e-03	7.623956e-10	7.548473e+00
5.148437500000000e-03	7.675924e-10	7.599926e+00
5.156250000000000e-03	7.727881e-10	7.651368e+00
5.164062500000000e-03	7.779824e-10	7.702797e+00
5.171875000000000e-03	7.831752e-10	7.754210e+00
5.179687500000000e-03	7.883660e-10	7.805604e+00
5.187500000000000e-03	7.935543e-10	7.856975e+00
5.195312500000000e-03	7.987399e-10	7.908316e+00
5.203125000000000e-03	8.039219e-10	7.959623e+00
5.210937500000000e-03	8.090997e-10	8.010888e+00
5.218750000000000e-03	8.142723e-10	8.062101e+00
5.226562500000000e-03	8.194383e-10	8.113253e+00
5.234375000000000e-03	8.245969e-10	8.164328e+00
5.242187500000000e-03	8.297464e-10	8.215312e+00
5.250000000000000e-03	8.348845e-10	8.266185e+00
5.257812500000000e-03	8.400091e-10	8.316924e+00
5.265625000000000e-03	8.451176e-10	8.367500e+00
5.273437500000000e-03	8.502062e-10	8.417881e+00
5.281250000000000e-03	8.552707e-10	8.468027e+00
5.289062500000000e-03	8.603068e-10	8.517890e+00
5.296875000000000e-03	8.653089e-10	8.567415e+00
5.304687500000000e-03	8.702702e-10	8.616537e+00
5.312500000000000e-03	8.751834e-10	8.665181e+00
5.320312500000000e-03	8.800398e-10	8.713263e+00
5.328125000000000e-03	8.848295e-10	8.760688e+00
5.335937500000000e-03	8.895423e-10	8.807350e+00
5.343750000000000e-03	8.941671e-10	8.853141e+00
5.351562500000000e-03	8.986922e-10	8.897943e+00
5.359375000000000e-03	9.031059e-10	8.941644e+00
5.367187500000000e-03	9.073981e-10	8.984138e+00
5.375000000000000e-03	9.115588e-10	9.025333e+00
5.382812500000000e-03	9.155808e-10	9.065156e+00
5.390625000000000e-03	9.194594e-10	9.103559e+00
5.398437500000000e-03	9.231921e-10	9.140516e+00
5.406250000000000e-03	9.267788e-10	9.176027e+00
5.414062500000000e-03	9.302214e-10	9.210111e+00
5.421875000000000e-03	9.335230e-10	9.242800e+00
5.429687500000000e-03	9.366883e-10	9.274138e+00
5.437500000000000e-03	9.397219e-10	9.304174e+00
5.445312500000000e-03	9.426291e-10	9.332960e+00
5.453125000000000e-03	9.454150e-10	9.360544e+00
5.460937500000000e-03	9.480847e-10	9.386978e+00
5.468750000000000e-03	9.506435e-10	9.412312e+00
5.476562500000000e-03	9.530954e-10	9.436588e+00
5.484375000000000e-03	9.554451e-10	9.459854e+00
5.492187500000000e-03	9.576973e-10	9.482152e+00
5.500000000000000e-03	9.598556e-10	9.503521e+00
5.507812500000000e-03	9.619241e-10	9.524000e+00
5.515625000000000e-03	9.639063e-10	9.543628e+00
5.523437500000000e-03	9.658060e-10	9.562438e+00
5.539062500000000e-03	9.693721e-10	9.597744e+00
5.546875000000000e-03	9.710445e-10	9.614304e+00
5.570312500000000e-03	9.756560e-10	9.659961e+00
5.593750000000000e-03	9.797156e-10	9.700154e+00
5.617187500000000e-03	9.832892e-10	9.735538e+00
5.640625000000000e-03	9.864356e-10	9.766688e+00
5.664062500000000e-03	9.892053e-10	9.794111e+00
5.687500000000000e-03	9.916437e-10	9.818254e+00
5.703125000000000e-03	9.931049e-10	9.832723e+00
5.718750000000000e-03	9.944474e-10	9.846013e+00
5.734375000000000e-03	9.956805e-10	9.858222e+00
5.750000000000000e-03	9.968131e-10	9.869436e+00
5.765625000000000e-03	9.978535e-10	9.879739e+00
5.781250000000000e-03	9.988090e-10	9.889202e+00
5.796875000000000e-03	9.996873e-10	9.897895e+00
5.812500000000000e-03	1.000494e-09	9.905881e+00
5.828125000000000e-03	1.001235e-09	9.913218e+00
5.843750000000000e-03	1.001916e-09	9.919957e+00
5.851562500000000e-03	1.002235e-09	9.923119e+00
5.859375000000000e-03	1.002541e-09	9.926148e+00
5.867187500000000e-03	1.002834e-09	9.929053e+00
5.875000000000000e-03	1.003116e-09	9.931837e+00
5.882812500000000e-03	1.003385e-09	9.934505e+00
5.890625000000000e-03	1.003643e-09	9.937063e+00
5.898437500000000e-03	1.003891e-09	9.939516e+00
5.906250000000000e-03	1.004128e-09	9.941866e+00
5.914062500000000e-03	1.004356e-09	9.944118e+00
5.921875000000000e-03	1.004574e-09	9.946278e+00
5.929687500000000e-03	1.004783e-09	9.948349e+00
5.937500000000000e-03	1.004984e-09	9.950333e+00
5.945312500000000e-03	1.005176e-09	9.952236e+00
5.953125000000000e-03	1.005360e-09	9.954060e+00
5.960937500000000e-03	1.005537e-09	9.955809e+00
5.968750000000000e-03	1.005706e-09	9.957485e+00
5.976562500000000e-03	1.005868e-09	9.959092e+00
5.984375000000000e-03	1.006024e-09	9.960632e+00
5.992187500000000e-03	1.006173e-09	9.962111e+00
6.000000000000000e-03	1.006316e-09	9.963528e+00
6.007812500000000e-03	1.006453e-09	9.964886e+00
6.015625000000000e-03	1.006585e-09	9.966188e+00
6.023437500000000e-03	1.006711e-09	9.967438e+00
6.031250000000000e-03	1.006832e-09	9.968635e+00
6.039062500000000e-03	1.006948e-09	9.969783e+00
6.046875000000000e-03	1.007059e-09	9.970884e+00
6.054687500000000e-03	1.007166e-09	9.971940e+00
6.062500000000000e-03	1.007268e-09	9.972952e+00
6.070312500000000e-03	1.007366e-09	9.973923e+00
6.078125000000000e-03	1.007460e-09	9.974854e+00
6.085937500000000e-03	1.007550e-09	9.975744e+00
6.093750000000000e-03	1.007636e-09	9.976600e+00
6.101562500000000e-03	1.007719e-09	9.977419e+00
6.109375000000000e-03	1.007799e-09	9.978205e+00
6.117187500000000e-03	1.007875e-09	9.978957e+00
6.125000000000000e-03	1.007947e-09	9.979679e+00
6.132812500000000e-03	1.008017e-09	9.980371e+00
6.140625000000000e-03	1.008085e-09	9.981033e+00
6.148437500000000e-03	1.008148e-09	9.981668e+00
6.156250000000000e-03	1.008210e-09	9.982276e+00
6.164062500000000e-03	1.008268e-09	9.982859e+00
6.171875000000000e-03	1.008325e-09	9.983418e+00
6.179687500000000e-03	1.008379e-09	9.983952e+00
6.187500000000000e-03	1.008431e-09	9.984465e+00
6.195312500000000e-03	1.008480e-09	9.984956e+00
6.203125000000000e-03	1.008528e-09	9.985426e+00
6.210937500000000e-03	1.008574e-09	9.985877e+00
6.218750000000000e-03	1.008617e-09	9.986309e+00
6.226562500000000e-03	1.008659e-09	9.986723e+00
6.234375000000000e-03	1.008699e-09	9.987119e+00
6.242187500000000e-03	1.008737e-09	9.987498e+00
6.250000000000000e-03	1.008774e-09	9.987862e+00
6.257812500000000e-03	1.008809e-09	9.988210e+00
6.265625000000000e-03	1.008843e-09	9.988544e+00
6.273437500000000e-03	1.008875e-09	9.988863e+00
6.281250000000000e-03	1.008906e-09	9.989168e+00
6.289062500000000e-03	1.008936e-09	9.989462e+00
6.296875000000000e-03	1.008964e-09	9.989742e+00
6.304687500000000e-03	1.008991e-09	9.990011e+00
6.312500000000000e-03	1.009017e-09	9.990269e+00
6.320312500000000e-03	1.009042e-09	9.990515e+00
6.328125000000000e-03	1.009066e-09	9.990751e+00
6.343750000000000e-03	1.009110e-09	9.991194e+00
6.359375000000000e-03	1.009152e-09	9.991600e+00
6.375000000000000e-03	1.009189e-09	9.991972e+00
6.390625000000000e-03	1.009223e-09	9.992313e+00
6.414062500000000e-03	1.009270e-09	9.992773e+00
6.437500000000000e-03	1.009310e-09	9.993176e+00
6.460937500000000e-03	1.009346e-09	9.993530e+00
6.476562500000000e-03	1.009368e-09	9.993741e+00
6.500000000000000e-03	1.009397e-09	9.994026e+00
6.523437500000000e-03	1.009422e-09	9.994276e+00
6.546875000000000e-03	1.009444e-09	9.994494e+00
6.570312500000000e-03	1.009463e-09	9.994687e+00
6.593750000000000e-03	1.009480e-09	9.994856e+00
6.617187500000000e-03	1.009495e-09	9.995004e+00
6.640625000000000e-03	1.009508e-09	9.995133e+00
6.664062500000000e-03	1.009520e-09	9.995247e+00
6.687500000000000e-03	1.009530e-09	9.995347e+00
6.710937500000000e-03	1.009539e-09	9.995435e+00
6.734375000000000e-03	1.009547e-09	9.995512e+00
6.757812500000000e-03	1.009553e-09	9.995579e+00
6.781250000000000e-03	1.009559e-09	9.995638e+00
6.796875000000000e-03	1.009563e-09	9.995673e+00
6.820312500000000e-03	1.009568e-09	9.995720e+00
6.835937500000000e-03	1.009571e-09	9.995749e+00
6.843750000000000e-03	1.009572e-09	9.995762e+00
6.867187500000000e-03	1.009576e-09	9.995798e+00
6.882812500000000e-03	1.009578e-09	9.995820e+00
6.898437500000000e-03	1.009580e-09	9.995839e+00
6.921875000000000e-03	1.009582e-09	9.995867e+00
6.945312500000000e-03	1.009585e-09	9.995890e+00
6.968750000000000e-03	1.009587e-09	9.995911e+00
6.992187500000000e-03	1.009588e-09	9.995928e+00
7.015625000000000e-03	1.009590e-09	9.995944e+00
7.039062500000000e-03	1.009592e-09	9.995957e+00
7.062500000000000e-03	1.009593e-09	9.995970e+00
7.085937500000000e-03	1.009594e-09	9.995980e+00
7.109375000000000e-03	1.009595e-09	9.995990e+00
7.132812500000000e-03	1.009596e-09	9.995998e+00
7.156250000000000e-03	1.009596e-09	9.996005e+00
7.179687500000000e-03	1.009597e-09	9.996012e+00
7.203125000000000e-03	1.009598e-09	9.996017e+00
7.226562500000000e-03	1.009598e-09	9.996022e+00
7.250000000000000e-03	1.009599e-09	9.996026e+00
7.273437500000000e-03	1.009599e-09	9.996030e+00
7.296875000000000e-03	1.009600e-09	9.996033e+00
7.320312500000000e-03	1.009600e-09	9.996036e+00
7.343750000000000e-03	1.009600e-09	9.996038e+00
7.367187500000000e-03	1.009600e-09	9.996040e+00
7.390625000000000e-03	1.009600e-09	9.996042e+00
7.414062500000000e-03	1.009600e-09	9.996044e+00
7.434151785714285e-03	1.009600e-09	9.996045e+00
7.454241071428571e-03	1.009601e-09	9.996046e+00
7.474330357142856e-03	1.009601e-09	9.996047e+00
7.494419642857143e-03	1.009601e-09	9.996048e+00
7.514508928571429e-03	1.009601e-09	9.996049e+00
7.534598214285714e-03	1.009601e-09	9.996050e+00
7.554687500000000e-03	1.009601e-09	9.996051e+00
7.578125000000000e-03	1.009601e-09	9.996051e+00
7.601562500000000e-03	1.009601e-09	9.996052e+00
7.625000000000000e-03	1.009601e-09	9.996053e+00
7.648437500000000e-03	1.009601e-09	9.996053e+00
7.671875000000000e-03	1.009601e-09	9.996053e+00
7.695312500000000e-03	1.009601e-09	9.996054e+00
7.718750000000000e-03	1.009601e-09	9.996054e+00
7.751116071428571e-03	1.009601e-09	9.996054e+00
7.783482142857142e-03	1.009601e-09	9.996054e+00
7.815848214285714e-03	1.009601e-09	9.996055e+00
7.848214285714285e-03	1.009601e-09	9.996055e+00
7.880580357142857e-03	1.009601e-09	9.996055e+00
7.912946428571427e-03	1.009601e-09	9.996055e+00
7.945312499999999e-03	1.009601e-09	9.996056e+00
7.992187499999999e-03	1.009601e-09	9.996056e+00
8.000000000000000e-03	1.009601e-09	9.996056e+00
