time	-I(Rl)	V(vout)
0.000000000000000e+00	1.010747e-09	9.996056e+00
6.835937149674010e-09	1.010747e-09	9.996056e+00
1.367187811404528e-08	1.015188e-09	9.996077e+00
1.467187906771960e-08	1.044498e-09	9.996077e+00
1.567187906771960e-08	1.172396e-09	9.996066e+00
1.667187906771960e-08	1.329603e-09	9.996056e+00
1.767187906771960e-08	1.174616e-09	9.996056e+00
1.867187906771960e-08	1.018149e-09	9.996056e+00
2.067187906771960e-08	1.015188e-09	9.996056e+00
2.167187906771960e-08	1.015188e-09	9.996056e+00
2.367187906771960e-08	1.435000e-09	9.996056e+00
2.467187906771960e-08	1.661782e-09	9.996056e+00
2.567187906771960e-08	1.467271e-09	9.996056e+00
2.767187906771960e-08	1.017497e-09	9.996056e+00
2.817187906771960e-08	1.012227e-09	9.996056e+00
2.917187906771960e-08	1.015188e-09	9.996077e+00
2.917188049823107e-08	1.044498e-09	9.996097e+00
3.017188049823107e-08	1.047458e-09	9.996069e+00
3.217188049823107e-08	1.015264e-09	9.996067e+00
3.218750645190539e-08	1.015188e-09	9.996091e+00
3.318750645190539e-08	1.044498e-09	9.996077e+00
3.318750788241687e-08	1.015188e-09	9.996098e+00
3.418750788241687e-08	1.029399e-09	9.996061e+00
3.431250788241687e-08	1.028313e-09	9.996059e+00
3.531250788241687e-08	1.034284e-09	9.996058e+00
3.631250883609119e-08	1.044498e-09	9.996077e+00
3.731250883609119e-08	1.051603e-09	9.996066e+00
3.831250883609120e-08	1.047458e-09	9.996056e+00
4.031250883609119e-08	1.020221e-09	9.996056e+00
4.431250883609120e-08	1.014300e-09	9.996056e+00
4.531250883609120e-08	1.017408e-09	9.996057e+00
4.631250883609120e-08	1.019629e-09	9.996057e+00
4.731250883609120e-08	1.019629e-09	9.996056e+00
4.831250883609121e-08	1.034284e-09	9.996056e+00
4.931250883609121e-08	1.047458e-09	9.996056e+00
5.131250883609121e-08	1.033248e-09	9.996056e+00
5.531250883609121e-08	1.010747e-09	9.996056e+00
6.331250883609121e-08	1.010747e-09	9.996056e+00
7.931250883609121e-08	1.010747e-09	9.996056e+00
1.113125088360912e-07	1.010747e-09	9.996056e+00
1.753125088360912e-07	1.010747e-09	9.996056e+00
3.033125088360913e-07	1.010747e-09	9.996056e+00
5.593125088360913e-07	1.010747e-09	9.996056e+00
2.095312508836091e-06	1.010747e-09	9.996056e+00
1.176208929455038e-05	1.010747e-09	9.996056e+00
2.142886608026467e-05	1.010747e-09	9.996056e+00
3.109564286597896e-05	1.010747e-09	9.996056e+00
4.076241965169324e-05	1.010747e-09	9.996056e+00
5.042919643740753e-05	1.010747e-09	9.996056e+00
6.009597322312182e-05	1.010747e-09	9.996056e+00
6.976275000883610e-05	1.010747e-09	9.996056e+00
1.999127497882442e-03	1.010747e-09	9.996056e+00
2.000000000000000e-03	1.010747e-09	9.996094e+00
2.000000000000596e-03	5.282055e+01	5.050825e+00
2.000000125001550e-03	5.778919e+01	5.778920e-02
2.000001125001550e-03	1.479445e+01	1.479445e-02
2.000002125001550e-03	1.255719e+01	1.255719e-02
2.000003125001550e-03	1.209066e+01	1.209067e-02
2.000004125001550e-03	1.184936e+01	1.184936e-02
2.000005125001549e-03	1.174939e+01	1.174939e-02
2.000006125001549e-03	1.173842e+01	1.173842e-02
2.000007285371153e-03	1.177648e+01	1.177648e-02
2.000007410371153e-03	1.178599e+01	1.178599e-02
2.000008410371153e-03	1.189599e+01	1.189599e-02
2.000009410371153e-03	1.200430e+01	1.200430e-02
2.000010410371153e-03	1.210517e+01	1.210517e-02
2.000010410371911e-03	1.210541e+01	1.210541e-02
2.000010410372388e-03	1.210556e+01	1.210556e-02
2.000010410372507e-03	1.210556e+01	1.210556e-02
2.000010410372537e-03	1.210556e+01	1.210556e-02
2.000011410372537e-03	1.217672e+01	1.217672e-02
2.000012410372537e-03	1.223424e+01	1.223424e-02
2.000013410372656e-03	1.227916e+01	1.227916e-02
2.000014410372656e-03	1.230550e+01	1.230550e-02
2.000015410372656e-03	1.232644e+01	1.232644e-02
2.000016410372656e-03	1.234188e+01	1.234188e-02
2.000017410372656e-03	1.235337e+01	1.235337e-02
2.000018410372656e-03	1.236180e+01	1.236180e-02
2.000019410372656e-03	1.236534e+01	1.236534e-02
2.000020410372655e-03	1.236073e+01	1.236073e-02
2.000021410372655e-03	1.234990e+01	1.234990e-02
2.000022410372655e-03	1.233840e+01	1.233840e-02
2.000023410372655e-03	1.232865e+01	1.232865e-02
2.000024410372655e-03	1.232077e+01	1.232077e-02
2.000025410372655e-03	1.231472e+01	1.231472e-02
2.000025410373609e-03	1.231479e+01	1.231479e-02
2.000025410375516e-03	1.231494e+01	1.231494e-02
2.000025410375993e-03	1.231494e+01	1.231494e-02
2.000025410376947e-03	1.231494e+01	1.231494e-02
2.000025410378854e-03	1.231494e+01	1.231494e-02
2.000025410382669e-03	1.231494e+01	1.231494e-02
2.000026410382669e-03	1.231190e+01	1.231190e-02
2.000027410382669e-03	1.231050e+01	1.231050e-02
2.000028410382668e-03	1.231080e+01	1.231080e-02
2.000029410382668e-03	1.231234e+01	1.231234e-02
2.000030410382668e-03	1.231479e+01	1.231480e-02
2.000031410382668e-03	1.231794e+01	1.231794e-02
2.000032410382668e-03	1.232158e+01	1.232158e-02
2.000033410382668e-03	1.232560e+01	1.232560e-02
2.000035410382668e-03	1.233414e+01	1.233414e-02
2.000036410382668e-03	1.233864e+01	1.233864e-02
2.000037410382668e-03	1.234328e+01	1.234328e-02
2.000038410382668e-03	1.234795e+01	1.234795e-02
2.000038535382667e-03	1.234854e+01	1.234854e-02
2.000039535382667e-03	1.235321e+01	1.235321e-02
2.000040535382667e-03	1.235789e+01	1.235789e-02
2.000041535382667e-03	1.236256e+01	1.236256e-02
2.000042535383621e-03	1.236746e+01	1.236746e-02
2.000043535383621e-03	1.237202e+01	1.237203e-02
2.000044535383621e-03	1.237661e+01	1.237661e-02
2.000045535384098e-03	1.238155e+01	1.238155e-02
2.000046535384097e-03	1.238623e+01	1.238623e-02
2.000047535384097e-03	1.239095e+01	1.239095e-02
2.000047660384097e-03	1.239157e+01	1.239157e-02
2.000047785384832e-03	1.239240e+01	1.239240e-02
2.000048785384832e-03	1.239727e+01	1.239728e-02
2.000049785384832e-03	1.240226e+01	1.240226e-02
2.000050785384832e-03	1.240765e+01	1.240766e-02
2.000050787337957e-03	1.240759e+01	1.240759e-02
2.000050787340818e-03	1.240732e+01	1.240732e-02
2.000051787340818e-03	1.241292e+01	1.241292e-02
2.000052787340818e-03	1.241862e+01	1.241862e-02
2.000053787340817e-03	1.242454e+01	1.242454e-02
2.000054787340817e-03	1.243077e+01	1.243077e-02
2.000055787340817e-03	1.243735e+01	1.243735e-02
2.000056787340817e-03	1.244443e+01	1.244443e-02
2.000056787341771e-03	1.244457e+01	1.244457e-02
2.000056787342248e-03	1.244465e+01	1.244465e-02
2.000056787342725e-03	1.244465e+01	1.244465e-02
2.000057787342725e-03	1.245183e+01	1.245184e-02
2.000058787342725e-03	1.245963e+01	1.245963e-02
2.000059787342725e-03	1.246807e+01	1.246807e-02
2.000060787342725e-03	1.247710e+01	1.247710e-02
2.000061787342724e-03	1.248678e+01	1.248678e-02
2.000062787342724e-03	1.249735e+01	1.249735e-02
2.000064787342724e-03	1.252174e+01	1.252174e-02
2.000068787342724e-03	1.258467e+01	1.258467e-02
2.000076787342724e-03	1.275631e+01	1.275631e-02
2.000084648987971e-03	1.298842e+01	1.298842e-02
2.000093291895888e-03	1.330789e+01	1.330789e-02
2.000094100049072e-03	1.334248e+01	1.334248e-02
2.000095100049072e-03	1.338924e+01	1.338924e-02
2.000096100049072e-03	1.343757e+01	1.343758e-02
2.000097100049072e-03	1.348764e+01	1.348764e-02
2.000098100049072e-03	1.353948e+01	1.353948e-02
2.000099100049072e-03	1.359348e+01	1.359348e-02
2.000101100049072e-03	1.370877e+01	1.370877e-02
2.000105100049072e-03	1.396566e+01	1.396566e-02
2.000112192057425e-03	1.448896e+01	1.448896e-02
2.000121636110025e-03	1.527488e+01	1.527488e-02
2.000126945385820e-03	1.574904e+01	1.574904e-02
2.000127945385820e-03	1.583760e+01	1.583760e-02
2.000128070385819e-03	1.584799e+01	1.584799e-02
2.000129070385819e-03	1.592829e+01	1.592829e-02
2.000130070385819e-03	1.600817e+01	1.600817e-02
2.000131070385819e-03	1.608717e+01	1.608717e-02
2.000132070629960e-03	1.616541e+01	1.616541e-02
2.000133070629960e-03	1.623937e+01	1.623937e-02
2.000134070874100e-03	1.631161e+01	1.631162e-02
2.000135070874100e-03	1.637432e+01	1.637432e-02
2.000136070874100e-03	1.642809e+01	1.642809e-02
2.000137070874100e-03	1.646282e+01	1.646282e-02
2.000138070874100e-03	1.645602e+01	1.645602e-02
2.000139070874100e-03	1.636860e+01	1.636860e-02
2.000140070874100e-03	1.621522e+01	1.621522e-02
2.000141070874100e-03	1.606469e+01	1.606469e-02
2.000141070875530e-03	1.606491e+01	1.606491e-02
2.000142070875530e-03	1.616954e+01	1.616954e-02
2.000143070875530e-03	1.629363e+01	1.629363e-02
2.000144070875530e-03	1.642271e+01	1.642272e-02
2.000144195876007e-03	1.643757e+01	1.643757e-02
2.000145196120148e-03	1.654825e+01	1.654825e-02
2.000146196120147e-03	1.665482e+01	1.665482e-02
2.000146211745147e-03	1.665645e+01	1.665645e-02
2.000147211745147e-03	1.676092e+01	1.676092e-02
2.000148211745147e-03	1.686606e+01	1.686606e-02
2.000149211745147e-03	1.697224e+01	1.697225e-02
2.000150211745147e-03	1.707965e+01	1.707965e-02
2.000151211745147e-03	1.718833e+01	1.718833e-02
2.000152211745147e-03	1.729833e+01	1.729833e-02
2.000153211745147e-03	1.740985e+01	1.740986e-02
2.000155211745147e-03	1.763793e+01	1.763793e-02
2.000159211745147e-03	1.811204e+01	1.811204e-02
2.000165397310675e-03	1.888649e+01	1.888649e-02
2.000172222397421e-03	1.978579e+01	1.978579e-02
2.000173540198233e-03	1.996707e+01	1.996707e-02
2.000174540198233e-03	2.010850e+01	2.010850e-02
2.000175540198233e-03	2.025112e+01	2.025112e-02
2.000175675230349e-03	2.027053e+01	2.027053e-02
2.000176675230348e-03	2.041544e+01	2.041544e-02
2.000177675230348e-03	2.056119e+01	2.056119e-02
2.000177800230348e-03	2.057955e+01	2.057955e-02
2.000178800230348e-03	2.072758e+01	2.072758e-02
2.000179800230348e-03	2.087669e+01	2.087670e-02
2.000180925802788e-03	2.104644e+01	2.104645e-02
2.000183176947666e-03	2.139297e+01	2.139298e-02
2.000187679237423e-03	2.211384e+01	2.211384e-02
2.000196683816938e-03	2.364936e+01	2.364936e-02
2.000209955567532e-03	2.610289e+01	2.610290e-02
2.000225170423408e-03	2.916756e+01	2.916756e-02
2.000241299407813e-03	3.264788e+01	3.264789e-02
2.000252666616444e-03	3.520543e+01	3.520543e-02
2.000264241419094e-03	3.784871e+01	3.784871e-02
2.000276203391330e-03	4.051050e+01	4.051050e-02
2.000299037257606e-03	4.522643e+01	4.522644e-02
2.000319889796564e-03	4.890765e+01	4.890766e-02
2.000345153222106e-03	5.231414e+01	5.231414e-02
2.000372622234349e-03	5.467328e+01	5.467328e-02
2.000426018457234e-03	5.699480e+01	5.699480e-02
2.000464078177438e-03	5.763753e+01	5.763754e-02
2.000477134913840e-03	5.766061e+01	5.766061e-02
2.000478134913840e-03	5.765863e+01	5.765864e-02
2.000478134976782e-03	5.765877e+01	5.765878e-02
2.000479134976782e-03	5.765530e+01	5.765531e-02
2.000480134976782e-03	5.765173e+01	5.765173e-02
2.000481442104971e-03	5.764666e+01	5.764667e-02
2.000484056361350e-03	5.763522e+01	5.763522e-02
2.000489284874108e-03	5.760814e+01	5.760814e-02
2.000499741899624e-03	5.754018e+01	5.754018e-02
2.000520655950655e-03	5.737062e+01	5.737063e-02
2.000541156868358e-03	5.717359e+01	5.717359e-02
2.000553305544912e-03	5.704349e+01	5.704349e-02
2.000554305544912e-03	5.703188e+01	5.703188e-02
2.000555305544912e-03	5.702023e+01	5.702023e-02
2.000556305544912e-03	5.700855e+01	5.700856e-02
2.000558305544912e-03	5.698501e+01	5.698502e-02
2.000562305544912e-03	5.693711e+01	5.693711e-02
2.000569775070824e-03	5.684482e+01	5.684483e-02
2.000582409640824e-03	5.668416e+01	5.668417e-02
2.000583894423971e-03	5.666477e+01	5.666478e-02
2.000586863990265e-03	5.662506e+01	5.662507e-02
2.000592803122852e-03	5.654387e+01	5.654388e-02
2.000604681388027e-03	5.637774e+01	5.637775e-02
2.000606756498772e-03	5.634803e+01	5.634803e-02
2.000610906720263e-03	5.628709e+01	5.628709e-02
2.000619207163244e-03	5.616151e+01	5.616152e-02
2.000635808049206e-03	5.589719e+01	5.589720e-02
2.000658652355906e-03	5.550278e+01	5.550279e-02
2.000690028645983e-03	5.487105e+01	5.487106e-02
2.000752781226138e-03	5.324210e+01	5.324210e-02
2.000828818442532e-03	5.050635e+01	5.050635e-02
2.000910034395595e-03	4.668974e+01	4.668974e-02
2.000966681048804e-03	4.367505e+01	4.367505e-02
2.001036133892191e-03	3.990671e+01	3.990671e-02
2.001037133892668e-03	3.985299e+01	3.985300e-02
2.001038133892667e-03	3.980073e+01	3.980073e-02
2.001039133892667e-03	3.974860e+01	3.974861e-02
2.001040133892667e-03	3.969649e+01	3.969649e-02
2.001040258892667e-03	3.968998e+01	3.968998e-02
2.001041258892667e-03	3.963799e+01	3.963799e-02
2.001042258892667e-03	3.958604e+01	3.958605e-02
2.001043258892667e-03	3.953416e+01	3.953417e-02
2.001045258892667e-03	3.943052e+01	3.943053e-02
2.001046258892667e-03	3.937878e+01	3.937878e-02
2.001047258892786e-03	3.932688e+01	3.932688e-02
2.001049258892786e-03	3.922396e+01	3.922397e-02
2.001051258892785e-03	3.912104e+01	3.912104e-02
2.001054434883035e-03	3.895812e+01	3.895812e-02
2.001060786863535e-03	3.863430e+01	3.863431e-02
2.001073490824534e-03	3.799425e+01	3.799425e-02
2.001098898746533e-03	3.674131e+01	3.674132e-02
2.001149714590530e-03	3.432270e+01	3.432270e-02
2.001251346278524e-03	2.969963e+01	2.969963e-02
2.001351148580086e-03	2.549662e+01	2.549662e-02
2.001432058527487e-03	2.266465e+01	2.266465e-02
2.001532954400854e-03	1.996074e+01	1.996074e-02
2.001585103184294e-03	1.889928e+01	1.889929e-02
2.001650255996060e-03	1.786039e+01	1.786039e-02
2.001716676530562e-03	1.696614e+01	1.696614e-02
2.001779030274491e-03	1.624277e+01	1.624278e-02
2.001810339494931e-03	1.592208e+01	1.592208e-02
2.001842264203337e-03	1.562212e+01	1.562213e-02
2.001870717980085e-03	1.536743e+01	1.536743e-02
2.001900479094741e-03	1.511639e+01	1.511639e-02
2.001950793333534e-03	1.472367e+01	1.472367e-02
2.002019449621995e-03	1.424187e+01	1.424187e-02
2.002133123576079e-03	1.354673e+01	1.354674e-02
2.002267300856546e-03	1.284372e+01	1.284372e-02
2.002403218900953e-03	1.223921e+01	1.223921e-02
2.002549909246116e-03	1.166538e+01	1.166538e-02
2.002574960769584e-03	1.157574e+01	1.157574e-02
2.002605969785199e-03	1.147123e+01	1.147123e-02
2.002641999219459e-03	1.135321e+01	1.135321e-02
2.002677103020544e-03	1.124171e+01	1.124171e-02
2.002717252684786e-03	1.111850e+01	1.111850e-02
2.002770110491061e-03	1.096220e+01	1.096220e-02
2.002827440719901e-03	1.079977e+01	1.079977e-02
2.002900109979653e-03	1.060380e+01	1.060380e-02
2.002983871121345e-03	1.039088e+01	1.039088e-02
2.003102812068881e-03	1.010745e+01	1.010745e-02
2.003204375631397e-03	9.880903e+00	9.880904e-03
2.003314556429489e-03	9.653294e+00	9.653294e-03
2.003515976359882e-03	9.269322e+00	9.269323e-03
2.003712088132095e-03	8.929874e+00	8.929875e-03
2.004032073170902e-03	8.437259e+00	8.437260e-03
2.004433452206902e-03	7.891866e+00	7.891866e-03
2.004896736038455e-03	7.342256e+00	7.342257e-03
2.005427199126531e-03	6.804645e+00	6.804645e-03
2.006488125302683e-03	5.901281e+00	5.901282e-03
2.007586965536317e-03	5.145061e+00	5.145061e-03
2.009650467043445e-03	4.045155e+00	4.045155e-03
2.011606678882231e-03	3.239345e+00	3.239346e-03
2.013187258446643e-03	2.800162e+00	2.800162e-03
2.014134155868713e-03	2.795014e+00	2.795014e-03
2.014961832333189e-03	3.053413e+00	3.053413e-03
2.015356135864677e-03	3.206458e+00	3.206458e-03
2.015569556319270e-03	3.276835e+00	3.276835e-03
2.015795555354057e-03	3.352190e+00	3.352190e-03
2.015977283142632e-03	3.416632e+00	3.416633e-03
2.016114218870389e-03	3.465420e+00	3.465420e-03
2.016256657406951e-03	3.515743e+00	3.515743e-03
2.016387003980435e-03	3.561711e+00	3.561712e-03
2.016553001151882e-03	3.620568e+00	3.620568e-03
2.016878930188412e-03	3.737329e+00	3.737329e-03
2.017361783822323e-03	3.912589e+00	3.912589e-03
2.017974927091501e-03	4.122671e+00	4.122672e-03
2.019089748030255e-03	4.380755e+00	4.380756e-03
2.020298459316794e-03	4.439743e+00	4.439743e-03
2.020877298107885e-03	4.389690e+00	4.389690e-03
2.021496384145692e-03	4.315158e+00	4.315159e-03
2.022145318950144e-03	4.241413e+00	4.241413e-03
2.022614089865725e-03	4.191376e+00	4.191377e-03
2.023000902215534e-03	4.152287e+00	4.152288e-03
2.023401479340815e-03	4.112398e+00	4.112399e-03
2.023772958364987e-03	4.077650e+00	4.077650e-03
2.024263621827659e-03	4.033533e+00	4.033533e-03
2.024742261808696e-03	3.992201e+00	3.992202e-03
2.025173949799713e-03	3.956874e+00	3.956874e-03
2.025684189220007e-03	3.916863e+00	3.916863e-03
2.026263153533010e-03	3.874355e+00	3.874355e-03
2.027287656025101e-03	3.805610e+00	3.805610e-03
2.028863143477361e-03	3.711257e+00	3.711257e-03
2.030366830546463e-03	3.633978e+00	3.633978e-03
2.032541351053753e-03	3.542034e+00	3.542035e-03
2.035321458350555e-03	3.443071e+00	3.443071e-03
2.035627667702182e-03	3.433777e+00	3.433778e-03
2.036240086405437e-03	3.417217e+00	3.417217e-03
2.036695402425450e-03	3.405354e+00	3.405354e-03
2.037127357335380e-03	3.394645e+00	3.394645e-03
2.037562870675518e-03	3.384323e+00	3.384323e-03
2.037977705616049e-03	3.374812e+00	3.374812e-03
2.038164668460787e-03	3.370626e+00	3.370627e-03
2.038165668460786e-03	3.370604e+00	3.370605e-03
2.038167668460786e-03	3.370560e+00	3.370560e-03
2.038171668460786e-03	3.370471e+00	3.370471e-03
2.038179668460786e-03	3.370293e+00	3.370293e-03
2.038195668460786e-03	3.369938e+00	3.369939e-03
2.038219150006003e-03	3.369417e+00	3.369418e-03
2.038266113096438e-03	3.368381e+00	3.368381e-03
2.038360039277306e-03	3.366338e+00	3.366339e-03
2.038547891639043e-03	3.362353e+00	3.362353e-03
2.038923596362517e-03	3.354677e+00	3.354677e-03
2.039675005809464e-03	3.340220e+00	3.340220e-03
2.040815078148068e-03	3.320122e+00	3.320123e-03
2.042112900493601e-03	3.299819e+00	3.299819e-03
2.043804070176444e-03	3.277125e+00	3.277125e-03
2.045967337310951e-03	3.253398e+00	3.253398e-03
2.049271205452416e-03	3.225965e+00	3.225965e-03
2.054042156122358e-03	3.198137e+00	3.198138e-03
2.058692628489369e-03	3.180418e+00	3.180418e-03
2.063381966831167e-03	3.169402e+00	3.169402e-03
2.068344729748825e-03	3.162240e+00	3.162240e-03
2.073352243502090e-03	3.157857e+00	3.157857e-03
2.078579360317673e-03	3.155138e+00	3.155139e-03
2.084009769294545e-03	3.153492e+00	3.153493e-03
2.089928611497047e-03	3.152481e+00	3.152482e-03
2.096445293851666e-03	3.151876e+00	3.151877e-03
2.103080905320960e-03	3.151552e+00	3.151552e-03
2.109143687058405e-03	3.151400e+00	3.151400e-03
2.115979624558405e-03	3.151312e+00	3.151312e-03
2.122815562058405e-03	3.151267e+00	3.151267e-03
2.129651499558405e-03	3.151244e+00	3.151244e-03
2.136487437058405e-03	3.151232e+00	3.151232e-03
2.143323374558405e-03	3.151225e+00	3.151225e-03
2.150159312058406e-03	3.151221e+00	3.151222e-03
2.156995249558406e-03	3.151219e+00	3.151219e-03
2.163831187058406e-03	3.151217e+00	3.151217e-03
2.170667124558406e-03	3.151216e+00	3.151216e-03
2.177503062058406e-03	3.151215e+00	3.151215e-03
2.184338999558406e-03	3.151214e+00	3.151214e-03
2.191174937058406e-03	3.151213e+00	3.151213e-03
2.198010874558406e-03	3.151212e+00	3.151213e-03
2.204846812058407e-03	3.151212e+00	3.151212e-03
2.211682749558407e-03	3.151211e+00	3.151211e-03
2.218518687058407e-03	3.151210e+00	3.151211e-03
2.225354624558407e-03	3.151210e+00	3.151210e-03
2.232190562058407e-03	3.151209e+00	3.151210e-03
2.239026499558407e-03	3.151209e+00	3.151209e-03
2.245862437058407e-03	3.151208e+00	3.151209e-03
2.252698374558407e-03	3.151208e+00	3.151208e-03
2.259534312058407e-03	3.151207e+00	3.151208e-03
2.266370249558408e-03	3.151207e+00	3.151207e-03
2.273206187058408e-03	3.151207e+00	3.151207e-03
2.280042124558408e-03	3.151206e+00	3.151207e-03
2.286878062058408e-03	3.151206e+00	3.151206e-03
2.293713999558408e-03	3.151206e+00	3.151206e-03
2.300549937058408e-03	3.151206e+00	3.151206e-03
2.307385874558408e-03	3.151205e+00	3.151206e-03
2.314221812058408e-03	3.151205e+00	3.151205e-03
2.321057749558408e-03	3.151205e+00	3.151205e-03
2.327893687058409e-03	3.151205e+00	3.151205e-03
2.334729624558409e-03	3.151204e+00	3.151205e-03
2.341565562058409e-03	3.151204e+00	3.151204e-03
2.348401499558409e-03	3.151204e+00	3.151204e-03
2.355237437058409e-03	3.151204e+00	3.151204e-03
2.362073374558409e-03	3.151204e+00	3.151204e-03
2.368909312058409e-03	3.151204e+00	3.151204e-03
2.382581187058409e-03	3.151203e+00	3.151204e-03
2.389417124558410e-03	3.151203e+00	3.151204e-03
2.396253062058410e-03	3.151203e+00	3.151204e-03
2.403088999558410e-03	3.151203e+00	3.151203e-03
2.409924937058410e-03	3.151203e+00	3.151203e-03
2.416760874558410e-03	3.151203e+00	3.151203e-03
2.423596812058410e-03	3.151203e+00	3.151203e-03
2.430432749558410e-03	3.151203e+00	3.151203e-03
2.437268687058410e-03	3.151203e+00	3.151203e-03
2.444104624558411e-03	3.151202e+00	3.151203e-03
2.450940562058411e-03	3.151202e+00	3.151203e-03
2.457776499558411e-03	3.151202e+00	3.151203e-03
2.464612437058411e-03	3.151202e+00	3.151203e-03
2.471448374558411e-03	3.151202e+00	3.151202e-03
2.478284312058411e-03	3.151202e+00	3.151202e-03
2.485120249558411e-03	3.151202e+00	3.151202e-03
2.491956187058411e-03	3.151202e+00	3.151202e-03
2.498792124558411e-03	3.151202e+00	3.151202e-03
2.505628062058412e-03	3.151202e+00	3.151202e-03
2.512463999558412e-03	3.151202e+00	3.151202e-03
2.519299937058412e-03	3.151202e+00	3.151202e-03
2.526135874558412e-03	3.151202e+00	3.151202e-03
2.532971812058412e-03	3.151202e+00	3.151202e-03
2.539807749558412e-03	3.151202e+00	3.151202e-03
2.546643687058412e-03	3.151202e+00	3.151202e-03
2.553479624558412e-03	3.151202e+00	3.151202e-03
2.560315562058412e-03	3.151202e+00	3.151202e-03
2.567151499558413e-03	3.151201e+00	3.151202e-03
2.573987437058413e-03	3.151201e+00	3.151202e-03
2.580823374558413e-03	3.151201e+00	3.151202e-03
2.587659312058413e-03	3.151201e+00	3.151202e-03
2.594495249558413e-03	3.151201e+00	3.151202e-03
2.601331187058413e-03	3.151201e+00	3.151202e-03
2.608167124558413e-03	3.151201e+00	3.151201e-03
2.615003062058413e-03	3.151201e+00	3.151201e-03
2.621838999558414e-03	3.151201e+00	3.151201e-03
2.628674937058414e-03	3.151201e+00	3.151201e-03
2.635510874558414e-03	3.151201e+00	3.151201e-03
2.642346812058414e-03	3.151201e+00	3.151201e-03
2.649182749558414e-03	3.151201e+00	3.151201e-03
2.656018687058414e-03	3.151201e+00	3.151201e-03
2.662854624558414e-03	3.151201e+00	3.151201e-03
2.669690562058414e-03	3.151201e+00	3.151201e-03
2.676526499558414e-03	3.151201e+00	3.151201e-03
2.683362437058415e-03	3.151201e+00	3.151201e-03
2.690198374558415e-03	3.151201e+00	3.151201e-03
2.697034312058415e-03	3.151201e+00	3.151201e-03
2.703870249558415e-03	3.151201e+00	3.151201e-03
2.710706187058415e-03	3.151201e+00	3.151201e-03
2.717542124558415e-03	3.151201e+00	3.151201e-03
2.724378062058415e-03	3.151200e+00	3.151201e-03
2.731213999558415e-03	3.151200e+00	3.151201e-03
2.738049937058415e-03	3.151200e+00	3.151201e-03
2.744885874558416e-03	3.151200e+00	3.151201e-03
2.751721812058416e-03	3.151200e+00	3.151201e-03
2.758557749558416e-03	3.151200e+00	3.151201e-03
2.765393687058416e-03	3.151200e+00	3.151201e-03
2.772229624558416e-03	3.151200e+00	3.151201e-03
2.779065562058416e-03	3.151200e+00	3.151201e-03
2.785901499558416e-03	3.151200e+00	3.151201e-03
2.792737437058416e-03	3.151200e+00	3.151201e-03
2.799573374558416e-03	3.151200e+00	3.151201e-03
2.806409312058417e-03	3.151200e+00	3.151201e-03
2.813245249558417e-03	3.151201e+00	3.151201e-03
2.820081187058417e-03	3.151201e+00	3.151201e-03
2.826917124558417e-03	3.151201e+00	3.151201e-03
2.833753062058417e-03	3.151201e+00	3.151201e-03
2.840588999558417e-03	3.151201e+00	3.151201e-03
2.847424937058417e-03	3.151201e+00	3.151201e-03
2.854260874558417e-03	3.151200e+00	3.151201e-03
2.861096812058418e-03	3.151200e+00	3.151201e-03
2.867932749558418e-03	3.151200e+00	3.151201e-03
2.874768687058418e-03	3.151200e+00	3.151201e-03
2.881604624558418e-03	3.151200e+00	3.151201e-03
2.888440562058418e-03	3.151200e+00	3.151201e-03
2.895276499558418e-03	3.151200e+00	3.151201e-03
2.902112437058418e-03	3.151200e+00	3.151201e-03
2.908948374558418e-03	3.151200e+00	3.151201e-03
2.915784312058418e-03	3.151200e+00	3.151201e-03
2.922620249558419e-03	3.151201e+00	3.151201e-03
2.929456187058419e-03	3.151201e+00	3.151201e-03
2.943128062058419e-03	3.151200e+00	3.151201e-03
2.949963999558419e-03	3.151200e+00	3.151201e-03
2.956799937058419e-03	3.151200e+00	3.151201e-03
2.963635874558419e-03	3.151200e+00	3.151201e-03
2.970471812058419e-03	3.151200e+00	3.151201e-03
2.977307749558419e-03	3.151200e+00	3.151201e-03
2.984143687058420e-03	3.151200e+00	3.151201e-03
2.990979624558420e-03	3.151200e+00	3.151201e-03
2.997815562058420e-03	3.151200e+00	3.151201e-03
3.004651499558420e-03	3.151201e+00	3.151201e-03
3.011487437058420e-03	3.151201e+00	3.151201e-03
3.018323374558420e-03	3.151201e+00	3.151201e-03
3.025159312058420e-03	3.151201e+00	3.151201e-03
3.031995249558420e-03	3.151200e+00	3.151201e-03
3.038831187058420e-03	3.151200e+00	3.151201e-03
3.045667124558421e-03	3.151200e+00	3.151201e-03
3.052503062058421e-03	3.151200e+00	3.151201e-03
3.059338999558421e-03	3.151200e+00	3.151201e-03
3.066174937058421e-03	3.151200e+00	3.151201e-03
3.073010874558421e-03	3.151200e+00	3.151201e-03
3.079846812058421e-03	3.151200e+00	3.151201e-03
3.086682749558421e-03	3.151200e+00	3.151201e-03
3.093518687058421e-03	3.151200e+00	3.151201e-03
3.100354624558422e-03	3.151200e+00	3.151201e-03
3.107190562058422e-03	3.151200e+00	3.151201e-03
3.114026499558422e-03	3.151200e+00	3.151201e-03
3.120862437058422e-03	3.151200e+00	3.151201e-03
3.134534312058422e-03	3.151201e+00	3.151201e-03
3.141370249558422e-03	3.151201e+00	3.151201e-03
3.148206187058422e-03	3.151201e+00	3.151201e-03
3.155042124558422e-03	3.151200e+00	3.151201e-03
3.161878062058423e-03	3.151200e+00	3.151201e-03
3.168713999558423e-03	3.151200e+00	3.151201e-03
3.175549937058423e-03	3.151200e+00	3.151201e-03
3.182385874558423e-03	3.151200e+00	3.151201e-03
3.189221812058423e-03	3.151200e+00	3.151201e-03
3.196057749558423e-03	3.151200e+00	3.151201e-03
3.202893687058423e-03	3.151200e+00	3.151201e-03
3.209729624558423e-03	3.151200e+00	3.151201e-03
3.223401499558424e-03	3.151200e+00	3.151201e-03
3.237073374558424e-03	3.151200e+00	3.151201e-03
3.243909312058424e-03	3.151200e+00	3.151201e-03
3.250745249558424e-03	3.151200e+00	3.151201e-03
3.257581187058424e-03	3.151200e+00	3.151201e-03
3.264417124558424e-03	3.151200e+00	3.151201e-03
3.271253062058424e-03	3.151200e+00	3.151201e-03
3.278088999558424e-03	3.151200e+00	3.151201e-03
3.284924937058425e-03	3.151200e+00	3.151201e-03
3.298596812058425e-03	3.151200e+00	3.151201e-03
3.312268687058425e-03	3.151200e+00	3.151201e-03
3.325940562058425e-03	3.151200e+00	3.151201e-03
3.339612437058426e-03	3.151200e+00	3.151201e-03
3.360120249558426e-03	3.151200e+00	3.151201e-03
3.373792124558426e-03	3.151200e+00	3.151201e-03
3.387463999558426e-03	3.151200e+00	3.151201e-03
3.401135874558427e-03	3.151200e+00	3.151201e-03
3.421643687058427e-03	3.151201e+00	3.151201e-03
3.435315562058427e-03	3.151200e+00	3.151201e-03
3.989026499558431e-03	3.151200e+00	3.151201e-03
3.993164062500000e-03	3.151202e+00	3.151202e-03
3.994018554687500e-03	3.151203e+00	3.151203e-03
3.995727539062500e-03	3.151202e+00	3.151202e-03
3.996582031250000e-03	3.151201e+00	3.151201e-03
3.998504638671875e-03	3.151201e+00	3.151201e-03
3.998931884765625e-03	3.151200e+00	3.151201e-03
3.999145507812500e-03	3.151200e+00	3.151201e-03
3.999572753906251e-03	3.151201e+00	3.151201e-03
3.999579429626465e-03	3.151201e+00	3.151201e-03
3.999592781066895e-03	3.151201e+00	3.151201e-03
3.999619483947755e-03	3.151201e+00	3.151201e-03
3.999672889709473e-03	3.151200e+00	3.151201e-03
3.999779701232910e-03	3.151201e+00	3.151201e-03
3.999786376953125e-03	3.151201e+00	3.151201e-03
3.999799728393554e-03	3.151200e+00	3.151201e-03
3.999826431274412e-03	3.151200e+00	3.151201e-03
3.999879837036127e-03	3.151200e+00	3.151201e-03
3.999893188476569e-03	3.151200e+00	3.151201e-03
3.999919891357451e-03	3.151200e+00	3.151201e-03
3.999946594238236e-03	3.151200e+00	3.151201e-03
3.999999999999806e-03	1.604560e+00	1.271432e+00
4.000000999999806e-03	6.868636e-06	2.587224e+00
4.000001000004165e-03	2.626790e-10	2.587231e+00
4.000001125004165e-03	2.733369e-10	2.688251e+00
4.000001250004165e-03	2.805534e-10	2.753750e+00
4.000001375009525e-03	2.833289e-10	2.791690e+00
4.000002375009525e-03	2.938709e-10	2.854300e+00
4.000002390634525e-03	2.930989e-10	2.855175e+00
4.000002394540776e-03	2.928768e-10	2.855371e+00
4.000002394544590e-03	2.930002e-10	2.855372e+00
4.000002394575108e-03	2.939871e-10	2.855375e+00
4.000002394582737e-03	2.970957e-10	2.855375e+00
4.000002394586552e-03	2.970957e-10	2.855375e+00
4.000003394587029e-03	3.221867e-10	2.876642e+00
4.000004394587029e-03	3.042011e-10	2.885355e+00
4.000005394587030e-03	2.948259e-10	2.891738e+00
4.000005519587030e-03	2.952206e-10	2.892227e+00
4.000006519587030e-03	3.184119e-10	2.894721e+00
4.000006519590845e-03	3.170058e-10	2.894727e+00
4.000006519598474e-03	3.070135e-10	2.894737e+00
4.000006519613733e-03	2.926553e-10	2.894737e+00
4.000006644613733e-03	2.992915e-10	2.894905e+00
4.000007644613733e-03	4.056728e-10	2.895716e+00
4.000007644644250e-03	3.882672e-10	2.895729e+00
4.000007644651879e-03	3.109104e-10	2.895731e+00
4.000007644653787e-03	2.926548e-10	2.895731e+00
4.000007644657601e-03	2.926548e-10	2.895730e+00
4.000007644665231e-03	2.926548e-10	2.895730e+00
4.000007644680489e-03	2.926548e-10	2.895729e+00
4.000007644684304e-03	2.926548e-10	2.895728e+00
4.000007644691933e-03	2.926548e-10	2.895727e+00
4.000007644693841e-03	2.926548e-10	2.895727e+00
4.000007644694318e-03	2.926548e-10	2.895727e+00
4.000008644694318e-03	2.945422e-10	2.895544e+00
4.000009644694318e-03	2.965406e-10	2.895077e+00
4.000010644724836e-03	3.066438e-10	2.894384e+00
4.000011644724836e-03	3.121947e-10	2.893411e+00
4.000012644724837e-03	3.239631e-10	2.892405e+00
4.000012644725314e-03	3.206324e-10	2.892411e+00
4.000012644726268e-03	2.928608e-10	2.892424e+00
4.000012644726297e-03	2.922120e-10	2.892424e+00
4.000012644756815e-03	2.935430e-10	2.892421e+00
4.000012644762695e-03	2.924772e-10	2.892420e+00
4.000012644764166e-03	2.922107e-10	2.892420e+00
4.000013644767981e-03	2.948752e-10	2.891281e+00
4.000014644767981e-03	2.944311e-10	2.890091e+00
4.000014644768458e-03	2.944311e-10	2.890091e+00
4.000014644798975e-03	2.971944e-10	2.890108e+00
4.000014644802790e-03	2.975398e-10	2.890107e+00
4.000015644802790e-03	3.006484e-10	2.888697e+00
4.000015660427791e-03	3.009114e-10	2.888672e+00
4.000016660427791e-03	3.378409e-10	2.886837e+00
4.000017660427791e-03	3.924638e-10	2.884923e+00
4.000018660427792e-03	4.959366e-10	2.882996e+00
4.000019660427792e-03	6.108447e-10	2.881152e+00
4.000020660427792e-03	6.566969e-10	2.879453e+00
4.000021660427793e-03	4.736225e-10	2.877907e+00
4.000021660435422e-03	4.127063e-10	2.877913e+00
4.000021660450681e-03	2.908784e-10	2.877924e+00
4.000021660481198e-03	2.908784e-10	2.877922e+00
4.000021660542233e-03	2.908784e-10	2.877915e+00
4.000021660544141e-03	2.908784e-10	2.877915e+00
4.000021660547955e-03	2.908784e-10	2.877914e+00
4.000021660555584e-03	2.908784e-10	2.877913e+00
4.000021660557492e-03	2.908784e-10	2.877913e+00
4.000021660561306e-03	2.908784e-10	2.877913e+00
4.000021660568936e-03	2.908784e-10	2.877912e+00
4.000021660584194e-03	2.908784e-10	2.877911e+00
4.000021660584671e-03	2.908784e-10	2.877911e+00
4.000021660584790e-03	2.908784e-10	2.877911e+00
4.000021660584820e-03	2.908784e-10	2.877911e+00
4.000022660584820e-03	2.925438e-10	2.876658e+00
4.000023660584820e-03	2.930989e-10	2.875551e+00
4.000024660584924e-03	2.917666e-10	2.874579e+00
4.000025660584924e-03	2.938760e-10	2.873648e+00
4.000026660584925e-03	3.137490e-10	2.872717e+00
4.000026785584925e-03	3.590461e-10	2.872605e+00
4.000026910584925e-03	4.366507e-10	2.872494e+00
4.000027035584925e-03	3.805849e-10	2.872398e+00
4.000027035585500e-03	3.503988e-10	2.872405e+00
4.000027035586650e-03	2.899903e-10	2.872417e+00
4.000027035586937e-03	2.899903e-10	2.872417e+00
4.000027035587512e-03	2.899903e-10	2.872417e+00
4.000027035588662e-03	2.899903e-10	2.872417e+00
4.000027035590961e-03	2.899903e-10	2.872417e+00
4.000027035595560e-03	2.899903e-10	2.872416e+00
4.000027035604758e-03	2.899903e-10	2.872416e+00
4.000027035607057e-03	2.899903e-10	2.872415e+00
4.000027035611656e-03	2.899903e-10	2.872415e+00
4.000027035620853e-03	2.899903e-10	2.872414e+00
4.000027035623153e-03	2.899903e-10	2.872413e+00
4.000027035627751e-03	2.899903e-10	2.872413e+00
4.000027035636949e-03	2.899903e-10	2.872412e+00
4.000027035655344e-03	2.899903e-10	2.872410e+00
4.000027035659943e-03	2.899903e-10	2.872410e+00
4.000027035669140e-03	2.899903e-10	2.872409e+00
4.000027035687535e-03	2.899903e-10	2.872407e+00
4.000027035688110e-03	2.899903e-10	2.872407e+00
4.000027035689260e-03	2.899903e-10	2.872407e+00
4.000027035691560e-03	2.899903e-10	2.872406e+00
4.000027035696158e-03	2.899903e-10	2.872406e+00
4.000027035705356e-03	2.899903e-10	2.872406e+00
4.000027035723751e-03	2.899903e-10	2.872404e+00
4.000027035728350e-03	2.899903e-10	2.872404e+00
4.000027035737547e-03	2.899903e-10	2.872403e+00
4.000027035739847e-03	2.899903e-10	2.872403e+00
4.000027035744445e-03	2.911973e-10	2.872402e+00
4.000027035744922e-03	2.913225e-10	2.872402e+00
4.000027035745876e-03	2.908782e-10	2.872402e+00
4.000027035747784e-03	2.899903e-10	2.872402e+00
4.000027035748261e-03	2.899903e-10	2.872402e+00
4.000027035749215e-03	2.899903e-10	2.872402e+00
4.000027035751122e-03	2.899903e-10	2.872402e+00
4.000027035754937e-03	2.899903e-10	2.872401e+00
4.000027035755891e-03	2.899903e-10	2.872401e+00
4.000027035756130e-03	2.900686e-10	2.872401e+00
4.000027035759944e-03	2.913225e-10	2.872401e+00
4.000027035760898e-03	2.908782e-10	2.872401e+00
4.000027035762806e-03	2.899903e-10	2.872401e+00
4.000027035763283e-03	2.899903e-10	2.872401e+00
4.000027035764237e-03	2.899903e-10	2.872401e+00
4.000027035764475e-03	2.899903e-10	2.872401e+00
4.000027035764952e-03	2.904841e-10	2.872401e+00
4.000027035768767e-03	2.944311e-10	2.872401e+00
4.000027035776396e-03	2.929508e-10	2.872400e+00
4.000027035791655e-03	2.899903e-10	2.872399e+00
4.000027035792132e-03	2.899903e-10	2.872399e+00
4.000027035793086e-03	2.899903e-10	2.872399e+00
4.000028035793086e-03	2.965406e-10	2.871392e+00
4.000029035793087e-03	3.042011e-10	2.870405e+00
4.000029035796901e-03	3.008265e-10	2.870420e+00
4.000029035797856e-03	2.982503e-10	2.870424e+00
4.000029035801670e-03	2.913225e-10	2.870424e+00
4.000029035802624e-03	2.913225e-10	2.870424e+00
4.000029035833142e-03	2.913225e-10	2.870421e+00
4.000029035840771e-03	2.913225e-10	2.870420e+00
4.000030035841248e-03	2.955414e-10	2.869377e+00
4.000031035841249e-03	2.922108e-10	2.868340e+00
4.000031035875581e-03	3.124168e-10	2.868357e+00
4.000032035875581e-03	3.096412e-10	2.867280e+00
4.000033035875581e-03	3.208544e-10	2.866235e+00
4.000033035879396e-03	3.175979e-10	2.866242e+00
4.000033035887025e-03	3.039049e-10	2.866254e+00
4.000033035902284e-03	2.895462e-10	2.866252e+00
4.000033035906098e-03	2.895462e-10	2.866252e+00
4.000033035913728e-03	2.895462e-10	2.866251e+00
4.000033035915635e-03	2.895462e-10	2.866251e+00
4.000033035919450e-03	2.895462e-10	2.866250e+00
4.000033035920404e-03	2.898126e-10	2.866250e+00
4.000033035924219e-03	2.908784e-10	2.866250e+00
4.000033035925173e-03	2.908784e-10	2.866250e+00
4.000034035925173e-03	2.914335e-10	2.865154e+00
4.000035035925173e-03	2.962075e-10	2.864071e+00
4.000036035925174e-03	3.004264e-10	2.862993e+00
4.000037035925174e-03	2.904344e-10	2.861933e+00
4.000037035929110e-03	2.899903e-10	2.861939e+00
4.000037035936981e-03	2.891021e-10	2.861952e+00
4.000037035938949e-03	2.891021e-10	2.861951e+00
4.000037035942886e-03	2.891021e-10	2.861951e+00
4.000037035950757e-03	2.891021e-10	2.861950e+00
4.000037035966500e-03	2.891022e-10	2.861949e+00
4.000037160966977e-03	2.917666e-10	2.861803e+00
4.000038160966978e-03	2.934806e-10	2.860700e+00
4.000038297107562e-03	2.933209e-10	2.860550e+00
4.000039297107562e-03	2.931257e-10	2.859467e+00
4.000039434840850e-03	2.888803e-10	2.859340e+00
4.000039434849257e-03	2.889540e-10	2.859346e+00
4.000039434866070e-03	2.891021e-10	2.859357e+00
4.000039434870273e-03	2.891045e-10	2.859357e+00
4.000039436823875e-03	2.902205e-10	2.859326e+00
4.000040436823876e-03	2.930989e-10	2.858249e+00
4.000040436824407e-03	2.916174e-10	2.858256e+00
4.000040436825470e-03	2.886580e-10	2.858270e+00
4.000040436827596e-03	2.886580e-10	2.858270e+00
4.000040436831847e-03	2.909988e-10	2.858269e+00
4.000040436835662e-03	2.930989e-10	2.858269e+00
4.000040436835781e-03	2.916174e-10	2.858269e+00
4.000040436836019e-03	2.887364e-10	2.858269e+00
4.000040436839834e-03	2.899903e-10	2.858268e+00
4.000040436847463e-03	2.889244e-10	2.858267e+00
4.000040436849371e-03	2.886580e-10	2.858267e+00
4.000040436853185e-03	2.886580e-10	2.858267e+00
4.000040436854140e-03	2.886580e-10	2.858266e+00
4.000040436854378e-03	2.889191e-10	2.858266e+00
4.000040436858193e-03	2.942833e-10	2.858266e+00
4.000040436858670e-03	2.972058e-10	2.858266e+00
4.000040436859147e-03	2.995382e-10	2.858266e+00
4.000040436860101e-03	2.905018e-10	2.858266e+00
4.000040436860161e-03	2.899903e-10	2.858266e+00
4.000041436860161e-03	2.912115e-10	2.857156e+00
4.000042436860161e-03	2.939871e-10	2.856085e+00
4.000042436863976e-03	2.930990e-10	2.856101e+00
4.000042436864930e-03	2.922547e-10	2.856105e+00
4.000042436868745e-03	2.897682e-10	2.856105e+00
4.000043436868745e-03	2.984279e-10	2.855002e+00
4.000043436873121e-03	2.906111e-10	2.855018e+00
4.000043436874215e-03	2.886580e-10	2.855022e+00
4.000043436876403e-03	2.886580e-10	2.855022e+00
4.000043436876950e-03	2.886580e-10	2.855022e+00
4.000043436878044e-03	2.886580e-10	2.855021e+00
4.000043436880233e-03	2.886580e-10	2.855021e+00
4.000043436884608e-03	2.886580e-10	2.855021e+00
4.000043436893360e-03	2.886580e-10	2.855020e+00
4.000043436910864e-03	2.886580e-10	2.855018e+00
4.000043436945873e-03	2.886580e-10	2.855014e+00
4.000043436946966e-03	2.886580e-10	2.855014e+00
4.000043436949155e-03	2.890627e-10	2.855013e+00
4.000043436952969e-03	2.897682e-10	2.855013e+00
4.000043436960599e-03	2.888800e-10	2.855012e+00
4.000043436962506e-03	2.886580e-10	2.855012e+00
4.000044436962506e-03	2.903233e-10	2.853906e+00
4.000045436962507e-03	2.907674e-10	2.852816e+00
4.000046436962507e-03	2.893241e-10	2.851754e+00
4.000046436967004e-03	2.889541e-10	2.851761e+00
4.000046436975997e-03	2.882139e-10	2.851774e+00
4.000046436978245e-03	2.882139e-10	2.851773e+00
4.000047436978246e-03	2.903110e-10	2.850656e+00
4.000047561978246e-03	2.904343e-10	2.850519e+00
4.000048561978246e-03	2.918776e-10	2.849435e+00
4.000049561978246e-03	2.919887e-10	2.848371e+00
4.000049561982866e-03	2.905824e-10	2.848378e+00
4.000049561992106e-03	2.877698e-10	2.848391e+00
4.000049561992395e-03	2.877698e-10	2.848391e+00
4.000049561992972e-03	2.879514e-10	2.848390e+00
4.000049562023490e-03	2.975398e-10	2.848387e+00
4.000049562024086e-03	2.891021e-10	2.848387e+00
4.000050562024086e-03	2.916556e-10	2.847277e+00
4.000051562024086e-03	2.919887e-10	2.846206e+00
4.000051562061662e-03	2.886136e-10	2.846220e+00
4.000051562071056e-03	2.877698e-10	2.846222e+00
4.000051562071350e-03	2.878491e-10	2.846222e+00
4.000051562075164e-03	2.888800e-10	2.846222e+00
4.000051562075179e-03	2.888800e-10	2.846221e+00
4.000051562075239e-03	2.888800e-10	2.846221e+00
4.000051562075358e-03	2.888800e-10	2.846221e+00
4.000052562075358e-03	2.894351e-10	2.845113e+00
4.000053562075358e-03	2.898792e-10	2.844021e+00
4.000054562075359e-03	2.884359e-10	2.842960e+00
4.000054562075960e-03	2.875469e-10	2.842976e+00
4.000054562076110e-03	2.873257e-10	2.842980e+00
4.000055562076110e-03	2.913526e-10	2.841861e+00
4.000055718990697e-03	2.868817e-10	2.841712e+00
4.000055718992194e-03	2.868816e-10	2.841732e+00
4.000056718992194e-03	2.888800e-10	2.840614e+00
4.000057718992194e-03	2.890610e-10	2.839520e+00
4.000059465023283e-03	2.868817e-10	2.837651e+00
4.000060465023283e-03	2.919886e-10	2.836568e+00
4.000060465027098e-03	2.915446e-10	2.836575e+00
4.000060465034727e-03	2.865654e-10	2.836588e+00
4.000060465034966e-03	2.864375e-10	2.836587e+00
4.000061465034966e-03	2.906564e-10	2.835485e+00
4.000061465039537e-03	2.892502e-10	2.835491e+00
4.000061465048680e-03	2.864375e-10	2.835504e+00
4.000061465050966e-03	2.869367e-10	2.835504e+00
4.000061465054780e-03	2.877698e-10	2.835503e+00
4.000061465062410e-03	2.864780e-10	2.835502e+00
4.000061465062648e-03	2.864375e-10	2.835502e+00
4.000062465062649e-03	2.881029e-10	2.834390e+00
4.000063465066464e-03	2.917666e-10	2.833318e+00
4.000064465066464e-03	2.926051e-10	2.832225e+00
4.000065633386142e-03	2.859935e-10	2.830969e+00
4.000066633386142e-03	2.913225e-10	2.829884e+00
4.000066633389957e-03	2.916679e-10	2.829886e+00
4.000066633420474e-03	2.944311e-10	2.829902e+00
4.000066633424289e-03	2.944311e-10	2.829902e+00
4.000067633424289e-03	2.897682e-10	2.828789e+00
4.000068633424289e-03	2.868816e-10	2.827717e+00
4.000068633425048e-03	2.868816e-10	2.827720e+00
4.000068633428863e-03	2.868816e-10	2.827737e+00
4.000068633429817e-03	2.855884e-10	2.827737e+00
4.000068633429847e-03	2.855494e-10	2.827737e+00
4.000068633429906e-03	2.860201e-10	2.827737e+00
4.000068633430384e-03	2.897682e-10	2.827737e+00
4.000069633430384e-03	2.897683e-10	2.826631e+00
4.000069633464399e-03	2.863931e-10	2.826646e+00
4.000069633472903e-03	2.864691e-10	2.826648e+00
4.000069633476717e-03	2.868816e-10	2.826648e+00
4.000069633484347e-03	2.864375e-10	2.826647e+00
4.000069633499605e-03	2.855494e-10	2.826645e+00
4.000069633500082e-03	2.855494e-10	2.826645e+00
4.000069633501037e-03	2.855494e-10	2.826645e+00
4.000070633504852e-03	2.908784e-10	2.825548e+00
4.000071633504852e-03	2.939871e-10	2.824448e+00
4.000071758504852e-03	2.925068e-10	2.824312e+00
4.000072008508666e-03	2.895462e-10	2.824065e+00
4.000073008508667e-03	2.893241e-10	2.822963e+00
4.000074008509386e-03	2.864376e-10	2.821886e+00
4.000074133509386e-03	2.893241e-10	2.821757e+00
4.000074133517015e-03	2.859490e-10	2.821773e+00
4.000074133518923e-03	2.861711e-10	2.821776e+00
4.000074133519400e-03	2.865856e-10	2.821776e+00
4.000074133523214e-03	2.877698e-10	2.821776e+00
4.000075133523215e-03	2.873257e-10	2.820666e+00
4.000075133527029e-03	2.869556e-10	2.820673e+00
4.000075133534659e-03	2.882881e-10	2.820686e+00
4.000075133542288e-03	2.890279e-10	2.820685e+00
4.000075133549917e-03	2.858454e-10	2.820684e+00
4.000075133565176e-03	2.851053e-10	2.820683e+00
4.000075133568991e-03	2.851053e-10	2.820682e+00
4.000076133568991e-03	2.882139e-10	2.819570e+00
4.000077133568991e-03	2.888800e-10	2.818497e+00
4.000077133572926e-03	2.874738e-10	2.818504e+00
4.000077133580797e-03	2.849343e-10	2.818517e+00
4.000077133611314e-03	2.873052e-10	2.818514e+00
4.000077133611791e-03	2.873257e-10	2.818514e+00
4.000078133611792e-03	2.872147e-10	2.817400e+00
4.000079133611792e-03	2.864634e-10	2.816306e+00
4.000080561247287e-03	2.939870e-10	2.814779e+00
4.000080561251102e-03	2.960965e-10	2.814789e+00
4.000080561254916e-03	2.982059e-10	2.814799e+00
4.000081561254917e-03	2.882139e-10	2.813682e+00
4.000082561254917e-03	2.855218e-10	2.812588e+00
4.000082732176381e-03	2.842171e-10	2.812426e+00
4.000082732180359e-03	2.884359e-10	2.812446e+00
4.000083732180360e-03	2.895462e-10	2.811335e+00
4.000083732210877e-03	2.891761e-10	2.811340e+00
4.000083732271912e-03	2.850608e-10	2.811347e+00
4.000083732287171e-03	2.842171e-10	2.811345e+00
4.000083732290985e-03	2.842171e-10	2.811344e+00
4.000083732298615e-03	2.842171e-10	2.811343e+00
4.000083732313873e-03	2.842171e-10	2.811342e+00
4.000084732313874e-03	2.864375e-10	2.810249e+00
4.000084732405426e-03	2.851053e-10	2.810265e+00
4.000085732405427e-03	2.856604e-10	2.809152e+00
4.000086732405427e-03	2.944311e-10	2.808079e+00
4.000086732410196e-03	2.933209e-10	2.808099e+00
4.000087732440713e-03	2.859935e-10	2.806992e+00
4.000088732440714e-03	2.859935e-10	2.805907e+00
4.000088732441191e-03	2.869314e-10	2.805909e+00
4.000088732445005e-03	2.939871e-10	2.805928e+00
4.000088732452635e-03	2.836247e-10	2.805927e+00
4.000088732452873e-03	2.845688e-10	2.805926e+00
4.000088732456688e-03	3.050893e-10	2.805926e+00
4.000088732460503e-03	2.987246e-10	2.805926e+00
4.000088732468132e-03	2.846612e-10	2.805925e+00
4.000089732468132e-03	2.852163e-10	2.804810e+00
4.000090732468192e-03	2.855494e-10	2.803735e+00
4.000091732468193e-03	3.137489e-10	2.802649e+00
4.000091732472007e-03	3.061125e-10	2.802665e+00
4.000091732472962e-03	2.856062e-10	2.802669e+00
4.000091732473021e-03	2.844394e-10	2.802669e+00
4.000091732720977e-03	2.855494e-10	2.802657e+00
4.000092732965118e-03	2.855494e-10	2.801557e+00
4.000094732965118e-03	2.897682e-10	2.799369e+00
4.000095732965119e-03	2.868816e-10	2.798304e+00
4.000095732965650e-03	2.855476e-10	2.798311e+00
4.000095732966713e-03	2.828848e-10	2.798325e+00
4.000095732966978e-03	2.832818e-10	2.798324e+00
4.000095732967455e-03	2.839950e-10	2.798324e+00
4.000096732967456e-03	2.920997e-10	2.797207e+00
4.000097732967456e-03	3.352872e-10	2.796131e+00
4.000097732971271e-03	3.321046e-10	2.796138e+00
4.000097732978900e-03	3.113065e-10	2.796151e+00
4.000097732994159e-03	2.824409e-10	2.796150e+00
4.000098732994159e-03	2.967626e-10	2.795033e+00
4.000099732994159e-03	2.967152e-10	2.793938e+00
4.000100759355326e-03	2.839506e-10	2.792824e+00
4.000101015945618e-03	2.862154e-10	2.792568e+00
4.000101015979950e-03	2.875471e-10	2.792587e+00
4.000101140983764e-03	2.875478e-10	2.792435e+00
4.000102140983765e-03	2.904343e-10	2.791333e+00
4.000103140983765e-03	2.866601e-10	2.790238e+00
4.000103258784356e-03	2.848092e-10	2.790112e+00
4.000103494385540e-03	2.819966e-10	2.789859e+00
4.000103965587907e-03	2.819226e-10	2.789342e+00
4.000104907992640e-03	2.817006e-10	2.788314e+00
4.000106792802135e-03	2.815526e-10	2.786291e+00
4.000107792802135e-03	2.836497e-10	2.785189e+00
4.000107917802135e-03	2.826628e-10	2.785074e+00
4.000108917809764e-03	2.832179e-10	2.783973e+00
4.000109917809765e-03	2.866596e-10	2.782895e+00
4.000109917814056e-03	2.866596e-10	2.782916e+00
4.000110042814056e-03	2.840937e-10	2.782760e+00
4.000111042814057e-03	2.939624e-10	2.781656e+00
4.000111167814057e-03	2.948506e-10	2.781520e+00
4.000112167814057e-03	2.946532e-10	2.780451e+00
4.000112167814534e-03	2.933209e-10	2.780458e+00
4.000112167815488e-03	2.889680e-10	2.780472e+00
4.000112167819303e-03	2.822187e-10	2.780471e+00
4.000112167826932e-03	2.818486e-10	2.780470e+00
4.000112167842191e-03	2.811085e-10	2.780468e+00
4.000112167872708e-03	2.811085e-10	2.780465e+00
4.000112167873662e-03	2.811085e-10	2.780465e+00
4.000113167877477e-03	2.862155e-10	2.779365e+00
4.000114167877477e-03	2.846612e-10	2.778268e+00
4.000115167881292e-03	2.859935e-10	2.777193e+00
4.000117167881293e-03	2.828848e-10	2.775000e+00
4.000118167881293e-03	2.824407e-10	2.773914e+00
4.000120167881293e-03	2.810344e-10	2.771743e+00
4.000124167881293e-03	2.797762e-10	2.767401e+00
4.000132167881293e-03	2.788880e-10	2.758723e+00
4.000148167881293e-03	2.771183e-10	2.741400e+00
4.000176496891100e-03	2.739442e-10	2.710820e+00
4.000194959283761e-03	2.718087e-10	2.690971e+00
4.000210530274416e-03	2.700551e-10	2.674314e+00
4.000227915646317e-03	2.773337e-10	2.655804e+00
4.000227915650132e-03	2.773337e-10	2.655811e+00
4.000227915657761e-03	2.757794e-10	2.655824e+00
4.000227915688278e-03	2.695622e-10	2.655823e+00
4.000228915688278e-03	2.705614e-10	2.654732e+00
4.000229915688279e-03	2.717826e-10	2.653661e+00
4.000230915688279e-03	2.770006e-10	2.652600e+00
4.000231915688279e-03	2.834399e-10	2.651539e+00
4.000232915688280e-03	2.813738e-10	2.650479e+00
4.000233886382329e-03	2.737810e-10	2.649451e+00
4.000235827770427e-03	2.674157e-10	2.647395e+00
4.000239710546623e-03	2.668976e-10	2.643288e+00
4.000247476099016e-03	2.660835e-10	2.635094e+00
4.000263007203802e-03	2.645291e-10	2.618814e+00
4.000294069413373e-03	2.613958e-10	2.588114e+00
4.000322585642852e-03	2.589225e-10	2.563072e+00
4.000352066603381e-03	2.564587e-10	2.537577e+00
4.000386328030653e-03	2.530890e-10	2.505042e+00
4.000419013270639e-03	2.497361e-10	2.472322e+00
4.000453594526846e-03	2.463617e-10	2.437606e+00
4.000492928504593e-03	2.424975e-10	2.399014e+00
4.000555375909494e-03	2.364561e-10	2.340065e+00
4.000621671235412e-03	2.304445e-10	2.280495e+00
4.000691285610992e-03	2.245179e-10	2.221827e+00
4.000805703363234e-03	2.154664e-10	2.132390e+00
4.000936143883134e-03	2.060015e-10	2.039404e+00
4.001114866301403e-03	1.944361e-10	1.925410e+00
4.001314334215480e-03	1.831350e-10	1.813215e+00
4.001560303887193e-03	1.709415e-10	1.692243e+00
4.001784253808062e-03	1.613610e-10	1.597109e+00
4.002131646727742e-03	1.485082e-10	1.469995e+00
4.002404180347564e-03	1.397320e-10	1.383221e+00
4.002655660809651e-03	1.326659e-10	1.312899e+00
4.002830960824907e-03	1.281923e-10	1.268725e+00
4.003018113549152e-03	1.237123e-10	1.225152e+00
4.003106487152966e-03	1.217419e-10	1.205647e+00
4.003185522095457e-03	1.200879e-10	1.188937e+00
4.003278662140380e-03	1.181528e-10	1.169882e+00
4.003355362643637e-03	1.166360e-10	1.154657e+00
4.003409744188197e-03	1.156282e-10	1.144172e+00
4.003475848904720e-03	1.143509e-10	1.131756e+00
4.003541545823280e-03	1.131078e-10	1.119726e+00
4.003614414313315e-03	1.118386e-10	1.106764e+00
4.003709280906403e-03	1.101598e-10	1.090421e+00
4.003809795053980e-03	1.084141e-10	1.073750e+00
4.003937344958146e-03	1.063815e-10	1.053577e+00
4.004099651946697e-03	1.039849e-10	1.029560e+00
4.004296746017342e-03	1.015009e-10	1.004760e+00
4.004564042715053e-03	9.942177e-11	9.839777e-01
4.004808125510025e-03	9.920265e-11	9.816125e-01
4.004925587300152e-03	9.986462e-11	9.881106e-01
4.005029971625859e-03	1.008162e-10	9.976872e-01
4.005142488896438e-03	1.019668e-10	1.009079e+00
4.005257682429914e-03	1.031824e-10	1.020986e+00
4.005420590976456e-03	1.048288e-10	1.037791e+00
4.005619018569313e-03	1.068390e-10	1.058170e+00
4.005952846871214e-03	1.103388e-10	1.092469e+00
4.006567203057729e-03	1.167644e-10	1.155779e+00
4.007129371355873e-03	1.226250e-10	1.213855e+00
4.007712416938273e-03	1.287190e-10	1.274029e+00
4.008278532831058e-03	1.345660e-10	1.331768e+00
4.008776752352570e-03	1.395154e-10	1.380647e+00
4.009291420553441e-03	1.441676e-10	1.426716e+00
4.009908987511688e-03	1.490018e-10	1.474586e+00
4.010428873613758e-03	1.524256e-10	1.508460e+00
4.011028804834860e-03	1.557645e-10	1.541579e+00
4.012014212146559e-03	1.606877e-10	1.590314e+00
4.013013785815444e-03	1.654103e-10	1.636909e+00
4.014215972212163e-03	1.709100e-10	1.691402e+00
4.015721373685972e-03	1.776727e-10	1.758748e+00
4.018732176633589e-03	1.910727e-10	1.891315e+00
4.024548660537775e-03	2.164524e-10	2.141653e+00
4.031384598037775e-03	2.452483e-10	2.427171e+00
4.038220535537774e-03	2.730038e-10	2.702764e+00
4.045056473037774e-03	2.998712e-10	2.968370e+00
4.051892410537774e-03	3.257394e-10	3.224335e+00
4.058728348037773e-03	3.506084e-10	3.470999e+00
4.065564285537773e-03	3.745892e-10	3.708694e+00
4.072400223037773e-03	3.976819e-10	3.937744e+00
4.079236160537772e-03	4.198863e-10	4.158462e+00
4.086072098037772e-03	4.414247e-10	4.371148e+00
4.092908035537772e-03	4.622969e-10	4.576094e+00
4.099743973037771e-03	4.822809e-10	4.773581e+00
4.106579910537771e-03	5.015988e-10	4.963880e+00
4.113415848037771e-03	5.202505e-10	5.147250e+00
4.120251785537770e-03	5.380141e-10	5.323944e+00
4.127087723037770e-03	5.551115e-10	5.494205e+00
4.133923660537770e-03	5.717649e-10	5.658266e+00
4.140759598037769e-03	5.877521e-10	5.816352e+00
4.147595535537769e-03	6.030731e-10	5.968681e+00
4.154431473037769e-03	6.179501e-10	6.115461e+00
4.161267410537768e-03	6.321610e-10	6.256896e+00
4.168103348037768e-03	6.457057e-10	6.393178e+00
4.174939285537768e-03	6.590284e-10	6.524496e+00
4.181775223037767e-03	6.721290e-10	6.651030e+00
4.188611160537767e-03	6.845635e-10	6.772954e+00
4.195447098037767e-03	6.963319e-10	6.890435e+00
4.202283035537767e-03	7.076562e-10	7.003636e+00
4.209118973037766e-03	7.185363e-10	7.112712e+00
4.215954910537766e-03	7.291945e-10	7.217814e+00
4.222790848037766e-03	7.396306e-10	7.319086e+00
4.229626785537765e-03	7.494005e-10	7.416667e+00
4.236462723037765e-03	7.587264e-10	7.510693e+00
4.243298660537765e-03	7.680523e-10	7.601292e+00
4.250134598037764e-03	7.769341e-10	7.688589e+00
4.256970535537764e-03	7.851497e-10	7.772704e+00
4.263806473037764e-03	7.931433e-10	7.853754e+00
4.270642410537763e-03	8.009149e-10	7.931849e+00
4.277478348037763e-03	8.086865e-10	8.007099e+00
4.284314285537763e-03	8.166801e-10	8.079606e+00
4.291150223037762e-03	8.237855e-10	8.149469e+00
4.297986160537762e-03	8.300027e-10	8.216787e+00
4.304822098037762e-03	8.366641e-10	8.281651e+00
4.311658035537761e-03	8.433254e-10	8.344150e+00
4.318493973037761e-03	8.490986e-10	8.404370e+00
4.325329910537761e-03	8.548717e-10	8.462396e+00
4.332165848037760e-03	8.610890e-10	8.518307e+00
4.339001785537760e-03	8.668621e-10	8.572179e+00
4.345837723037760e-03	8.717471e-10	8.624087e+00
4.352673660537760e-03	8.761880e-10	8.674103e+00
4.359509598037759e-03	8.810730e-10	8.722296e+00
4.366345535537759e-03	8.859580e-10	8.768732e+00
4.373181473037759e-03	8.903989e-10	8.813476e+00
4.380017410537758e-03	8.948398e-10	8.856587e+00
4.386853348037758e-03	8.988366e-10	8.898128e+00
4.393689285537758e-03	9.028334e-10	8.938153e+00
4.400525223037757e-03	9.072743e-10	8.976720e+00
4.407361160537757e-03	9.112711e-10	9.013881e+00
4.414197098037757e-03	9.148238e-10	9.049686e+00
4.421033035537756e-03	9.183765e-10	9.084188e+00
4.427868973037756e-03	9.214851e-10	9.117430e+00
4.434704910537756e-03	9.241496e-10	9.149460e+00
4.441540848037755e-03	9.272583e-10	9.180323e+00
4.448376785537755e-03	9.303669e-10	9.210060e+00
4.455212723037755e-03	9.330314e-10	9.238714e+00
4.462048660537754e-03	9.361401e-10	9.266323e+00
4.468884598037754e-03	9.392487e-10	9.292925e+00
4.475720535537754e-03	9.414691e-10	9.318558e+00
4.482556473037753e-03	9.436896e-10	9.343255e+00
4.489392410537753e-03	9.463541e-10	9.367052e+00
4.496228348037753e-03	9.485746e-10	9.389982e+00
4.503064285537752e-03	9.507950e-10	9.412076e+00
4.509900223037752e-03	9.534595e-10	9.433364e+00
4.516736160537752e-03	9.556800e-10	9.453876e+00
4.523572098037752e-03	9.574563e-10	9.473640e+00
4.530408035537751e-03	9.592327e-10	9.492683e+00
4.537243973037751e-03	9.610091e-10	9.511032e+00
4.544079910537751e-03	9.627854e-10	9.528713e+00
4.550915848037750e-03	9.645618e-10	9.545749e+00
4.557751785537750e-03	9.663381e-10	9.562162e+00
4.564587723037750e-03	9.681145e-10	9.577978e+00
4.571423660537749e-03	9.694467e-10	9.593218e+00
4.578259598037749e-03	9.703349e-10	9.607902e+00
4.591931473037748e-03	9.734435e-10	9.635682e+00
4.598767410537748e-03	9.752199e-10	9.648818e+00
4.605603348037748e-03	9.765522e-10	9.661474e+00
4.612439285537747e-03	9.774404e-10	9.673670e+00
4.619275223037747e-03	9.787726e-10	9.685419e+00
4.626111160537747e-03	9.801049e-10	9.696741e+00
4.632947098037746e-03	9.809931e-10	9.707651e+00
4.639783035537746e-03	9.818812e-10	9.718163e+00
4.646618973037746e-03	9.827694e-10	9.728291e+00
4.653454910537745e-03	9.836576e-10	9.738050e+00
4.660290848037745e-03	9.845458e-10	9.747453e+00
4.667126785537745e-03	9.854340e-10	9.756514e+00
4.673962723037745e-03	9.863221e-10	9.765244e+00
4.680798660537744e-03	9.872103e-10	9.773655e+00
4.687634598037744e-03	9.880985e-10	9.781759e+00
4.694470535537744e-03	9.889867e-10	9.789570e+00
4.701306473037743e-03	9.898748e-10	9.797094e+00
4.708142410537743e-03	9.907630e-10	9.804344e+00
4.714978348037743e-03	9.912071e-10	9.811331e+00
4.721814285537742e-03	9.916512e-10	9.818063e+00
4.728650223037742e-03	9.925394e-10	9.824549e+00
4.735486160537742e-03	9.929835e-10	9.830798e+00
4.742322098037741e-03	9.934276e-10	9.836820e+00
4.749158035537741e-03	9.943157e-10	9.842623e+00
4.755993973037741e-03	9.947598e-10	9.848213e+00
4.762829910537740e-03	9.952039e-10	9.853601e+00
4.769665848037740e-03	9.960921e-10	9.858790e+00
4.776501785537740e-03	9.965362e-10	9.863792e+00
4.783337723037739e-03	9.969803e-10	9.868611e+00
4.790173660537739e-03	9.978685e-10	9.873255e+00
4.797009598037739e-03	9.983125e-10	9.877729e+00
4.803845535537738e-03	9.983125e-10	9.882041e+00
4.810681473037738e-03	9.987566e-10	9.886194e+00
4.817517410537738e-03	9.996448e-10	9.890198e+00
4.824353348037737e-03	1.000089e-09	9.894054e+00
4.831189285537737e-03	1.000089e-09	9.897771e+00
4.838025223037737e-03	1.000089e-09	9.901352e+00
4.844861160537737e-03	1.000533e-09	9.904802e+00
4.851697098037736e-03	1.001421e-09	9.908127e+00
4.858533035537736e-03	1.001865e-09	9.911331e+00
4.872204910537735e-03	1.001865e-09	9.917393e+00
4.879040848037735e-03	1.001865e-09	9.920259e+00
4.885876785537735e-03	1.002309e-09	9.923021e+00
4.892712723037734e-03	1.003198e-09	9.925682e+00
4.899548660537734e-03	1.003642e-09	9.928247e+00
4.906384598037734e-03	1.003642e-09	9.930717e+00
4.913220535537733e-03	1.003642e-09	9.933100e+00
4.920056473037733e-03	1.003642e-09	9.935394e+00
4.926892410537733e-03	1.003642e-09	9.937605e+00
4.933728348037732e-03	1.003642e-09	9.939735e+00
4.947400223037732e-03	1.004974e-09	9.943769e+00
4.961072098037731e-03	1.005418e-09	9.947513e+00
4.967908035537731e-03	1.005418e-09	9.949284e+00
4.974743973037730e-03	1.005418e-09	9.950991e+00
4.981579910537730e-03	1.005418e-09	9.952635e+00
4.988415848037730e-03	1.005418e-09	9.954226e+00
4.993164062500000e-03	1.005418e-09	9.955293e+00
5.000000000000000e-03	1.005418e-09	9.956778e+00
5.006835937500000e-03	1.005418e-09	9.958212e+00
5.013671874999999e-03	1.005862e-09	9.959596e+00
5.020507812499999e-03	1.006750e-09	9.960929e+00
5.027343749999999e-03	1.007194e-09	9.962214e+00
5.034179687499999e-03	1.007194e-09	9.963453e+00
5.041015624999998e-03	1.007194e-09	9.964647e+00
5.047851562499998e-03	1.007194e-09	9.965798e+00
5.054687499999998e-03	1.007194e-09	9.966908e+00
5.061523437499997e-03	1.007194e-09	9.967978e+00
5.068359374999997e-03	1.007194e-09	9.969008e+00
5.075195312499997e-03	1.007194e-09	9.970003e+00
5.082031249999996e-03	1.007194e-09	9.970961e+00
5.088867187499996e-03	1.007194e-09	9.971884e+00
5.095703124999996e-03	1.007194e-09	9.972773e+00
5.102539062499995e-03	1.007194e-09	9.973631e+00
5.109374999999995e-03	1.007194e-09	9.974458e+00
5.116210937499995e-03	1.007194e-09	9.975254e+00
5.123046874999994e-03	1.007194e-09	9.976022e+00
5.129882812499994e-03	1.007194e-09	9.976762e+00
5.136718749999994e-03	1.007638e-09	9.977474e+00
5.143554687499993e-03	1.008527e-09	9.978161e+00
5.150390624999993e-03	1.008971e-09	9.978824e+00
5.157226562499993e-03	1.008971e-09	9.979462e+00
5.164062499999992e-03	1.008971e-09	9.980076e+00
5.170898437499992e-03	1.008971e-09	9.980667e+00
5.177734374999992e-03	1.008971e-09	9.981237e+00
5.184570312499991e-03	1.008971e-09	9.981787e+00
5.191406249999991e-03	1.008971e-09	9.982316e+00
5.198242187499991e-03	1.008971e-09	9.982826e+00
5.205078124999991e-03	1.008971e-09	9.983316e+00
5.211914062499990e-03	1.008971e-09	9.983789e+00
5.218749999999990e-03	1.008971e-09	9.984245e+00
5.225585937499990e-03	1.008971e-09	9.984684e+00
5.232421874999989e-03	1.008971e-09	9.985106e+00
5.239257812499989e-03	1.008971e-09	9.985514e+00
5.246093749999989e-03	1.008971e-09	9.985906e+00
5.252929687499988e-03	1.008971e-09	9.986283e+00
5.259765624999988e-03	1.008971e-09	9.986648e+00
5.266601562499988e-03	1.008971e-09	9.986998e+00
5.273437499999987e-03	1.008971e-09	9.987335e+00
5.280273437499987e-03	1.008971e-09	9.987659e+00
5.287109374999987e-03	1.008971e-09	9.987972e+00
5.293945312499986e-03	1.008971e-09	9.988274e+00
5.300781249999986e-03	1.008971e-09	9.988564e+00
5.307617187499986e-03	1.008971e-09	9.988843e+00
5.314453124999985e-03	1.008971e-09	9.989113e+00
5.321289062499985e-03	1.008971e-09	9.989371e+00
5.328124999999985e-03	1.008971e-09	9.989621e+00
5.334960937499984e-03	1.008971e-09	9.989861e+00
5.348632812499984e-03	1.008971e-09	9.990315e+00
5.362304687499983e-03	1.008971e-09	9.990736e+00
5.375976562499983e-03	1.008971e-09	9.991127e+00
5.389648437499982e-03	1.008971e-09	9.991488e+00
5.403320312499981e-03	1.008971e-09	9.991824e+00
5.423828124999980e-03	1.008971e-09	9.992282e+00
5.444335937499979e-03	1.008971e-09	9.992690e+00
5.464843749999978e-03	1.008971e-09	9.993054e+00
5.485351562499977e-03	1.008971e-09	9.993380e+00
5.505859374999976e-03	1.008971e-09	9.993670e+00
5.526367187499976e-03	1.008971e-09	9.993929e+00
5.546874999999975e-03	1.008971e-09	9.994159e+00
5.567382812499974e-03	1.008971e-09	9.994365e+00
5.587890624999973e-03	1.008971e-09	9.994548e+00
5.608398437499972e-03	1.008971e-09	9.994712e+00
5.628906249999971e-03	1.008971e-09	9.994858e+00
5.649414062499970e-03	1.008971e-09	9.994988e+00
5.669921874999969e-03	1.008971e-09	9.995104e+00
5.690429687499968e-03	1.008971e-09	9.995208e+00
5.710937499999967e-03	1.008971e-09	9.995299e+00
5.731445312499966e-03	1.008971e-09	9.995381e+00
5.751953124999965e-03	1.008971e-09	9.995455e+00
5.772460937499964e-03	1.008971e-09	9.995521e+00
5.792968749999963e-03	1.008971e-09	9.995579e+00
5.813476562499962e-03	1.010747e-09	9.995630e+00
5.833984374999961e-03	1.010747e-09	9.995677e+00
5.854492187499960e-03	1.010747e-09	9.995718e+00
5.874999999999959e-03	1.010747e-09	9.995754e+00
5.895507812499958e-03	1.010747e-09	9.995788e+00
5.916015624999957e-03	1.010747e-09	9.995817e+00
5.936523437499956e-03	1.010747e-09	9.995843e+00
5.957031249999955e-03	1.010747e-09	9.995866e+00
5.977539062499954e-03	1.010747e-09	9.995887e+00
5.998046874999954e-03	1.010747e-09	9.995905e+00
6.018554687499953e-03	1.010747e-09	9.995921e+00
6.039062499999952e-03	1.010747e-09	9.995936e+00
6.059570312499951e-03	1.010747e-09	9.995949e+00
6.080078124999950e-03	1.010747e-09	9.995960e+00
6.100585937499949e-03	1.010747e-09	9.995972e+00
6.121093749999948e-03	1.010747e-09	9.995980e+00
6.141601562499947e-03	1.010747e-09	9.995989e+00
6.162109374999946e-03	1.010747e-09	9.995996e+00
6.182617187499945e-03	1.010747e-09	9.996002e+00
6.203124999999944e-03	1.010747e-09	9.996008e+00
6.223632812499943e-03	1.010747e-09	9.996014e+00
6.244140624999942e-03	1.010747e-09	9.996017e+00
6.261718749999941e-03	1.010747e-09	9.996021e+00
6.279296874999941e-03	1.010747e-09	9.996024e+00
6.296874999999940e-03	1.010747e-09	9.996027e+00
6.314453124999939e-03	1.010747e-09	9.996030e+00
6.332031249999938e-03	1.010747e-09	9.996033e+00
6.349609374999937e-03	1.010747e-09	9.996035e+00
6.367187499999936e-03	1.010747e-09	9.996037e+00
6.385742187499936e-03	1.010747e-09	9.996038e+00
6.404296874999935e-03	1.010747e-09	9.996040e+00
6.422851562499934e-03	1.010747e-09	9.996041e+00
6.441406249999932e-03	1.010747e-09	9.996043e+00
6.459960937499932e-03	1.010747e-09	9.996044e+00
6.478515624999931e-03	1.010747e-09	9.996046e+00
6.497070312499930e-03	1.010747e-09	9.996047e+00
6.518554687499930e-03	1.010747e-09	9.996048e+00
6.540039062499928e-03	1.010747e-09	9.996049e+00
6.561523437499927e-03	1.010747e-09	9.996050e+00
6.583007812499926e-03	1.010747e-09	9.996050e+00
6.604492187499925e-03	1.010747e-09	9.996051e+00
6.625976562499924e-03	1.010747e-09	9.996051e+00
6.647460937499923e-03	1.010747e-09	9.996052e+00
6.673828124999922e-03	1.010747e-09	9.996052e+00
6.700195312499921e-03	1.010747e-09	9.996053e+00
6.726562499999919e-03	1.010747e-09	9.996053e+00
6.752929687499919e-03	1.010747e-09	9.996054e+00
6.779296874999917e-03	1.010747e-09	9.996054e+00
6.805664062499916e-03	1.010747e-09	9.996054e+00
6.832031249999915e-03	1.010747e-09	9.996055e+00
6.854492187499913e-03	1.010747e-09	9.996055e+00
6.876953124999912e-03	1.010747e-09	9.996055e+00
6.899414062499911e-03	1.010747e-09	9.996055e+00
6.921874999999911e-03	1.010747e-09	9.996055e+00
6.944335937499910e-03	1.010747e-09	9.996055e+00
6.966796874999908e-03	1.010747e-09	9.996055e+00
6.989257812499907e-03	1.010747e-09	9.996056e+00
6.996093749999907e-03	1.010747e-09	9.996056e+00
7.000000000000000e-03	1.010747e-09	9.996056e+00
