time	V(in1)	V(in2)	V(out)
0.000000000000000e+000	0.000000e+000	1.000000e+000	9.810694e-001
1.828571396483054e-012	0.000000e+000	1.000000e+000	9.810694e-001
3.657142792966109e-012	0.000000e+000	1.000000e+000	9.810694e-001
5.485714189449163e-012	0.000000e+000	1.000000e+000	9.810694e-001
7.314285585932218e-012	0.000000e+000	1.000000e+000	9.810694e-001
9.142856982415273e-012	0.000000e+000	1.000000e+000	9.810694e-001
1.097142837889833e-011	0.000000e+000	1.000000e+000	9.810694e-001
1.279999977538138e-011	0.000000e+000	1.000000e+000	9.810694e-001
9.471999833782223e-010	0.000000e+000	1.000000e+000	9.810698e-001
1.881599966981063e-009	0.000000e+000	1.000000e+000	9.810701e-001
2.815999950583904e-009	0.000000e+000	1.000000e+000	9.810703e-001
3.750399934186745e-009	0.000000e+000	1.000000e+000	9.810705e-001
4.684799917789586e-009	0.000000e+000	1.000000e+000	9.810705e-001
5.619199901392427e-009	0.000000e+000	1.000000e+000	9.810705e-001
6.553599884995265e-009	0.000000e+000	1.000000e+000	9.810704e-001
1.000000000000000e-003	0.000000e+000	1.000000e+000	9.810700e-001
1.000000000022921e-003	2.521251e-005	1.000000e+000	9.810811e-001
1.000000000068761e-003	7.563754e-005	1.000000e+000	9.811020e-001
1.000000000160443e-003	1.764876e-004	1.000000e+000	9.811391e-001
1.000000000343807e-003	3.781877e-004	1.000000e+000	9.811980e-001
1.000000000710535e-003	7.815880e-004	1.000000e+000	9.812816e-001
1.000000001443990e-003	1.588388e-003	1.000000e+000	9.814008e-001
1.000000002910899e-003	3.201989e-003	1.000000e+000	9.816403e-001
1.000000005844719e-003	6.429191e-003	1.000000e+000	9.823177e-001
1.000000011712359e-003	1.288360e-002	1.000000e+000	9.842727e-001
1.000000023447638e-003	2.579240e-002	1.000000e+000	9.892942e-001
1.000000046918197e-003	5.161002e-002	1.000000e+000	1.000594e+000
1.000000093859315e-003	1.032452e-001	1.000000e+000	1.023705e+000
1.000000187741550e-003	2.065157e-001	1.000000e+000	1.068801e+000
1.000000375506021e-003	4.130566e-001	1.000000e+000	1.154721e+000
1.000000624471059e-003	6.869181e-001	1.000000e+000	1.260049e+000
1.000001000000000e-003	1.100000e+000	1.000000e+000	1.407587e+000
1.000001037552894e-003	1.100000e+000	1.000000e+000	1.405148e+000
1.000001112658682e-003	1.100000e+000	1.000000e+000	1.396866e+000
1.000001262870259e-003	1.100000e+000	1.000000e+000	1.377814e+000
1.000001563293412e-003	1.100000e+000	1.000000e+000	1.344253e+000
1.000002164139718e-003	1.100000e+000	1.000000e+000	1.290152e+000
1.000002803685241e-003	1.100000e+000	1.000000e+000	1.246904e+000
1.000003561019092e-003	1.100000e+000	1.000000e+000	1.211024e+000
1.000004485776018e-003	1.100000e+000	1.000000e+000	1.181269e+000
1.000005688939355e-003	1.100000e+000	1.000000e+000	1.156022e+000
1.000007205191806e-003	1.100000e+000	1.000000e+000	1.135818e+000
1.000009252466324e-003	1.100000e+000	1.000000e+000	1.118433e+000
1.000011891256570e-003	1.100000e+000	1.000000e+000	1.102615e+000
1.000015700681240e-003	1.100000e+000	1.000000e+000	1.082279e+000
1.000020507057344e-003	1.100000e+000	1.000000e+000	1.059242e+000
1.000026569974194e-003	1.100000e+000	1.000000e+000	1.046870e+000
1.000034179069080e-003	1.100000e+000	1.000000e+000	1.057531e+000
1.000041093730501e-003	1.100000e+000	1.000000e+000	1.072620e+000
1.000049798696495e-003	1.100000e+000	1.000000e+000	1.080820e+000
1.000057887127898e-003	1.100000e+000	1.000000e+000	1.081563e+000
1.000074063990706e-003	1.100000e+000	1.000000e+000	1.080925e+000
1.000093086168669e-003	1.100000e+000	1.000000e+000	1.080762e+000
1.000131130524595e-003	1.100000e+000	1.000000e+000	1.080780e+000
1.000207219236448e-003	1.100000e+000	1.000000e+000	1.080780e+000
1.000359396660154e-003	1.100000e+000	1.000000e+000	1.080780e+000
1.991407250000000e-003	1.100000e+000	1.000000e+000	1.080780e+000
1.995257956140196e-003	1.100000e+000	1.000000e+000	1.080769e+000
1.995258956140195e-003	1.100000e+000	1.000000e+000	1.080772e+000
1.995260956140195e-003	1.100000e+000	1.000000e+000	1.080778e+000
1.995264956140195e-003	1.100000e+000	1.000000e+000	1.080778e+000
1.995272956140194e-003	1.100000e+000	1.000000e+000	1.080780e+000
1.995288956140193e-003	1.100000e+000	1.000000e+000	1.080779e+000
1.995320956140190e-003	1.100000e+000	1.000000e+000	1.080779e+000
1.995384956140184e-003	1.100000e+000	1.000000e+000	1.080779e+000
1.995512956140172e-003	1.100000e+000	1.000000e+000	1.080779e+000
1.997953000000190e-003	1.100000e+000	1.000000e+000	1.080779e+000
1.998704912279632e-003	1.100000e+000	1.000000e+000	1.080782e+000
1.998705912279632e-003	1.100000e+000	1.000000e+000	1.080781e+000
1.998707912279632e-003	1.100000e+000	1.000000e+000	1.080779e+000
1.998711912279631e-003	1.100000e+000	1.000000e+000	1.080780e+000
1.998719912279631e-003	1.100000e+000	1.000000e+000	1.080779e+000
1.998735912279629e-003	1.100000e+000	1.000000e+000	1.080779e+000
1.998767912279626e-003	1.100000e+000	1.000000e+000	1.080779e+000
1.998831912279620e-003	1.100000e+000	1.000000e+000	1.080779e+000
1.998959912279608e-003	1.100000e+000	1.000000e+000	1.080779e+000
1.999215912279585e-003	1.100000e+000	1.000000e+000	1.080779e+000
1.999489000000047e-003	1.100000e+000	1.000000e+000	1.080782e+000
1.999490000000047e-003	1.100000e+000	1.000000e+000	1.080781e+000
1.999492000000047e-003	1.100000e+000	1.000000e+000	1.080779e+000
1.999496000000047e-003	1.100000e+000	1.000000e+000	1.080780e+000
1.999504000000046e-003	1.100000e+000	1.000000e+000	1.080779e+000
1.999520000000045e-003	1.100000e+000	1.000000e+000	1.080779e+000
1.999552000000042e-003	1.100000e+000	1.000000e+000	1.080779e+000
1.999616000000036e-003	1.100000e+000	1.000000e+000	1.080779e+000
1.999744000000024e-003	1.100000e+000	1.000000e+000	1.080782e+000
1.999745000000024e-003	1.100000e+000	1.000000e+000	1.080781e+000
1.999747000000024e-003	1.100000e+000	1.000000e+000	1.080779e+000
1.999751000000023e-003	1.100000e+000	1.000000e+000	1.080780e+000
1.999759000000022e-003	1.100000e+000	1.000000e+000	1.080779e+000
1.999775000000021e-003	1.100000e+000	1.000000e+000	1.080780e+000
1.999807000000018e-003	1.100000e+000	1.000000e+000	1.080779e+000
1.999871000000012e-003	1.100000e+000	1.000000e+000	1.080778e+000
1.999873000000012e-003	1.100000e+000	1.000000e+000	1.080779e+000
1.999877000000011e-003	1.100000e+000	1.000000e+000	1.080780e+000
1.999885000000011e-003	1.100000e+000	1.000000e+000	1.080779e+000
1.999933000000006e-003	1.100000e+000	1.000000e+000	1.080780e+000
1.999945000000005e-003	1.100000e+000	1.000000e+000	1.080779e+000
1.999969000000003e-003	1.100000e+000	1.000000e+000	1.080779e+000
1.999985000000001e-003	1.100000e+000	1.000000e+000	1.080777e+000
1.999986000000001e-003	1.100000e+000	1.000000e+000	1.080778e+000
1.999988000000001e-003	1.100000e+000	1.000000e+000	1.080780e+000
1.999992000000001e-003	1.100000e+000	1.000000e+000	1.080781e+000
1.999995000000001e-003	1.100000e+000	1.000000e+000	1.080779e+000
1.999997000000000e-003	1.100000e+000	1.000000e+000	1.080778e+000
1.999998000000000e-003	1.100000e+000	1.000000e+000	1.080779e+000
1.999999000000000e-003	1.100000e+000	1.000000e+000	1.080779e+000
2.000000000000000e-003	1.100000e+000	1.000000e+000	1.080779e+000
2.000001000000000e-003	1.100000e+000	1.000000e+000	1.080680e+000
2.000001100000000e-003	9.900000e-001	1.000000e+000	1.032364e+000
2.000001300000000e-003	7.700000e-001	1.000000e+000	9.309760e-001
2.000001600000000e-003	4.400000e-001	1.000000e+000	7.728308e-001
2.000002000000000e-003	1.019427e-010	1.000000e+000	5.567468e-001
2.000002040000000e-003	3.398089e-011	1.000000e+000	5.526353e-001
2.000002120000000e-003	0.000000e+000	1.000000e+000	5.473881e-001
2.000002280000000e-003	0.000000e+000	1.000000e+000	5.400379e-001
2.000002600000000e-003	0.000000e+000	1.000000e+000	5.289469e-001
2.000003240000000e-003	0.000000e+000	1.000000e+000	5.212633e-001
2.000004081474801e-003	0.000000e+000	1.000000e+000	5.380703e-001
2.000005029211899e-003	0.000000e+000	1.000000e+000	5.879030e-001
2.000006250612779e-003	0.000000e+000	1.000000e+000	6.802259e-001
2.000007412824316e-003	0.000000e+000	1.000000e+000	7.789140e-001
2.000008639289291e-003	0.000000e+000	1.000000e+000	8.781173e-001
2.000009769082373e-003	0.000000e+000	1.000000e+000	9.513672e-001
2.000011041682896e-003	0.000000e+000	1.000000e+000	1.004846e+000
2.000012644435500e-003	0.000000e+000	1.000000e+000	1.037197e+000
2.000014464143552e-003	0.000000e+000	1.000000e+000	1.045687e+000
2.000016208196975e-003	0.000000e+000	1.000000e+000	1.039118e+000
2.000018193291204e-003	0.000000e+000	1.000000e+000	1.025962e+000
2.000020567371117e-003	0.000000e+000	1.000000e+000	1.011456e+000
2.000023982700877e-003	0.000000e+000	1.000000e+000	9.973692e-001
2.000029198242179e-003	0.000000e+000	1.000000e+000	9.873708e-001
2.000039629324784e-003	0.000000e+000	1.000000e+000	9.818484e-001
2.000050015699218e-003	0.000000e+000	1.000000e+000	9.810287e-001
2.000069089186588e-003	0.000000e+000	1.000000e+000	9.810772e-001
2.000102325931639e-003	0.000000e+000	1.000000e+000	9.810661e-001
2.000168799421743e-003	0.000000e+000	1.000000e+000	9.810718e-001
2.000301746401950e-003	0.000000e+000	1.000000e+000	9.810693e-001
2.000567640362363e-003	0.000000e+000	1.000000e+000	9.810705e-001
2.001099428283191e-003	0.000000e+000	1.000000e+000	9.810699e-001
2.004290155808157e-003	0.000000e+000	1.000000e+000	9.810700e-001
2.993481131816022e-003	0.000000e+000	1.000000e+000	9.810700e-001
2.995850236367957e-003	0.000000e+000	1.000000e+000	9.811024e-001
2.995851236367957e-003	0.000000e+000	1.000000e+000	9.810967e-001
2.995853236367957e-003	0.000000e+000	1.000000e+000	9.810827e-001
2.995857236367956e-003	0.000000e+000	1.000000e+000	9.810748e-001
2.995865236367956e-003	0.000000e+000	1.000000e+000	9.810694e-001
2.995881236367954e-003	0.000000e+000	1.000000e+000	9.810700e-001
2.995913236367951e-003	0.000000e+000	1.000000e+000	9.810700e-001
2.995977236367945e-003	0.000000e+000	1.000000e+000	9.810700e-001
2.996105236367933e-003	0.000000e+000	1.000000e+000	9.810700e-001
2.996361236367910e-003	0.000000e+000	1.000000e+000	9.810700e-001
2.997897236367767e-003	0.000000e+000	1.000000e+000	9.810700e-001
2.998061527265035e-003	0.000000e+000	1.000000e+000	9.810700e-001
2.998280581794726e-003	0.000000e+000	1.000000e+000	9.810700e-001
2.998718690854108e-003	0.000000e+000	1.000000e+000	9.810700e-001
2.999123781881237e-003	0.000000e+000	1.000000e+000	9.810700e-001
2.999321890074748e-003	0.000000e+000	1.000000e+000	9.810700e-001
2.999586034332764e-003	0.000000e+000	1.000000e+000	9.810655e-001
2.999587034332763e-003	0.000000e+000	1.000000e+000	9.810678e-001
2.999589034332763e-003	0.000000e+000	1.000000e+000	9.810712e-001
2.999593034332763e-003	0.000000e+000	1.000000e+000	9.810694e-001
2.999601034332762e-003	0.000000e+000	1.000000e+000	9.810703e-001
2.999617034332761e-003	0.000000e+000	1.000000e+000	9.810699e-001
2.999649034332758e-003	0.000000e+000	1.000000e+000	9.810700e-001
2.999713034332752e-003	0.000000e+000	1.000000e+000	9.810700e-001
2.999841034332740e-003	0.000000e+000	1.000000e+000	9.810657e-001
2.999842034332740e-003	0.000000e+000	1.000000e+000	9.810678e-001
2.999844034332740e-003	0.000000e+000	1.000000e+000	9.810711e-001
2.999848034332739e-003	0.000000e+000	1.000000e+000	9.810695e-001
2.999856034332738e-003	0.000000e+000	1.000000e+000	9.810703e-001
2.999872034332737e-003	0.000000e+000	1.000000e+000	9.810699e-001
2.999904034332734e-003	0.000000e+000	1.000000e+000	9.810700e-001
2.999936000000006e-003	0.000000e+000	1.000000e+000	9.811170e-001
2.999936068665456e-003	0.000000e+000	1.000000e+000	9.810963e-001
2.999936205996356e-003	0.000000e+000	1.000000e+000	9.810619e-001
2.999936480658156e-003	0.000000e+000	1.000000e+000	9.810731e-001
2.999937029981757e-003	0.000000e+000	1.000000e+000	9.810686e-001
2.999938128628958e-003	0.000000e+000	1.000000e+000	9.810706e-001
2.999940325923360e-003	0.000000e+000	1.000000e+000	9.810697e-001
2.999944720512164e-003	0.000000e+000	1.000000e+000	9.810702e-001
2.999953509689772e-003	0.000000e+000	1.000000e+000	9.810699e-001
2.999971088044988e-003	0.000000e+000	1.000000e+000	9.810687e-001
2.999972088044988e-003	0.000000e+000	1.000000e+000	9.810693e-001
2.999974088044987e-003	0.000000e+000	1.000000e+000	9.810703e-001
2.999986088044986e-003	0.000000e+000	1.000000e+000	9.810689e-001
2.999989088044986e-003	0.000000e+000	1.000000e+000	9.810703e-001
2.999993088044986e-003	0.000000e+000	1.000000e+000	9.810709e-001
2.999994088044986e-003	0.000000e+000	1.000000e+000	9.810706e-001
2.999996088044985e-003	0.000000e+000	1.000000e+000	9.810705e-001
2.999997088044985e-003	0.000000e+000	1.000000e+000	9.810699e-001
2.999998000000000e-003	0.000000e+000	1.000000e+000	9.810744e-001
2.999998176089970e-003	0.000000e+000	1.000000e+000	9.810728e-001
2.999998528269910e-003	0.000000e+000	1.000000e+000	9.810688e-001
2.999999232629789e-003	0.000000e+000	1.000000e+000	9.810701e-001
3.000000000000000e-003	0.000000e+000	1.000000e+000	9.811049e-001
3.000000076737021e-003	8.441073e-002	1.000000e+000	1.016227e+000
3.000000230211063e-003	2.532322e-001	1.000000e+000	1.087412e+000
3.000000537159148e-003	5.908751e-001	1.000000e+000	1.225967e+000
3.000000601829788e-003	6.620128e-001	1.000000e+000	1.253481e+000
3.000000741317437e-003	8.154492e-001	1.000000e+000	1.310059e+000
3.000000761610170e-003	8.377712e-001	1.000000e+000	1.317925e+000
3.000000883366572e-003	9.717032e-001	1.000000e+000	1.364060e+000
3.000001000000000e-003	1.100000e+000	1.000000e+000	1.406975e+000
3.000001011663343e-003	1.100000e+000	1.000000e+000	1.407410e+000
3.000001034990028e-003	1.100000e+000	1.000000e+000	1.406247e+000
3.000001081643400e-003	1.100000e+000	1.000000e+000	1.400626e+000
3.000001174950142e-003	1.100000e+000	1.000000e+000	1.388205e+000
3.000001361563626e-003	1.100000e+000	1.000000e+000	1.365446e+000
3.000001734790595e-003	1.100000e+000	1.000000e+000	1.326641e+000
3.000002364488574e-003	1.100000e+000	1.000000e+000	1.274713e+000
3.000003002661068e-003	1.100000e+000	1.000000e+000	1.235940e+000
3.000003842921867e-003	1.100000e+000	1.000000e+000	1.200569e+000
3.000004816333380e-003	1.100000e+000	1.000000e+000	1.173029e+000
3.000006144891802e-003	1.100000e+000	1.000000e+000	1.148887e+000
3.000007765925982e-003	1.100000e+000	1.000000e+000	1.130186e+000
3.000010016358085e-003	1.100000e+000	1.000000e+000	1.113405e+000
3.000012916686977e-003	1.100000e+000	1.000000e+000	1.097052e+000
3.000017167350765e-003	1.100000e+000	1.000000e+000	1.074459e+000
3.000022145692163e-003	1.100000e+000	1.000000e+000	1.053241e+000
3.000028478799118e-003	1.100000e+000	1.000000e+000	1.046800e+000
3.000035331797953e-003	1.100000e+000	1.000000e+000	1.059875e+000
3.000043383621182e-003	1.100000e+000	1.000000e+000	1.076196e+000
3.000050725636605e-003	1.100000e+000	1.000000e+000	1.081282e+000
3.000061242460402e-003	1.100000e+000	1.000000e+000	1.081338e+000
3.000076832538350e-003	1.100000e+000	1.000000e+000	1.080876e+000
3.000100122667536e-003	1.100000e+000	1.000000e+000	1.080767e+000
3.000146702925908e-003	1.100000e+000	1.000000e+000	1.080781e+000
3.000239863442651e-003	1.100000e+000	1.000000e+000	1.080779e+000
3.000426184476138e-003	1.100000e+000	1.000000e+000	1.080780e+000
3.000798826543111e-003	1.100000e+000	1.000000e+000	1.080779e+000
3.983071838552308e-003	1.100000e+000	1.000000e+000	1.080779e+000
3.991665588552308e-003	1.100000e+000	1.000000e+000	1.080780e+000
3.991666588552308e-003	1.100000e+000	1.000000e+000	1.080780e+000
3.991668588552309e-003	1.100000e+000	1.000000e+000	1.080781e+000
3.991672588552310e-003	1.100000e+000	1.000000e+000	1.080781e+000
3.991680588552313e-003	1.100000e+000	1.000000e+000	1.080780e+000
3.991696588552318e-003	1.100000e+000	1.000000e+000	1.080780e+000
3.996771468667997e-003	1.100000e+000	1.000000e+000	1.080779e+000
3.997926760227190e-003	1.100000e+000	1.000000e+000	1.080779e+000
3.997929760227191e-003	1.100000e+000	1.000000e+000	1.080779e+000
3.997933760227192e-003	1.100000e+000	1.000000e+000	1.080779e+000
3.997941760227195e-003	1.100000e+000	1.000000e+000	1.080779e+000
3.999720722404894e-003	1.100000e+000	1.000000e+000	1.080779e+000
3.999823218561502e-003	1.100000e+000	1.000000e+000	1.080779e+000
3.999826218561503e-003	1.100000e+000	1.000000e+000	1.080779e+000
3.999830218561504e-003	1.100000e+000	1.000000e+000	1.080779e+000
3.999838218561507e-003	1.100000e+000	1.000000e+000	1.080779e+000
3.999886218561523e-003	1.100000e+000	1.000000e+000	1.080779e+000
3.999936999999978e-003	1.100000e+000	1.000000e+000	1.080779e+000
3.999939999999979e-003	1.100000e+000	1.000000e+000	1.080779e+000
3.999943999999980e-003	1.100000e+000	1.000000e+000	1.080779e+000
3.999951999999983e-003	1.100000e+000	1.000000e+000	1.080779e+000
3.999967999999988e-003	1.100000e+000	1.000000e+000	1.080779e+000
3.999970999999990e-003	1.100000e+000	1.000000e+000	1.080779e+000
3.999974999999993e-003	1.100000e+000	1.000000e+000	1.080779e+000
3.999983000000000e-003	1.100000e+000	1.000000e+000	1.080779e+000
3.999988999999963e-003	1.100000e+000	1.000000e+000	1.080779e+000
3.999993000000047e-003	1.100000e+000	1.000000e+000	1.080779e+000
3.999994000000048e-003	1.100000e+000	1.000000e+000	1.080779e+000
3.999998999999899e-003	1.100000e+000	1.000000e+000	1.080779e+000
3.999999999999900e-003	1.100000e+000	1.000000e+000	1.080779e+000
4.000001000000000e-003	1.100000e+000	1.000000e+000	1.080784e+000
4.000001099999999e-003	9.900000e-001	1.000000e+000	1.032402e+000
4.000001299999999e-003	7.700000e-001	1.000000e+000	9.309763e-001
4.000001600000000e-003	4.400000e-001	1.000000e+000	7.728307e-001
4.000002000000000e-003	1.019427e-010	1.000000e+000	5.567425e-001
4.000002040000000e-003	3.398089e-011	1.000000e+000	5.526336e-001
4.000002119999999e-003	0.000000e+000	1.000000e+000	5.473881e-001
4.000002280000000e-003	0.000000e+000	1.000000e+000	5.400380e-001
4.000002600000000e-003	0.000000e+000	1.000000e+000	5.289468e-001
4.000003240000000e-003	0.000000e+000	1.000000e+000	5.212633e-001
4.000004081476186e-003	0.000000e+000	1.000000e+000	5.380704e-001
4.000005029211966e-003	0.000000e+000	1.000000e+000	5.879030e-001
4.000006250614362e-003	0.000000e+000	1.000000e+000	6.802260e-001
4.000007412824913e-003	0.000000e+000	1.000000e+000	7.789140e-001
4.000008639291092e-003	0.000000e+000	1.000000e+000	8.781174e-001
4.000009769084419e-003	0.000000e+000	1.000000e+000	9.513673e-001
4.000011041685268e-003	0.000000e+000	1.000000e+000	1.004846e+000
4.000012644438565e-003	0.000000e+000	1.000000e+000	1.037197e+000
4.000014464145651e-003	0.000000e+000	1.000000e+000	1.045687e+000
4.000016208200393e-003	0.000000e+000	1.000000e+000	1.039118e+000
4.000018193293309e-003	0.000000e+000	1.000000e+000	1.025962e+000
4.000020567376583e-003	0.000000e+000	1.000000e+000	1.011456e+000
4.000023982704160e-003	0.000000e+000	1.000000e+000	9.973692e-001
4.000029198257630e-003	0.000000e+000	1.000000e+000	9.873708e-001
4.000039629364570e-003	0.000000e+000	1.000000e+000	9.818484e-001
4.000050015740294e-003	0.000000e+000	1.000000e+000	9.810287e-001
4.000069089249124e-003	0.000000e+000	1.000000e+000	9.810772e-001
4.000102326115995e-003	0.000000e+000	1.000000e+000	9.810661e-001
4.000168799849735e-003	0.000000e+000	1.000000e+000	9.810718e-001
4.000301747317216e-003	0.000000e+000	1.000000e+000	9.810693e-001
4.000567642252179e-003	0.000000e+000	1.000000e+000	9.810705e-001
4.001099432122104e-003	0.000000e+000	1.000000e+000	9.810699e-001
4.004290171341653e-003	0.000000e+000	1.000000e+000	9.810700e-001
4.993481256439686e-003	0.000000e+000	1.000000e+000	9.810700e-001
4.995849987120629e-003	0.000000e+000	1.000000e+000	9.811023e-001
4.995850987120630e-003	0.000000e+000	1.000000e+000	9.810967e-001
4.995852987120630e-003	0.000000e+000	1.000000e+000	9.810827e-001
4.995856987120632e-003	0.000000e+000	1.000000e+000	9.810748e-001
4.995864987120634e-003	0.000000e+000	1.000000e+000	9.810694e-001
4.995880987120640e-003	0.000000e+000	1.000000e+000	9.810700e-001
4.995912987120651e-003	0.000000e+000	1.000000e+000	9.810700e-001
4.995976987120673e-003	0.000000e+000	1.000000e+000	9.810700e-001
4.996104987120716e-003	0.000000e+000	1.000000e+000	9.810700e-001
4.996360987120804e-003	0.000000e+000	1.000000e+000	9.810700e-001
4.997896987121327e-003	0.000000e+000	1.000000e+000	9.810700e-001
4.998062025755251e-003	0.000000e+000	1.000000e+000	9.810700e-001
4.998282077267148e-003	0.000000e+000	1.000000e+000	9.810700e-001
4.999204772677067e-003	0.000000e+000	1.000000e+000	9.810700e-001
4.999374730126383e-003	0.000000e+000	1.000000e+000	9.810700e-001
4.999660085101369e-003	0.000000e+000	1.000000e+000	9.810656e-001
4.999661085101369e-003	0.000000e+000	1.000000e+000	9.810678e-001
4.999663085101370e-003	0.000000e+000	1.000000e+000	9.810712e-001
4.999667085101371e-003	0.000000e+000	1.000000e+000	9.810694e-001
4.999675085101374e-003	0.000000e+000	1.000000e+000	9.810703e-001
4.999691085101380e-003	0.000000e+000	1.000000e+000	9.810699e-001
4.999723085101391e-003	0.000000e+000	1.000000e+000	9.810700e-001
4.999787085101412e-003	0.000000e+000	1.000000e+000	9.810700e-001
4.999871999999957e-003	0.000000e+000	1.000000e+000	9.810657e-001
4.999872999999957e-003	0.000000e+000	1.000000e+000	9.810678e-001
4.999874999999958e-003	0.000000e+000	1.000000e+000	9.810711e-001
4.999878999999959e-003	0.000000e+000	1.000000e+000	9.810695e-001
4.999886999999962e-003	0.000000e+000	1.000000e+000	9.810703e-001
4.999902999999967e-003	0.000000e+000	1.000000e+000	9.810699e-001
4.999934999999978e-003	0.000000e+000	1.000000e+000	9.810661e-001
4.999935999999978e-003	0.000000e+000	1.000000e+000	9.810680e-001
4.999937999999979e-003	0.000000e+000	1.000000e+000	9.810710e-001
4.999941999999980e-003	0.000000e+000	1.000000e+000	9.810695e-001
4.999965999999989e-003	0.000000e+000	1.000000e+000	9.810717e-001
4.999971999999991e-003	0.000000e+000	1.000000e+000	9.810695e-001
4.999983999999995e-003	0.000000e+000	1.000000e+000	9.810696e-001
4.999991999999997e-003	0.000000e+000	1.000000e+000	9.810669e-001
4.999992999999998e-003	0.000000e+000	1.000000e+000	9.810682e-001
4.999994999999998e-003	0.000000e+000	1.000000e+000	9.810683e-001
4.999995999999999e-003	0.000000e+000	1.000000e+000	9.810683e-001
4.999997999999999e-003	0.000000e+000	1.000000e+000	9.810684e-001
4.999999000000000e-003	0.000000e+000	1.000000e+000	9.810700e-001
5.000000000000000e-003	0.000000e+000	1.000000e+000	9.809092e-001
5.000000100000001e-003	1.100000e-001	1.000000e+000	1.027077e+000
5.000000300000001e-003	3.300000e-001	1.000000e+000	1.119135e+000
5.000000600000000e-003	6.600000e-001	1.000000e+000	1.248290e+000
5.000001000000000e-003	1.100000e+000	1.000000e+000	1.406780e+000
5.000001040000000e-003	1.100000e+000	1.000000e+000	1.404209e+000
5.000001120000000e-003	1.100000e+000	1.000000e+000	1.395416e+000
5.000001280000000e-003	1.100000e+000	1.000000e+000	1.375298e+000
5.000001600000001e-003	1.100000e+000	1.000000e+000	1.340212e+000
5.000002240000001e-003	1.100000e+000	1.000000e+000	1.284125e+000
5.000002876694570e-003	1.100000e+000	1.000000e+000	1.242641e+000
5.000003675870877e-003	1.100000e+000	1.000000e+000	1.206508e+000
5.000004606997500e-003	1.100000e+000	1.000000e+000	1.178033e+000
5.000005871259065e-003	1.100000e+000	1.000000e+000	1.153002e+000
5.000007414109091e-003	1.100000e+000	1.000000e+000	1.133586e+000
5.000009558006122e-003	1.100000e+000	1.000000e+000	1.116338e+000
5.000012275191943e-003	1.100000e+000	1.000000e+000	1.100486e+000
5.000016290870864e-003	1.100000e+000	1.000000e+000	1.079081e+000
5.000021136489819e-003	1.100000e+000	1.000000e+000	1.057142e+000
5.000027671105607e-003	1.100000e+000	1.000000e+000	1.046967e+000
5.000034635920322e-003	1.100000e+000	1.000000e+000	1.058341e+000
5.000042191532353e-003	1.100000e+000	1.000000e+000	1.074480e+000
5.000050034950698e-003	1.100000e+000	1.000000e+000	1.080971e+000
5.000059339087333e-003	1.100000e+000	1.000000e+000	1.081430e+000
5.000075168389867e-003	1.100000e+000	1.000000e+000	1.080905e+000
5.000095998311022e-003	1.100000e+000	1.000000e+000	1.080765e+000
5.000137658153332e-003	1.100000e+000	1.000000e+000	1.080781e+000
5.000220977837954e-003	1.100000e+000	1.000000e+000	1.080779e+000
5.000387617207196e-003	1.100000e+000	1.000000e+000	1.080780e+000
5.000720895945681e-003	1.100000e+000	1.000000e+000	1.080780e+000
5.993408233799583e-003	1.100000e+000	1.000000e+000	1.080780e+000
5.995999032400837e-003	1.100000e+000	1.000000e+000	1.080787e+000
5.996000032400838e-003	1.100000e+000	1.000000e+000	1.080784e+000
5.996002032400840e-003	1.100000e+000	1.000000e+000	1.080780e+000
5.996006032400845e-003	1.100000e+000	1.000000e+000	1.080780e+000
5.996014032400855e-003	1.100000e+000	1.000000e+000	1.080779e+000
5.996030032400874e-003	1.100000e+000	1.000000e+000	1.080779e+000
5.996062032400913e-003	1.100000e+000	1.000000e+000	1.080779e+000
5.996126032400990e-003	1.100000e+000	1.000000e+000	1.080779e+000
5.996254032401145e-003	1.100000e+000	1.000000e+000	1.080779e+000
5.997022032402073e-003	1.100000e+000	1.000000e+000	1.080779e+000
5.998046032403310e-003	1.100000e+000	1.000000e+000	1.080776e+000
5.998047032403311e-003	1.100000e+000	1.000000e+000	1.080778e+000
5.998049032403314e-003	1.100000e+000	1.000000e+000	1.080780e+000
5.998053032403319e-003	1.100000e+000	1.000000e+000	1.080779e+000
5.998061032403328e-003	1.100000e+000	1.000000e+000	1.080780e+000
5.998077032403348e-003	1.100000e+000	1.000000e+000	1.080779e+000
5.998109032403386e-003	1.100000e+000	1.000000e+000	1.080779e+000
5.998173032403464e-003	1.100000e+000	1.000000e+000	1.080779e+000
5.998301032403618e-003	1.100000e+000	1.000000e+000	1.080779e+000
5.998557032403928e-003	1.100000e+000	1.000000e+000	1.080779e+000
5.999069032404546e-003	1.100000e+000	1.000000e+000	1.080776e+000
5.999070032404547e-003	1.100000e+000	1.000000e+000	1.080778e+000
5.999072032404550e-003	1.100000e+000	1.000000e+000	1.080780e+000
5.999076032404555e-003	1.100000e+000	1.000000e+000	1.080779e+000
5.999084032404564e-003	1.100000e+000	1.000000e+000	1.080780e+000
5.999100032404584e-003	1.100000e+000	1.000000e+000	1.080779e+000
5.999132032404622e-003	1.100000e+000	1.000000e+000	1.080779e+000
5.999196032404700e-003	1.100000e+000	1.000000e+000	1.080779e+000
5.999324032404854e-003	1.100000e+000	1.000000e+000	1.080779e+000
5.999580032405164e-003	1.100000e+000	1.000000e+000	1.080782e+000
5.999581032405165e-003	1.100000e+000	1.000000e+000	1.080781e+000
5.999583032405167e-003	1.100000e+000	1.000000e+000	1.080779e+000
5.999587032405172e-003	1.100000e+000	1.000000e+000	1.080780e+000
5.999595032405182e-003	1.100000e+000	1.000000e+000	1.080779e+000
5.999611032405201e-003	1.100000e+000	1.000000e+000	1.080780e+000
5.999643032405240e-003	1.100000e+000	1.000000e+000	1.080779e+000
5.999707032405317e-003	1.100000e+000	1.000000e+000	1.080779e+000
5.999835032405472e-003	1.100000e+000	1.000000e+000	1.080782e+000
5.999836032405473e-003	1.100000e+000	1.000000e+000	1.080781e+000
5.999838032405475e-003	1.100000e+000	1.000000e+000	1.080779e+000
5.999842032405480e-003	1.100000e+000	1.000000e+000	1.080780e+000
5.999850032405490e-003	1.100000e+000	1.000000e+000	1.080779e+000
5.999866032405509e-003	1.100000e+000	1.000000e+000	1.080779e+000
5.999898032405548e-003	1.100000e+000	1.000000e+000	1.080779e+000
5.999936999999923e-003	1.100000e+000	1.000000e+000	1.080777e+000
5.999937999999924e-003	1.100000e+000	1.000000e+000	1.080778e+000
5.999939999999927e-003	1.100000e+000	1.000000e+000	1.080780e+000
5.999943999999932e-003	1.100000e+000	1.000000e+000	1.080779e+000
5.999951999999941e-003	1.100000e+000	1.000000e+000	1.080780e+000
5.999967999999961e-003	1.100000e+000	1.000000e+000	1.080782e+000
5.999968999999962e-003	1.100000e+000	1.000000e+000	1.080781e+000
5.999970999999964e-003	1.100000e+000	1.000000e+000	1.080779e+000
5.999974999999969e-003	1.100000e+000	1.000000e+000	1.080780e+000
5.999982999999979e-003	1.100000e+000	1.000000e+000	1.080780e+000
5.999988999999986e-003	1.100000e+000	1.000000e+000	1.080779e+000
5.999992999999991e-003	1.100000e+000	1.000000e+000	1.080778e+000
5.999993999999992e-003	1.100000e+000	1.000000e+000	1.080778e+000
5.999995999999994e-003	1.100000e+000	1.000000e+000	1.080778e+000
5.999996999999996e-003	1.100000e+000	1.000000e+000	1.080778e+000
5.999998999999998e-003	1.100000e+000	1.000000e+000	1.080778e+000
5.999999999999999e-003	1.100000e+000	1.000000e+000	1.080779e+000
6.000001000000000e-003	1.100000e+000	1.000000e+000	1.080680e+000
6.000001099999999e-003	9.900000e-001	1.000000e+000	1.032364e+000
6.000001299999999e-003	7.700000e-001	1.000000e+000	9.309760e-001
6.000001600000001e-003	4.400000e-001	1.000000e+000	7.728308e-001
6.000002000000000e-003	1.019427e-010	1.000000e+000	5.567468e-001
6.000002040000000e-003	3.398089e-011	1.000000e+000	5.526353e-001
6.000002120000000e-003	0.000000e+000	1.000000e+000	5.473881e-001
6.000002280000000e-003	0.000000e+000	1.000000e+000	5.400379e-001
6.000002600000000e-003	0.000000e+000	1.000000e+000	5.289468e-001
6.000003240000000e-003	0.000000e+000	1.000000e+000	5.212633e-001
6.000004081474808e-003	0.000000e+000	1.000000e+000	5.380703e-001
6.000005029211900e-003	0.000000e+000	1.000000e+000	5.879030e-001
6.000006250612788e-003	0.000000e+000	1.000000e+000	6.802259e-001
6.000007412824335e-003	0.000000e+000	1.000000e+000	7.789140e-001
6.000008639289289e-003	0.000000e+000	1.000000e+000	8.781173e-001
6.000009769082387e-003	0.000000e+000	1.000000e+000	9.513672e-001
6.000011041682937e-003	0.000000e+000	1.000000e+000	1.004846e+000
6.000012644435484e-003	0.000000e+000	1.000000e+000	1.037197e+000
6.000014464143640e-003	0.000000e+000	1.000000e+000	1.045687e+000
6.000016208196963e-003	0.000000e+000	1.000000e+000	1.039118e+000
6.000018193291315e-003	0.000000e+000	1.000000e+000	1.025962e+000
6.000020567371086e-003	0.000000e+000	1.000000e+000	1.011456e+000
6.000023982701165e-003	0.000000e+000	1.000000e+000	9.973692e-001
6.000029198241935e-003	0.000000e+000	1.000000e+000	9.873708e-001
6.000039629323473e-003	0.000000e+000	1.000000e+000	9.818484e-001
6.000050015697937e-003	0.000000e+000	1.000000e+000	9.810287e-001
6.000069089184534e-003	0.000000e+000	1.000000e+000	9.810772e-001
6.000102325928032e-003	0.000000e+000	1.000000e+000	9.810661e-001
6.000168799415028e-003	0.000000e+000	1.000000e+000	9.810718e-001
6.000301746389021e-003	0.000000e+000	1.000000e+000	9.810693e-001
6.000567640337007e-003	0.000000e+000	1.000000e+000	9.810705e-001
6.001099428232980e-003	0.000000e+000	1.000000e+000	9.810699e-001
6.004290155608812e-003	0.000000e+000	1.000000e+000	9.810700e-001
6.993481130224266e-003	0.000000e+000	1.000000e+000	9.810700e-001
6.995850239551469e-003	0.000000e+000	1.000000e+000	9.811024e-001
6.995851239551470e-003	0.000000e+000	1.000000e+000	9.810967e-001
6.995853239551471e-003	0.000000e+000	1.000000e+000	9.810827e-001
6.995857239551472e-003	0.000000e+000	1.000000e+000	9.810748e-001
6.995865239551475e-003	0.000000e+000	1.000000e+000	9.810694e-001
6.995881239551480e-003	0.000000e+000	1.000000e+000	9.810700e-001
6.995913239551491e-003	0.000000e+000	1.000000e+000	9.810700e-001
6.995977239551513e-003	0.000000e+000	1.000000e+000	9.810700e-001
6.996105239551556e-003	0.000000e+000	1.000000e+000	9.810700e-001
6.996361239551644e-003	0.000000e+000	1.000000e+000	9.810700e-001
6.997897239552168e-003	0.000000e+000	1.000000e+000	9.810700e-001
6.998061520893570e-003	0.000000e+000	1.000000e+000	9.810700e-001
6.998280562682108e-003	0.000000e+000	1.000000e+000	9.810700e-001
6.998718646259182e-003	0.000000e+000	1.000000e+000	9.810700e-001
6.999123832845852e-003	0.000000e+000	1.000000e+000	9.810700e-001
6.999321214788278e-003	0.000000e+000	1.000000e+000	9.810700e-001
6.999584390711512e-003	0.000000e+000	1.000000e+000	9.810655e-001
6.999585390711513e-003	0.000000e+000	1.000000e+000	9.810678e-001
6.999587390711513e-003	0.000000e+000	1.000000e+000	9.810712e-001
6.999591390711515e-003	0.000000e+000	1.000000e+000	9.810694e-001
6.999599390711517e-003	0.000000e+000	1.000000e+000	9.810703e-001
6.999615390711523e-003	0.000000e+000	1.000000e+000	9.810699e-001
6.999647390711534e-003	0.000000e+000	1.000000e+000	9.810701e-001
6.999711390711556e-003	0.000000e+000	1.000000e+000	9.810700e-001
6.999839390711599e-003	0.000000e+000	1.000000e+000	9.810657e-001
6.999840390711600e-003	0.000000e+000	1.000000e+000	9.810678e-001
6.999842390711600e-003	0.000000e+000	1.000000e+000	9.810711e-001
6.999846390711602e-003	0.000000e+000	1.000000e+000	9.810695e-001
6.999854390711604e-003	0.000000e+000	1.000000e+000	9.810703e-001
6.999870390711610e-003	0.000000e+000	1.000000e+000	9.810699e-001
6.999902390711621e-003	0.000000e+000	1.000000e+000	9.810700e-001
6.999935999999978e-003	0.000000e+000	1.000000e+000	9.810739e-001
6.999936999999979e-003	0.000000e+000	1.000000e+000	9.810721e-001
6.999938999999979e-003	0.000000e+000	1.000000e+000	9.810690e-001
6.999942999999981e-003	0.000000e+000	1.000000e+000	9.810705e-001
6.999950999999983e-003	0.000000e+000	1.000000e+000	9.810698e-001
6.999966999999989e-003	0.000000e+000	1.000000e+000	9.810665e-001
6.999967999999989e-003	0.000000e+000	1.000000e+000	9.810681e-001
6.999969999999990e-003	0.000000e+000	1.000000e+000	9.810709e-001
6.999973999999991e-003	0.000000e+000	1.000000e+000	9.810696e-001
6.999981999999994e-003	0.000000e+000	1.000000e+000	9.810687e-001
6.999987999999996e-003	0.000000e+000	1.000000e+000	9.810700e-001
6.999991999999997e-003	0.000000e+000	1.000000e+000	9.810725e-001
6.999992999999998e-003	0.000000e+000	1.000000e+000	9.810717e-001
6.999994999999998e-003	0.000000e+000	1.000000e+000	9.810716e-001
6.999995999999999e-003	0.000000e+000	1.000000e+000	9.810716e-001
6.999998000000000e-003	0.000000e+000	1.000000e+000	9.810715e-001
6.999999000000000e-003	0.000000e+000	1.000000e+000	9.810700e-001
7.000000000000000e-003	0.000000e+000	1.000000e+000	9.812213e-001
7.000000100000001e-003	1.100000e-001	1.000000e+000	1.027190e+000
7.000000300000001e-003	3.300000e-001	1.000000e+000	1.119135e+000
7.000000600000000e-003	6.600000e-001	1.000000e+000	1.248289e+000
7.000001000000001e-003	1.100000e+000	1.000000e+000	1.406757e+000
7.000001040000000e-003	1.100000e+000	1.000000e+000	1.404199e+000
7.000001120000000e-003	1.100000e+000	1.000000e+000	1.395415e+000
7.000001280000000e-003	1.100000e+000	1.000000e+000	1.375298e+000
7.000001600000001e-003	1.100000e+000	1.000000e+000	1.340212e+000
7.000002240000001e-003	1.100000e+000	1.000000e+000	1.284125e+000
7.000002876667241e-003	1.100000e+000	1.000000e+000	1.242642e+000
7.000003675862331e-003	1.100000e+000	1.000000e+000	1.206508e+000
7.000004606960366e-003	1.100000e+000	1.000000e+000	1.178034e+000
7.000005871252669e-003	1.100000e+000	1.000000e+000	1.153002e+000
7.000007414050103e-003	1.100000e+000	1.000000e+000	1.133587e+000
7.000009557998153e-003	1.100000e+000	1.000000e+000	1.116338e+000
7.000012275087864e-003	1.100000e+000	1.000000e+000	1.100487e+000
7.000016290868189e-003	1.100000e+000	1.000000e+000	1.079081e+000
7.000021136318841e-003	1.100000e+000	1.000000e+000	1.057142e+000
7.000027671125382e-003	1.100000e+000	1.000000e+000	1.046967e+000
7.000034635723149e-003	1.100000e+000	1.000000e+000	1.058340e+000
7.000042191365482e-003	1.100000e+000	1.000000e+000	1.074480e+000
7.000050034728871e-003	1.100000e+000	1.000000e+000	1.080971e+000
7.000059338912646e-003	1.100000e+000	1.000000e+000	1.081430e+000
7.000075168214097e-003	1.100000e+000	1.000000e+000	1.080905e+000
7.000095997896810e-003	1.100000e+000	1.000000e+000	1.080765e+000
7.000137657262236e-003	1.100000e+000	1.000000e+000	1.080781e+000
7.000220975993088e-003	1.100000e+000	1.000000e+000	1.080779e+000
7.000387613454793e-003	1.100000e+000	1.000000e+000	1.080780e+000
7.000720888378204e-003	1.100000e+000	1.000000e+000	1.080780e+000
7.993408477838969e-003	1.100000e+000	1.000000e+000	1.080780e+000
7.995998544322060e-003	1.100000e+000	1.000000e+000	1.080787e+000
7.995999544322062e-003	1.100000e+000	1.000000e+000	1.080784e+000
7.996001544322064e-003	1.100000e+000	1.000000e+000	1.080780e+000
7.996005544322069e-003	1.100000e+000	1.000000e+000	1.080780e+000
7.996013544322079e-003	1.100000e+000	1.000000e+000	1.080779e+000
7.996029544322098e-003	1.100000e+000	1.000000e+000	1.080779e+000
7.996061544322137e-003	1.100000e+000	1.000000e+000	1.080779e+000
7.996125544322214e-003	1.100000e+000	1.000000e+000	1.080779e+000
7.996253544322369e-003	1.100000e+000	1.000000e+000	1.080779e+000
7.997021544323297e-003	1.100000e+000	1.000000e+000	1.080779e+000
7.998045544324534e-003	1.100000e+000	1.000000e+000	1.080776e+000
7.998046544324535e-003	1.100000e+000	1.000000e+000	1.080778e+000
7.998048544324538e-003	1.100000e+000	1.000000e+000	1.080780e+000
7.998052544324542e-003	1.100000e+000	1.000000e+000	1.080779e+000
7.998060544324552e-003	1.100000e+000	1.000000e+000	1.080780e+000
7.998076544324571e-003	1.100000e+000	1.000000e+000	1.080779e+000
7.998108544324610e-003	1.100000e+000	1.000000e+000	1.080779e+000
7.998172544324687e-003	1.100000e+000	1.000000e+000	1.080779e+000
7.998300544324842e-003	1.100000e+000	1.000000e+000	1.080779e+000
7.998556544325151e-003	1.100000e+000	1.000000e+000	1.080779e+000
7.999068544325770e-003	1.100000e+000	1.000000e+000	1.080776e+000
7.999069544325771e-003	1.100000e+000	1.000000e+000	1.080778e+000
7.999071544325774e-003	1.100000e+000	1.000000e+000	1.080780e+000
7.999075544325779e-003	1.100000e+000	1.000000e+000	1.080779e+000
7.999083544325788e-003	1.100000e+000	1.000000e+000	1.080780e+000
7.999099544325808e-003	1.100000e+000	1.000000e+000	1.080779e+000
7.999131544325846e-003	1.100000e+000	1.000000e+000	1.080779e+000
7.999195544325924e-003	1.100000e+000	1.000000e+000	1.080779e+000
7.999323544326078e-003	1.100000e+000	1.000000e+000	1.080779e+000
7.999579544326388e-003	1.100000e+000	1.000000e+000	1.080782e+000
7.999580544326389e-003	1.100000e+000	1.000000e+000	1.080781e+000
7.999582544326391e-003	1.100000e+000	1.000000e+000	1.080779e+000
7.999586544326396e-003	1.100000e+000	1.000000e+000	1.080780e+000
7.999594544326406e-003	1.100000e+000	1.000000e+000	1.080779e+000
7.999610544326425e-003	1.100000e+000	1.000000e+000	1.080779e+000
7.999642544326464e-003	1.100000e+000	1.000000e+000	1.080779e+000
7.999706544326541e-003	1.100000e+000	1.000000e+000	1.080779e+000
7.999834544326696e-003	1.100000e+000	1.000000e+000	1.080782e+000
7.999835544326697e-003	1.100000e+000	1.000000e+000	1.080781e+000
7.999837544326699e-003	1.100000e+000	1.000000e+000	1.080779e+000
7.999841544326704e-003	1.100000e+000	1.000000e+000	1.080780e+000
7.999849544326714e-003	1.100000e+000	1.000000e+000	1.080779e+000
7.999865544326733e-003	1.100000e+000	1.000000e+000	1.080779e+000
7.999897544326772e-003	1.100000e+000	1.000000e+000	1.080779e+000
7.999936999999922e-003	1.100000e+000	1.000000e+000	1.080777e+000
7.999937999999924e-003	1.100000e+000	1.000000e+000	1.080778e+000
7.999939999999926e-003	1.100000e+000	1.000000e+000	1.080780e+000
7.999943999999931e-003	1.100000e+000	1.000000e+000	1.080779e+000
7.999951999999940e-003	1.100000e+000	1.000000e+000	1.080780e+000
7.999967999999960e-003	1.100000e+000	1.000000e+000	1.080782e+000
7.999968999999961e-003	1.100000e+000	1.000000e+000	1.080781e+000
7.999970999999965e-003	1.100000e+000	1.000000e+000	1.080779e+000
7.999974999999973e-003	1.100000e+000	1.000000e+000	1.080780e+000
7.999982999999990e-003	1.100000e+000	1.000000e+000	1.080780e+000
7.999988999999921e-003	1.100000e+000	1.000000e+000	1.080779e+000
7.999993000000091e-003	1.100000e+000	1.000000e+000	1.080778e+000
7.999994000000092e-003	1.100000e+000	1.000000e+000	1.080778e+000
7.999996000000094e-003	1.100000e+000	1.000000e+000	1.080778e+000
7.999996999999995e-003	1.100000e+000	1.000000e+000	1.080778e+000
7.999998999999798e-003	1.100000e+000	1.000000e+000	1.080778e+000
7.999999999999799e-003	1.100000e+000	1.000000e+000	1.080779e+000
8.000001000000000e-003	1.100000e+000	1.000000e+000	1.080680e+000
8.000001099999999e-003	9.900000e-001	1.000000e+000	1.032364e+000
8.000001299999998e-003	7.700000e-001	1.000000e+000	9.309760e-001
8.000001600000001e-003	4.400000e-001	1.000000e+000	7.728308e-001
8.000001999999999e-003	1.056040e-009	1.000000e+000	5.567469e-001
8.000002039999999e-003	3.520134e-010	1.000000e+000	5.526353e-001
8.000002119999999e-003	0.000000e+000	1.000000e+000	5.473881e-001
8.000002279999998e-003	0.000000e+000	1.000000e+000	5.400379e-001
8.000002599999999e-003	0.000000e+000	1.000000e+000	5.289469e-001
8.000003239999999e-003	0.000000e+000	1.000000e+000	5.212633e-001
8.000004081474801e-003	0.000000e+000	1.000000e+000	5.380703e-001
8.000005029211900e-003	0.000000e+000	1.000000e+000	5.879030e-001
8.000006250612779e-003	0.000000e+000	1.000000e+000	6.802259e-001
8.000007412824330e-003	0.000000e+000	1.000000e+000	7.789140e-001
8.000008639289279e-003	0.000000e+000	1.000000e+000	8.781173e-001
8.000009769082375e-003	0.000000e+000	1.000000e+000	9.513672e-001
8.000011041682922e-003	0.000000e+000	1.000000e+000	1.004846e+000
8.000012644435466e-003	0.000000e+000	1.000000e+000	1.037197e+000
8.000014464143626e-003	0.000000e+000	1.000000e+000	1.045687e+000
8.000016208196943e-003	0.000000e+000	1.000000e+000	1.039118e+000
8.000018193291301e-003	0.000000e+000	1.000000e+000	1.025962e+000
8.000020567371055e-003	0.000000e+000	1.000000e+000	1.011456e+000
8.000023982701141e-003	0.000000e+000	1.000000e+000	9.973692e-001
8.000029198241847e-003	0.000000e+000	1.000000e+000	9.873709e-001
8.000039629323261e-003	0.000000e+000	1.000000e+000	9.818484e-001
8.000050015697714e-003	0.000000e+000	1.000000e+000	9.810287e-001
8.000069089184188e-003	0.000000e+000	1.000000e+000	9.810772e-001
8.000102325927034e-003	0.000000e+000	1.000000e+000	9.810661e-001
8.000168799412727e-003	0.000000e+000	1.000000e+000	9.810718e-001
8.000301746384112e-003	0.000000e+000	1.000000e+000	9.810693e-001
8.000567640326882e-003	0.000000e+000	1.000000e+000	9.810705e-001
8.001099428212422e-003	0.000000e+000	1.000000e+000	9.810699e-001
8.004290155525663e-003	0.000000e+000	1.000000e+000	9.810700e-001
8.799084314778698e-003	0.000000e+000	1.000000e+000	9.810699e-001
8.800000000000001e-003	0.000000e+000	1.000000e+000	9.810698e-001
