riadj	-I(Rl)
1.000000000000000e-004	1.897953e+000
1.000010000000000e+001	1.888507e+000
2.000010000000000e+001	1.879155e+000
3.000010000000000e+001	1.869895e+000
4.000010000000000e+001	1.860725e+000
5.000010000000000e+001	1.851645e+000
6.000010000000000e+001	1.842653e+000
7.000010000000000e+001	1.833748e+000
8.000010000000000e+001	1.824928e+000
9.000010000000000e+001	1.816192e+000
1.000001000000000e+002	1.807540e+000
1.100001000000000e+002	1.798970e+000
1.200001000000000e+002	1.790481e+000
1.300001000000000e+002	1.782071e+000
1.400001000000000e+002	1.773740e+000
1.500001000000000e+002	1.765486e+000
1.600001000000000e+002	1.757309e+000
1.700001000000000e+002	1.749207e+000
1.800001000000000e+002	1.741179e+000
1.900001000000000e+002	1.733225e+000
2.000001000000000e+002	1.725343e+000
2.100001000000000e+002	1.717532e+000
2.200001000000000e+002	1.709791e+000
2.300001000000000e+002	1.702121e+000
2.400001000000000e+002	1.694518e+000
2.500001000000000e+002	1.686983e+000
2.600001000000000e+002	1.679515e+000
2.700001000000000e+002	1.672112e+000
2.800001000000000e+002	1.664774e+000
2.900001000000000e+002	1.657500e+000
3.000001000000000e+002	1.650291e+000
3.100001000000000e+002	1.643143e+000
3.200001000000000e+002	1.636056e+000
3.300001000000000e+002	1.629031e+000
3.400001000000000e+002	1.622065e+000
3.500001000000000e+002	1.615159e+000
3.600001000000000e+002	1.608311e+000
3.700001000000000e+002	1.601521e+000
3.800001000000000e+002	1.594788e+000
3.900001000000000e+002	1.588112e+000
4.000001000000000e+002	1.581491e+000
4.100001000000000e+002	1.574925e+000
4.200001000000000e+002	1.568413e+000
4.300001000000000e+002	1.561955e+000
4.400001000000000e+002	1.555550e+000
4.500001000000000e+002	1.549197e+000
4.600001000000000e+002	1.542896e+000
4.700001000000000e+002	1.536645e+000
4.800001000000000e+002	1.530445e+000
4.900001000000000e+002	1.524295e+000
5.000001000000000e+002	1.518194e+000
5.100001000000000e+002	1.512142e+000
5.200001000000000e+002	1.506137e+000
5.300001000000000e+002	1.500180e+000
5.400001000000000e+002	1.494270e+000
5.500001000000000e+002	1.488407e+000
5.600001000000000e+002	1.482589e+000
5.700001000000000e+002	1.476816e+000
5.800001000000000e+002	1.471089e+000
5.900001000000000e+002	1.465405e+000
6.000001000000000e+002	1.459765e+000
6.100001000000000e+002	1.454169e+000
6.200001000000000e+002	1.448614e+000
6.300001000000000e+002	1.443103e+000
6.400001000000000e+002	1.437633e+000
6.500001000000000e+002	1.432204e+000
6.600001000000000e+002	1.426816e+000
6.700001000000000e+002	1.421468e+000
6.800001000000000e+002	1.416161e+000
6.900001000000000e+002	1.410893e+000
7.000001000000000e+002	1.405663e+000
7.100001000000000e+002	1.400473e+000
7.200001000000000e+002	1.395320e+000
7.300001000000000e+002	1.390206e+000
7.400001000000000e+002	1.385128e+000
7.500001000000000e+002	1.380088e+000
7.600001000000000e+002	1.375084e+000
7.700001000000000e+002	1.370116e+000
7.800001000000000e+002	1.365184e+000
7.900001000000000e+002	1.360287e+000
8.000001000000000e+002	1.355425e+000
8.100001000000000e+002	1.350598e+000
8.200001000000000e+002	1.345805e+000
8.300001000000000e+002	1.341046e+000
8.400001000000000e+002	1.336321e+000
8.500001000000000e+002	1.331628e+000
8.600001000000000e+002	1.326968e+000
8.700001000000000e+002	1.322341e+000
8.800001000000000e+002	1.317746e+000
8.900001000000000e+002	1.313183e+000
9.000001000000000e+002	1.308651e+000
9.100001000000000e+002	1.304151e+000
9.200001000000000e+002	1.299681e+000
9.300001000000000e+002	1.295241e+000
9.400001000000000e+002	1.290832e+000
9.500001000000000e+002	1.286453e+000
9.600001000000000e+002	1.282103e+000
9.700001000000000e+002	1.277783e+000
9.800001000000000e+002	1.273492e+000
9.900001000000000e+002	1.269229e+000
1.000000100000000e+003	1.264995e+000
1.010000100000000e+003	1.260789e+000
1.020000100000000e+003	1.256610e+000
1.030000100000000e+003	1.252460e+000
1.040000100000000e+003	1.248336e+000
1.050000100000000e+003	1.244240e+000
1.060000100000000e+003	1.240170e+000
1.070000100000000e+003	1.236127e+000
1.080000100000000e+003	1.232111e+000
1.090000100000000e+003	1.228120e+000
1.100000100000000e+003	1.224155e+000
1.110000100000000e+003	1.220215e+000
1.120000100000000e+003	1.216301e+000
1.130000100000000e+003	1.212411e+000
1.140000100000000e+003	1.208547e+000
1.150000100000000e+003	1.204707e+000
1.160000100000000e+003	1.200891e+000
1.170000100000000e+003	1.197099e+000
1.180000100000000e+003	1.193331e+000
1.190000100000000e+003	1.189587e+000
1.200000100000000e+003	1.185866e+000
1.210000100000000e+003	1.182169e+000
1.220000100000000e+003	1.178494e+000
1.230000100000000e+003	1.174842e+000
1.240000100000000e+003	1.171213e+000
1.250000100000000e+003	1.167606e+000
1.260000100000000e+003	1.164021e+000
1.270000100000000e+003	1.160458e+000
1.280000100000000e+003	1.156916e+000
1.290000100000000e+003	1.153397e+000
1.300000100000000e+003	1.149898e+000
1.310000100000000e+003	1.146421e+000
1.320000100000000e+003	1.142965e+000
1.330000100000000e+003	1.139529e+000
1.340000100000000e+003	1.136114e+000
1.350000100000000e+003	1.132719e+000
1.360000100000000e+003	1.129345e+000
1.370000100000000e+003	1.125991e+000
1.380000100000000e+003	1.122656e+000
1.390000100000000e+003	1.119341e+000
1.400000100000000e+003	1.116046e+000
1.410000100000000e+003	1.112770e+000
1.420000100000000e+003	1.109513e+000
1.430000100000000e+003	1.106275e+000
1.440000100000000e+003	1.103056e+000
1.450000100000000e+003	1.099855e+000
1.460000100000000e+003	1.096673e+000
1.470000100000000e+003	1.093509e+000
1.480000100000000e+003	1.090364e+000
1.490000100000000e+003	1.087237e+000
1.500000100000000e+003	1.084127e+000
1.510000100000000e+003	1.081035e+000
1.520000100000000e+003	1.077961e+000
1.530000100000000e+003	1.074904e+000
1.540000100000000e+003	1.071865e+000
1.550000100000000e+003	1.068842e+000
1.560000100000000e+003	1.065837e+000
1.570000100000000e+003	1.062848e+000
1.580000100000000e+003	1.059876e+000
1.590000100000000e+003	1.056921e+000
1.600000100000000e+003	1.053982e+000
1.610000100000000e+003	1.051059e+000
1.620000100000000e+003	1.048152e+000
1.630000100000000e+003	1.045262e+000
1.640000100000000e+003	1.042387e+000
1.650000100000000e+003	1.039528e+000
1.660000100000000e+003	1.036685e+000
1.670000100000000e+003	1.033857e+000
1.680000100000000e+003	1.031045e+000
1.690000100000000e+003	1.028247e+000
1.700000100000000e+003	1.025465e+000
1.710000100000000e+003	1.022698e+000
1.720000100000000e+003	1.019946e+000
1.730000100000000e+003	1.017209e+000
1.740000100000000e+003	1.014486e+000
1.750000100000000e+003	1.011778e+000
1.760000100000000e+003	1.009084e+000
1.770000100000000e+003	1.006404e+000
1.780000100000000e+003	1.003739e+000
1.790000100000000e+003	1.001087e+000
1.800000100000000e+003	9.984497e-001
1.810000100000000e+003	9.958262e-001
1.820000100000000e+003	9.932163e-001
1.830000100000000e+003	9.906202e-001
1.840000100000000e+003	9.880375e-001
1.850000100000000e+003	9.854682e-001
1.860000100000000e+003	9.829122e-001
1.870000100000000e+003	9.803694e-001
1.880000100000000e+003	9.778398e-001
1.890000100000000e+003	9.753231e-001
1.900000100000000e+003	9.728195e-001
1.910000100000000e+003	9.703286e-001
1.920000100000000e+003	9.678502e-001
1.930000100000000e+003	9.653847e-001
1.940000100000000e+003	9.629315e-001
1.950000100000000e+003	9.604908e-001
1.960000100000000e+003	9.580625e-001
1.970000100000000e+003	9.556464e-001
1.980000100000000e+003	9.532423e-001
1.990000100000000e+003	9.508504e-001
2.000000100000000e+003	9.484704e-001
2.010000100000000e+003	9.461024e-001
2.020000100000000e+003	9.437460e-001
2.030000100000000e+003	9.414013e-001
2.040000100000000e+003	9.390683e-001
2.050000100000000e+003	9.367468e-001
2.060000100000000e+003	9.344367e-001
2.070000100000000e+003	9.321379e-001
2.080000100000000e+003	9.298505e-001
2.090000100000000e+003	9.275742e-001
2.100000100000000e+003	9.253089e-001
2.110000100000000e+003	9.230548e-001
2.120000100000000e+003	9.208116e-001
2.130000100000000e+003	9.185793e-001
2.140000100000000e+003	9.163576e-001
2.150000100000000e+003	9.141469e-001
2.160000100000000e+003	9.119467e-001
2.170000100000000e+003	9.097568e-001
2.180000100000000e+003	9.075778e-001
2.190000100000000e+003	9.054090e-001
2.200000100000000e+003	9.032503e-001
2.210000100000000e+003	9.011021e-001
2.220000100000000e+003	8.989640e-001
2.230000100000000e+003	8.968362e-001
2.240000100000000e+003	8.947182e-001
2.250000100000000e+003	8.926103e-001
2.260000100000000e+003	8.905122e-001
2.270000100000000e+003	8.884240e-001
2.280000100000000e+003	8.863456e-001
2.290000100000000e+003	8.842767e-001
2.300000100000000e+003	8.822176e-001
2.310000100000000e+003	8.801680e-001
2.320000100000000e+003	8.781279e-001
2.330000100000000e+003	8.760972e-001
2.340000100000000e+003	8.740759e-001
2.350000100000000e+003	8.720638e-001
2.360000100000000e+003	8.700610e-001
2.370000100000000e+003	8.680674e-001
2.380000100000000e+003	8.660828e-001
2.390000100000000e+003	8.641073e-001
2.400000100000000e+003	8.621408e-001
2.410000100000000e+003	8.601831e-001
2.420000100000000e+003	8.582343e-001
2.430000100000000e+003	8.562945e-001
2.440000100000000e+003	8.543632e-001
2.450000100000000e+003	8.524407e-001
2.460000100000000e+003	8.505268e-001
2.470000100000000e+003	8.486214e-001
2.480000100000000e+003	8.467245e-001
2.490000100000000e+003	8.448362e-001
2.500000100000000e+003	8.429561e-001
2.510000100000000e+003	8.410844e-001
2.520000100000000e+003	8.392211e-001
2.530000100000000e+003	8.373659e-001
2.540000100000000e+003	8.355189e-001
2.550000100000000e+003	8.336800e-001
2.560000100000000e+003	8.318492e-001
2.570000100000000e+003	8.300264e-001
2.580000100000000e+003	8.282115e-001
2.590000100000000e+003	8.264046e-001
2.600000100000000e+003	8.246055e-001
2.610000100000000e+003	8.228142e-001
2.620000100000000e+003	8.210307e-001
2.630000100000000e+003	8.192549e-001
2.640000100000000e+003	8.174868e-001
2.650000100000000e+003	8.157262e-001
2.660000100000000e+003	8.139731e-001
2.670000100000000e+003	8.122277e-001
2.680000100000000e+003	8.104896e-001
2.690000100000000e+003	8.087590e-001
2.700000100000000e+003	8.070357e-001
2.710000100000000e+003	8.053197e-001
2.720000100000000e+003	8.036111e-001
2.730000100000000e+003	8.019096e-001
2.740000100000000e+003	8.002154e-001
2.750000100000000e+003	7.985282e-001
2.760000100000000e+003	7.968481e-001
2.770000100000000e+003	7.951751e-001
2.780000100000000e+003	7.935091e-001
2.790000100000000e+003	7.918500e-001
2.800000100000000e+003	7.901978e-001
2.810000100000000e+003	7.885527e-001
2.820000100000000e+003	7.869141e-001
2.830000100000000e+003	7.852824e-001
2.840000100000000e+003	7.836575e-001
2.850000100000000e+003	7.820392e-001
2.860000100000000e+003	7.804278e-001
2.870000100000000e+003	7.788228e-001
2.880000100000000e+003	7.772244e-001
2.890000100000000e+003	7.756326e-001
2.900000100000000e+003	7.740472e-001
2.910000100000000e+003	7.724683e-001
2.920000100000000e+003	7.708958e-001
2.930000100000000e+003	7.693298e-001
2.940000100000000e+003	7.677700e-001
2.950000100000000e+003	7.662166e-001
2.960000100000000e+003	7.646695e-001
2.970000100000000e+003	7.631285e-001
2.980000100000000e+003	7.615936e-001
2.990000100000000e+003	7.600650e-001
3.000000100000000e+003	7.585425e-001
3.010000100000000e+003	7.570261e-001
3.020000100000000e+003	7.555157e-001
3.030000100000000e+003	7.540114e-001
3.040000100000000e+003	7.525130e-001
3.050000100000000e+003	7.510205e-001
3.060000100000000e+003	7.495338e-001
3.070000100000000e+003	7.480531e-001
3.080000100000000e+003	7.465782e-001
3.090000100000000e+003	7.451091e-001
3.100000100000000e+003	7.436458e-001
3.110000100000000e+003	7.421883e-001
3.120000100000000e+003	7.407363e-001
3.130000100000000e+003	7.392901e-001
3.140000100000000e+003	7.378495e-001
3.150000100000000e+003	7.364144e-001
3.160000100000000e+003	7.349849e-001
3.170000100000000e+003	7.335609e-001
3.180000100000000e+003	7.321426e-001
3.190000100000000e+003	7.307295e-001
3.200000100000000e+003	7.293220e-001
3.210000100000000e+003	7.279199e-001
3.220000100000000e+003	7.265232e-001
3.230000100000000e+003	7.251318e-001
3.240000100000000e+003	7.237456e-001
3.250000100000000e+003	7.223647e-001
3.260000100000000e+003	7.209892e-001
3.270000100000000e+003	7.196187e-001
3.280000100000000e+003	7.182536e-001
3.290000100000000e+003	7.168935e-001
3.300000100000000e+003	7.155386e-001
3.310000100000000e+003	7.141889e-001
3.320000100000000e+003	7.128441e-001
3.330000100000000e+003	7.115045e-001
3.340000100000000e+003	7.101699e-001
3.350000100000000e+003	7.088402e-001
3.360000100000000e+003	7.075155e-001
3.370000100000000e+003	7.061957e-001
3.380000100000000e+003	7.048808e-001
3.390000100000000e+003	7.035708e-001
3.400000100000000e+003	7.022658e-001
3.410000100000000e+003	7.009654e-001
3.420000100000000e+003	6.996699e-001
3.430000100000000e+003	6.983792e-001
3.440000100000000e+003	6.970932e-001
3.450000100000000e+003	6.958119e-001
3.460000100000000e+003	6.945354e-001
3.470000100000000e+003	6.932635e-001
3.480000100000000e+003	6.919962e-001
3.490000100000000e+003	6.907335e-001
3.500000100000000e+003	6.894754e-001
3.510000100000000e+003	6.882219e-001
3.520000100000000e+003	6.869730e-001
3.530000100000000e+003	6.857285e-001
3.540000100000000e+003	6.844886e-001
3.550000100000000e+003	6.832531e-001
3.560000100000000e+003	6.820222e-001
3.570000100000000e+003	6.807954e-001
3.580000100000000e+003	6.795732e-001
3.590000100000000e+003	6.783555e-001
3.600000100000000e+003	6.771420e-001
3.610000100000000e+003	6.759327e-001
3.620000100000000e+003	6.747279e-001
3.630000100000000e+003	6.735272e-001
3.640000100000000e+003	6.723309e-001
3.650000100000000e+003	6.711388e-001
3.660000100000000e+003	6.699509e-001
3.670000100000000e+003	6.687673e-001
3.680000100000000e+003	6.675878e-001
3.690000100000000e+003	6.664123e-001
3.700000100000000e+003	6.652411e-001
3.710000100000000e+003	6.640739e-001
3.720000100000000e+003	6.629109e-001
3.730000100000000e+003	6.617518e-001
3.740000100000000e+003	6.605970e-001
3.750000100000000e+003	6.594460e-001
3.760000100000000e+003	6.582989e-001
3.770000100000000e+003	6.571560e-001
3.780000100000000e+003	6.560169e-001
3.790000100000000e+003	6.548818e-001
3.800000100000000e+003	6.537507e-001
3.810000100000000e+003	6.526233e-001
3.820000100000000e+003	6.514998e-001
3.830000100000000e+003	6.503803e-001
3.840000100000000e+003	6.492646e-001
3.850000100000000e+003	6.481527e-001
3.860000100000000e+003	6.470445e-001
3.870000100000000e+003	6.459401e-001
3.880000100000000e+003	6.448396e-001
3.890000100000000e+003	6.437428e-001
3.900000100000000e+003	6.426495e-001
3.910000100000000e+003	6.415601e-001
3.920000100000000e+003	6.404743e-001
3.930000100000000e+003	6.393923e-001
3.940000100000000e+003	6.383139e-001
3.950000100000000e+003	6.372390e-001
3.960000100000000e+003	6.361678e-001
3.970000100000000e+003	6.351002e-001
3.980000100000000e+003	6.340361e-001
3.990000100000000e+003	6.329756e-001
4.000000100000000e+003	6.319185e-001
4.010000100000000e+003	6.308652e-001
4.020000100000000e+003	6.298151e-001
4.030000100000000e+003	6.287687e-001
4.040000100000000e+003	6.277257e-001
4.050000100000000e+003	6.266862e-001
4.060000100000000e+003	6.256500e-001
4.070000100000000e+003	6.246173e-001
4.080000100000000e+003	6.235880e-001
4.090000100000000e+003	6.225620e-001
4.100000100000000e+003	6.215394e-001
4.110000100000000e+003	6.205202e-001
4.120000100000000e+003	6.195043e-001
4.130000100000000e+003	6.184917e-001
4.140000100000000e+003	6.174824e-001
4.150000100000000e+003	6.164764e-001
4.160000100000000e+003	6.154736e-001
4.170000100000000e+003	6.144741e-001
4.180000100000000e+003	6.134779e-001
4.190000100000000e+003	6.124848e-001
4.200000100000000e+003	6.114950e-001
4.210000100000000e+003	6.105084e-001
4.220000100000000e+003	6.095248e-001
4.230000100000000e+003	6.085445e-001
4.240000100000000e+003	6.075674e-001
4.250000100000000e+003	6.065933e-001
4.260000100000000e+003	6.056224e-001
4.270000100000000e+003	6.046546e-001
4.280000100000000e+003	6.036898e-001
4.290000100000000e+003	6.027281e-001
4.300000100000000e+003	6.017694e-001
4.310000100000000e+003	6.008138e-001
4.320000100000000e+003	5.998613e-001
4.330000100000000e+003	5.989116e-001
4.340000100000000e+003	5.979651e-001
4.350000100000000e+003	5.970215e-001
4.360000100000000e+003	5.960809e-001
4.370000100000000e+003	5.951432e-001
4.380000100000000e+003	5.942085e-001
4.390000100000000e+003	5.932767e-001
4.400000100000000e+003	5.923477e-001
4.410000100000000e+003	5.914217e-001
4.420000100000000e+003	5.904986e-001
4.430000100000000e+003	5.895783e-001
4.440000100000000e+003	5.886610e-001
4.450000100000000e+003	5.877464e-001
4.460000100000000e+003	5.868347e-001
4.470000100000000e+003	5.859259e-001
4.480000100000000e+003	5.850198e-001
4.490000100000000e+003	5.841165e-001
4.500000100000000e+003	5.832159e-001
4.510000100000000e+003	5.823182e-001
4.520000100000000e+003	5.814232e-001
4.530000100000000e+003	5.805309e-001
4.540000100000000e+003	5.796413e-001
4.550000100000000e+003	5.787546e-001
4.560000100000000e+003	5.778704e-001
4.570000100000000e+003	5.769890e-001
4.580000100000000e+003	5.761102e-001
4.590000100000000e+003	5.752342e-001
4.600000100000000e+003	5.743608e-001
4.610000100000000e+003	5.734901e-001
4.620000100000000e+003	5.726219e-001
4.630000100000000e+003	5.717563e-001
4.640000100000000e+003	5.708934e-001
4.650000100000000e+003	5.700331e-001
4.660000100000000e+003	5.691754e-001
4.670000100000000e+003	5.683202e-001
4.680000100000000e+003	5.674676e-001
4.690000100000000e+003	5.666175e-001
4.700000100000000e+003	5.657700e-001
4.710000100000000e+003	5.649250e-001
4.720000100000000e+003	5.640826e-001
4.730000100000000e+003	5.632426e-001
4.740000100000000e+003	5.624051e-001
4.750000100000000e+003	5.615700e-001
4.760000100000000e+003	5.607375e-001
4.770000100000000e+003	5.599074e-001
4.780000100000000e+003	5.590799e-001
4.790000100000000e+003	5.582546e-001
4.800000100000000e+003	5.574318e-001
4.810000100000000e+003	5.566115e-001
4.820000100000000e+003	5.557936e-001
4.830000100000000e+003	5.549781e-001
4.840000100000000e+003	5.541649e-001
4.850000100000000e+003	5.533541e-001
4.860000100000000e+003	5.525457e-001
4.870000100000000e+003	5.517396e-001
4.880000100000000e+003	5.509359e-001
4.890000100000000e+003	5.501345e-001
4.900000100000000e+003	5.493354e-001
4.910000100000000e+003	5.485387e-001
4.920000100000000e+003	5.477442e-001
4.930000100000000e+003	5.469520e-001
4.940000100000000e+003	5.461622e-001
4.950000100000000e+003	5.453746e-001
4.960000100000000e+003	5.445892e-001
4.970000100000000e+003	5.438061e-001
4.980000100000000e+003	5.430252e-001
4.990000100000000e+003	5.422467e-001
5.000000100000000e+003	5.414703e-001
5.010000100000000e+003	5.406961e-001
5.020000100000000e+003	5.399241e-001
5.030000100000000e+003	5.391544e-001
5.040000100000000e+003	5.383868e-001
5.050000100000000e+003	5.376213e-001
5.060000100000000e+003	5.368581e-001
5.070000100000000e+003	5.360970e-001
5.080000100000000e+003	5.353380e-001
5.090000100000000e+003	5.345812e-001
5.100000100000000e+003	5.338266e-001
5.110000100000000e+003	5.330741e-001
5.120000100000000e+003	5.323237e-001
5.130000100000000e+003	5.315754e-001
5.140000100000000e+003	5.308292e-001
5.150000100000000e+003	5.300850e-001
5.160000100000000e+003	5.293430e-001
5.170000100000000e+003	5.286030e-001
5.180000100000000e+003	5.278651e-001
5.190000100000000e+003	5.271292e-001
5.200000100000000e+003	5.263953e-001
5.210000100000000e+003	5.256635e-001
5.220000100000000e+003	5.249338e-001
5.230000100000000e+003	5.242060e-001
5.240000100000000e+003	5.234803e-001
5.250000100000000e+003	5.227566e-001
5.260000100000000e+003	5.220348e-001
5.270000100000000e+003	5.213151e-001
5.280000100000000e+003	5.205973e-001
5.290000100000000e+003	5.198815e-001
5.300000100000000e+003	5.191676e-001
5.310000100000000e+003	5.184557e-001
5.320000100000000e+003	5.177457e-001
5.330000100000000e+003	5.170377e-001
5.340000100000000e+003	5.163316e-001
5.350000100000000e+003	5.156274e-001
5.360000100000000e+003	5.149252e-001
5.370000100000000e+003	5.142248e-001
5.380000100000000e+003	5.135265e-001
5.390000100000000e+003	5.128299e-001
5.400000100000000e+003	5.121351e-001
5.410000100000000e+003	5.114424e-001
5.420000100000000e+003	5.107515e-001
5.430000100000000e+003	5.100625e-001
5.440000100000000e+003	5.093752e-001
5.450000100000000e+003	5.086898e-001
5.460000100000000e+003	5.080063e-001
5.470000100000000e+003	5.073246e-001
5.480000100000000e+003	5.066447e-001
5.490000100000000e+003	5.059666e-001
5.500000100000000e+003	5.052904e-001
5.510000100000000e+003	5.046159e-001
5.520000100000000e+003	5.039433e-001
5.530000100000000e+003	5.032724e-001
5.540000100000000e+003	5.026032e-001
5.550000100000000e+003	5.019359e-001
5.560000100000000e+003	5.012704e-001
5.570000100000000e+003	5.006065e-001
5.580000100000000e+003	4.999445e-001
5.590000100000000e+003	4.992842e-001
5.600000100000000e+003	4.986256e-001
5.610000100000000e+003	4.979688e-001
5.620000100000000e+003	4.973136e-001
5.630000100000000e+003	4.966602e-001
5.640000100000000e+003	4.960085e-001
5.650000100000000e+003	4.953585e-001
5.660000100000000e+003	4.947102e-001
5.670000100000000e+003	4.940637e-001
5.680000100000000e+003	4.934187e-001
5.690000100000000e+003	4.927755e-001
5.700000100000000e+003	4.921339e-001
5.710000100000000e+003	4.914940e-001
5.720000100000000e+003	4.908558e-001
5.730000100000000e+003	4.902191e-001
5.740000100000000e+003	4.895842e-001
5.750000100000000e+003	4.889509e-001
5.760000100000000e+003	4.883192e-001
5.770000100000000e+003	4.876891e-001
5.780000100000000e+003	4.870607e-001
5.790000100000000e+003	4.864339e-001
5.800000100000000e+003	4.858087e-001
5.810000100000000e+003	4.851851e-001
5.820000100000000e+003	4.845630e-001
5.830000100000000e+003	4.839426e-001
5.840000100000000e+003	4.833238e-001
5.850000100000000e+003	4.827065e-001
5.860000100000000e+003	4.820908e-001
5.870000100000000e+003	4.814767e-001
5.880000100000000e+003	4.808641e-001
5.890000100000000e+003	4.802531e-001
5.900000100000000e+003	4.796436e-001
5.910000100000000e+003	4.790357e-001
5.920000100000000e+003	4.784293e-001
5.930000100000000e+003	4.778243e-001
5.940000100000000e+003	4.772210e-001
5.950000100000000e+003	4.766192e-001
5.960000100000000e+003	4.760188e-001
5.970000100000000e+003	4.754201e-001
5.980000100000000e+003	4.748228e-001
5.990000100000000e+003	4.742269e-001
6.000000100000000e+003	4.736327e-001
6.010000100000000e+003	4.730398e-001
6.020000100000000e+003	4.724483e-001
6.030000100000000e+003	4.718585e-001
6.040000100000000e+003	4.712701e-001
6.050000100000000e+003	4.706831e-001
6.060000100000000e+003	4.700977e-001
6.070000100000000e+003	4.695135e-001
6.080000100000000e+003	4.689309e-001
6.090000100000000e+003	4.683498e-001
6.100000100000000e+003	4.677701e-001
6.110000100000000e+003	4.671918e-001
6.120000100000000e+003	4.666149e-001
6.130000100000000e+003	4.660394e-001
6.140000100000000e+003	4.654654e-001
6.150000100000000e+003	4.648927e-001
6.160000100000000e+003	4.643782e-001
6.170000100000000e+003	4.637517e-001
6.180000100000000e+003	4.631832e-001
6.190000100000000e+003	4.626162e-001
6.200000100000000e+003	4.620505e-001
6.210000100000000e+003	4.614862e-001
6.220000100000000e+003	4.609233e-001
6.230000100000000e+003	4.603617e-001
6.240000100000000e+003	4.598015e-001
6.250000100000000e+003	4.592427e-001
6.260000100000000e+003	4.586852e-001
6.270000100000000e+003	4.581291e-001
6.280000100000000e+003	4.575742e-001
6.290000100000000e+003	4.570208e-001
6.300000100000000e+003	4.564686e-001
6.310000100000000e+003	4.559179e-001
6.320000100000000e+003	4.553685e-001
6.330000100000000e+003	4.548202e-001
6.340000100000000e+003	4.542735e-001
6.350000100000000e+003	4.537279e-001
6.360000100000000e+003	4.531837e-001
6.370000100000000e+003	4.526408e-001
6.380000100000000e+003	4.520992e-001
6.390000100000000e+003	4.515589e-001
6.400000100000000e+003	4.510198e-001
6.410000100000000e+003	4.504820e-001
6.420000100000000e+003	4.499455e-001
6.430000100000000e+003	4.494104e-001
6.440000100000000e+003	4.488764e-001
6.450000100000000e+003	4.483438e-001
6.460000100000000e+003	4.478123e-001
6.470000100000000e+003	4.472822e-001
6.480000100000000e+003	4.467533e-001
6.490000100000000e+003	4.462256e-001
6.500000100000000e+003	4.456991e-001
6.510000100000000e+003	4.451739e-001
6.520000100000000e+003	4.446500e-001
6.530000100000000e+003	4.441272e-001
6.540000100000000e+003	4.436058e-001
6.550000100000000e+003	4.430855e-001
6.560000100000000e+003	4.425664e-001
6.570000100000000e+003	4.420485e-001
6.580000100000000e+003	4.415319e-001
6.590000100000000e+003	4.410164e-001
6.600000100000000e+003	4.405022e-001
6.610000100000000e+003	4.399891e-001
6.620000100000000e+003	4.394773e-001
6.630000100000000e+003	4.389666e-001
6.640000100000000e+003	4.384571e-001
6.650000100000000e+003	4.379488e-001
6.660000100000000e+003	4.374416e-001
6.670000100000000e+003	4.369357e-001
6.680000100000000e+003	4.364309e-001
6.690000100000000e+003	4.359272e-001
6.700000100000000e+003	4.354247e-001
6.710000100000000e+003	4.349234e-001
6.720000100000000e+003	4.344232e-001
6.730000100000000e+003	4.339241e-001
6.740000100000000e+003	4.334263e-001
6.750000100000000e+003	4.329295e-001
6.760000100000000e+003	4.324339e-001
6.770000100000000e+003	4.319393e-001
6.780000100000000e+003	4.314460e-001
6.790000100000000e+003	4.309537e-001
6.800000100000000e+003	4.304626e-001
6.810000100000000e+003	4.299726e-001
6.820000100000000e+003	4.294837e-001
6.830000100000000e+003	4.289959e-001
6.840000100000000e+003	4.285092e-001
6.850000100000000e+003	4.280236e-001
6.860000100000000e+003	4.275391e-001
6.870000100000000e+003	4.270557e-001
6.880000100000000e+003	4.265734e-001
6.890000100000000e+003	4.260922e-001
6.900000100000000e+003	4.256120e-001
6.910000100000000e+003	4.251329e-001
6.920000100000000e+003	4.246550e-001
6.930000100000000e+003	4.241780e-001
6.940000100000000e+003	4.237022e-001
6.950000100000000e+003	4.232274e-001
6.960000100000000e+003	4.227536e-001
6.970000100000000e+003	4.222809e-001
6.980000100000000e+003	4.218093e-001
6.990000100000000e+003	4.213388e-001
7.000000100000000e+003	4.208692e-001
7.010000100000000e+003	4.204007e-001
7.020000100000000e+003	4.199333e-001
7.030000100000000e+003	4.194668e-001
7.040000100000000e+003	4.190015e-001
7.050000100000000e+003	4.185371e-001
7.060000100000000e+003	4.180738e-001
7.070000100000000e+003	4.176114e-001
7.080000100000000e+003	4.171502e-001
7.090000100000000e+003	4.166899e-001
7.100000100000000e+003	4.162306e-001
7.110000100000000e+003	4.157724e-001
7.120000100000000e+003	4.153151e-001
7.130000100000000e+003	4.148588e-001
7.140000100000000e+003	4.144036e-001
7.150000100000000e+003	4.139493e-001
7.160000100000000e+003	4.134961e-001
7.170000100000000e+003	4.130438e-001
7.180000100000000e+003	4.125925e-001
7.190000100000000e+003	4.121422e-001
7.200000100000000e+003	4.116929e-001
7.210000100000000e+003	4.112446e-001
7.220000100000000e+003	4.107971e-001
7.230000100000000e+003	4.103507e-001
7.240000100000000e+003	4.099053e-001
7.250000100000000e+003	4.094608e-001
7.260000100000000e+003	4.090173e-001
7.270000100000000e+003	4.085747e-001
7.280000100000000e+003	4.081331e-001
7.290000100000000e+003	4.076924e-001
7.300000100000000e+003	4.072527e-001
7.310000100000000e+003	4.068140e-001
7.320000100000000e+003	4.063761e-001
7.330000100000000e+003	4.059393e-001
7.340000100000000e+003	4.055033e-001
7.350000100000000e+003	4.050682e-001
7.360000100000000e+003	4.046342e-001
7.370000100000000e+003	4.042009e-001
7.380000100000000e+003	4.037687e-001
7.390000100000000e+003	4.033374e-001
7.400000100000000e+003	4.029070e-001
7.410000100000000e+003	4.024775e-001
7.420000100000000e+003	4.020490e-001
7.430000100000000e+003	4.016213e-001
7.440000100000000e+003	4.011945e-001
7.450000100000000e+003	4.007687e-001
7.460000100000000e+003	4.003438e-001
7.470000100000000e+003	3.999196e-001
7.480000100000000e+003	3.994965e-001
7.490000100000000e+003	3.990742e-001
7.500000100000000e+003	3.986528e-001
7.510000100000000e+003	3.982323e-001
7.520000100000000e+003	3.978127e-001
7.530000100000000e+003	3.973940e-001
7.540000100000000e+003	3.969761e-001
7.550000100000000e+003	3.965591e-001
7.560000100000000e+003	3.961430e-001
7.570000100000000e+003	3.957278e-001
7.580000100000000e+003	3.953134e-001
7.590000100000000e+003	3.948999e-001
7.600000100000000e+003	3.944872e-001
7.610000100000000e+003	3.940754e-001
7.620000100000000e+003	3.936645e-001
7.630000100000000e+003	3.932544e-001
7.640000100000000e+003	3.928452e-001
7.650000100000000e+003	3.924368e-001
7.660000100000000e+003	3.920293e-001
7.670000100000000e+003	3.916226e-001
7.680000100000000e+003	3.912167e-001
7.690000100000000e+003	3.908117e-001
7.700000100000000e+003	3.904075e-001
7.710000100000000e+003	3.900042e-001
7.720000100000000e+003	3.896017e-001
7.730000100000000e+003	3.891999e-001
7.740000100000000e+003	3.887990e-001
7.750000100000000e+003	3.883990e-001
7.760000100000000e+003	3.879999e-001
7.770000100000000e+003	3.876014e-001
7.780000100000000e+003	3.872038e-001
7.790000100000000e+003	3.868071e-001
7.800000100000000e+003	3.864111e-001
7.810000100000000e+003	3.860159e-001
7.820000100000000e+003	3.856216e-001
7.830000100000000e+003	3.852281e-001
7.840000100000000e+003	3.848352e-001
7.850000100000000e+003	3.844433e-001
7.860000100000000e+003	3.840522e-001
7.870000100000000e+003	3.836617e-001
7.880000100000000e+003	3.832721e-001
7.890000100000000e+003	3.828834e-001
7.900000100000000e+003	3.824954e-001
7.910000100000000e+003	3.821082e-001
7.920000100000000e+003	3.817217e-001
7.930000100000000e+003	3.813360e-001
7.940000100000000e+003	3.809512e-001
7.950000100000000e+003	3.805670e-001
7.960000100000000e+003	3.801837e-001
7.970000100000000e+003	3.798011e-001
7.980000100000000e+003	3.794193e-001
7.990000100000000e+003	3.790383e-001
8.000000100000000e+003	3.786579e-001
8.010000100000000e+003	3.782784e-001
8.020000100000000e+003	3.778997e-001
8.030000100000000e+003	3.775217e-001
8.040000100000000e+003	3.771444e-001
8.050000100000000e+003	3.767679e-001
8.060000100000000e+003	3.763922e-001
8.070000100000000e+003	3.760171e-001
8.080000100000000e+003	3.756428e-001
8.090000100000000e+003	3.752694e-001
8.100000100000000e+003	3.748966e-001
8.110000100000000e+003	3.745245e-001
8.120000100000000e+003	3.741532e-001
8.130000100000000e+003	3.737826e-001
8.140000100000000e+003	3.734128e-001
8.150000100000000e+003	3.730436e-001
8.160000100000000e+003	3.726752e-001
8.170000100000000e+003	3.723075e-001
8.180000100000000e+003	3.719406e-001
8.190000100000000e+003	3.715744e-001
8.200000100000001e+003	3.712089e-001
8.210000100000001e+003	3.708441e-001
8.220000100000001e+003	3.704799e-001
8.230000100000001e+003	3.701167e-001
8.240000100000001e+003	3.697540e-001
8.250000100000001e+003	3.693920e-001
8.260000100000001e+003	3.690308e-001
8.270000100000001e+003	3.686702e-001
8.280000100000001e+003	3.683104e-001
8.290000100000001e+003	3.679512e-001
8.300000100000001e+003	3.675928e-001
8.310000100000001e+003	3.672351e-001
8.320000100000001e+003	3.668780e-001
8.330000100000001e+003	3.665217e-001
8.340000100000001e+003	3.661660e-001
8.350000100000001e+003	3.658110e-001
8.360000100000001e+003	3.654567e-001
8.370000100000001e+003	3.651030e-001
8.380000100000001e+003	3.647501e-001
8.390000100000001e+003	3.643978e-001
8.400000100000001e+003	3.640463e-001
8.410000100000001e+003	3.636954e-001
8.420000100000001e+003	3.633452e-001
8.430000100000001e+003	3.629956e-001
8.440000100000001e+003	3.626467e-001
8.450000100000001e+003	3.622985e-001
8.460000100000001e+003	3.619509e-001
8.470000100000001e+003	3.616040e-001
8.480000100000001e+003	3.612578e-001
8.490000100000001e+003	3.609122e-001
8.500000100000001e+003	3.605673e-001
8.510000100000001e+003	3.602231e-001
8.520000100000001e+003	3.598795e-001
8.530000100000001e+003	3.595366e-001
8.540000100000001e+003	3.591942e-001
8.550000100000001e+003	3.588525e-001
8.560000100000001e+003	3.585115e-001
8.570000100000001e+003	3.581712e-001
8.580000100000001e+003	3.578315e-001
8.590000100000001e+003	3.574924e-001
8.600000100000001e+003	3.571540e-001
8.610000100000001e+003	3.568162e-001
8.620000100000001e+003	3.564790e-001
8.630000100000001e+003	3.561425e-001
8.640000100000001e+003	3.558066e-001
8.650000100000001e+003	3.554713e-001
8.660000100000001e+003	3.551367e-001
8.670000100000001e+003	3.548027e-001
8.680000100000001e+003	3.544693e-001
8.690000100000001e+003	3.541366e-001
8.700000100000001e+003	3.538044e-001
8.710000100000001e+003	3.534729e-001
8.720000100000001e+003	3.531420e-001
8.730000100000001e+003	3.528117e-001
8.740000100000001e+003	3.524821e-001
8.750000100000001e+003	3.521530e-001
8.760000100000001e+003	3.518246e-001
8.770000100000001e+003	3.514968e-001
8.780000100000001e+003	3.511695e-001
8.790000100000001e+003	3.508429e-001
8.800000100000001e+003	3.505169e-001
8.810000100000001e+003	3.501915e-001
8.820000100000001e+003	3.498667e-001
8.830000100000001e+003	3.495425e-001
8.840000100000001e+003	3.492189e-001
8.850000100000001e+003	3.488959e-001
8.860000100000001e+003	3.485734e-001
8.870000100000001e+003	3.482516e-001
8.880000100000001e+003	3.479304e-001
8.890000100000001e+003	3.476098e-001
8.900000100000001e+003	3.472897e-001
8.910000100000001e+003	3.469702e-001
8.920000100000001e+003	3.466513e-001
8.930000100000001e+003	3.463331e-001
8.940000100000001e+003	3.460153e-001
8.950000100000001e+003	3.456982e-001
8.960000100000001e+003	3.453816e-001
8.970000100000001e+003	3.450657e-001
8.980000100000001e+003	3.447503e-001
8.990000100000001e+003	3.444355e-001
9.000000100000001e+003	3.441212e-001
9.010000100000001e+003	3.438075e-001
9.020000100000001e+003	3.434944e-001
9.030000100000001e+003	3.431818e-001
9.040000100000001e+003	3.428698e-001
9.050000100000001e+003	3.425584e-001
9.060000100000001e+003	3.422476e-001
9.070000100000001e+003	3.419373e-001
9.080000100000001e+003	3.416275e-001
9.090000100000001e+003	3.413184e-001
9.100000100000001e+003	3.410097e-001
9.110000100000001e+003	3.407017e-001
9.120000100000001e+003	3.403942e-001
9.130000100000001e+003	3.400872e-001
9.140000100000001e+003	3.397808e-001
9.150000100000001e+003	3.394749e-001
9.160000100000001e+003	3.391697e-001
9.170000100000001e+003	3.388649e-001
9.180000100000001e+003	3.385607e-001
9.190000100000001e+003	3.382570e-001
9.200000100000001e+003	3.379539e-001
9.210000100000001e+003	3.376513e-001
9.220000100000001e+003	3.373492e-001
9.230000100000001e+003	3.370477e-001
9.240000100000001e+003	3.367468e-001
9.250000100000001e+003	3.364463e-001
9.260000100000001e+003	3.361464e-001
9.270000100000001e+003	3.358470e-001
9.280000100000001e+003	3.355482e-001
9.290000100000001e+003	3.352499e-001
9.300000100000001e+003	3.349521e-001
9.310000100000001e+003	3.346548e-001
9.320000100000001e+003	3.343581e-001
9.330000100000001e+003	3.340619e-001
9.340000100000001e+003	3.337662e-001
9.350000100000001e+003	3.334710e-001
9.360000100000001e+003	3.331763e-001
9.370000100000001e+003	3.328822e-001
9.380000100000001e+003	3.325886e-001
9.390000100000001e+003	3.322955e-001
9.400000100000001e+003	3.320029e-001
9.410000100000001e+003	3.317109e-001
9.420000100000001e+003	3.314193e-001
9.430000100000001e+003	3.311283e-001
9.440000100000001e+003	3.308377e-001
9.450000100000001e+003	3.305477e-001
9.460000100000001e+003	3.302582e-001
9.470000100000001e+003	3.299691e-001
9.480000100000001e+003	3.296806e-001
9.490000100000001e+003	3.293926e-001
9.500000100000001e+003	3.291051e-001
9.510000100000001e+003	3.288181e-001
9.520000100000001e+003	3.285315e-001
9.530000100000001e+003	3.282456e-001
9.540000100000001e+003	3.279600e-001
9.550000100000001e+003	3.276750e-001
9.560000100000001e+003	3.273905e-001
9.570000100000001e+003	3.271064e-001
9.580000100000001e+003	3.268228e-001
9.590000100000001e+003	3.265397e-001
9.600000100000001e+003	3.262571e-001
9.610000100000001e+003	3.259751e-001
9.620000100000001e+003	3.256935e-001
9.630000100000001e+003	3.254123e-001
9.640000100000001e+003	3.251317e-001
9.650000100000001e+003	3.248516e-001
9.660000100000001e+003	3.245719e-001
9.670000100000001e+003	3.242927e-001
9.680000100000001e+003	3.240140e-001
9.690000100000001e+003	3.237357e-001
9.700000100000001e+003	3.234580e-001
9.710000100000001e+003	3.231807e-001
9.720000100000001e+003	3.229038e-001
9.730000100000001e+003	3.226275e-001
9.740000100000001e+003	3.223517e-001
9.750000100000001e+003	3.220763e-001
9.760000100000001e+003	3.218013e-001
9.770000100000001e+003	3.215269e-001
9.780000100000001e+003	3.212529e-001
9.790000100000001e+003	3.209793e-001
9.800000100000001e+003	3.207062e-001
9.810000100000001e+003	3.204336e-001
9.820000100000001e+003	3.201615e-001
9.830000100000001e+003	3.198898e-001
9.840000100000001e+003	3.196186e-001
9.850000100000001e+003	3.193478e-001
9.860000100000001e+003	3.190775e-001
9.870000100000001e+003	3.188076e-001
9.880000100000001e+003	3.185382e-001
9.890000100000001e+003	3.182692e-001
9.900000100000001e+003	3.180006e-001
9.910000100000001e+003	3.177326e-001
9.920000100000001e+003	3.174651e-001
9.930000100000001e+003	3.171979e-001
9.940000100000001e+003	3.169312e-001
9.950000100000001e+003	3.166649e-001
9.960000100000001e+003	3.163991e-001
9.970000100000001e+003	3.161338e-001
9.980000100000001e+003	3.158689e-001
9.990000100000001e+003	3.156043e-001
1.000000010000000e+004	3.153403e-001
1.001000010000000e+004	3.150766e-001
1.002000010000000e+004	3.148135e-001
1.003000010000000e+004	3.145507e-001
1.004000010000000e+004	3.142884e-001
1.005000010000000e+004	3.140266e-001
1.006000010000000e+004	3.137652e-001
1.007000010000000e+004	3.135042e-001
1.008000010000000e+004	3.132437e-001
1.009000010000000e+004	3.129835e-001
1.010000010000000e+004	3.127238e-001
1.011000010000000e+004	3.124646e-001
1.012000010000000e+004	3.122057e-001
1.013000010000000e+004	3.119473e-001
1.014000010000000e+004	3.116893e-001
1.015000010000000e+004	3.114318e-001
1.016000010000000e+004	3.111746e-001
1.017000010000000e+004	3.109179e-001
1.018000010000000e+004	3.106616e-001
1.019000010000000e+004	3.104057e-001
1.020000010000000e+004	3.101502e-001
1.021000010000000e+004	3.098952e-001
1.022000010000000e+004	3.096404e-001
1.023000010000000e+004	3.093863e-001
1.024000010000000e+004	3.091325e-001
1.025000010000000e+004	3.088793e-001
1.026000010000000e+004	3.086263e-001
1.027000010000000e+004	3.083737e-001
1.028000010000000e+004	3.081216e-001
1.029000010000000e+004	3.078698e-001
1.030000010000000e+004	3.076186e-001
1.031000010000000e+004	3.073676e-001
1.032000010000000e+004	3.071171e-001
1.033000010000000e+004	3.068671e-001
1.034000010000000e+004	3.066173e-001
1.035000010000000e+004	3.063680e-001
1.036000010000000e+004	3.061192e-001
1.037000010000000e+004	3.058706e-001
1.038000010000000e+004	3.056226e-001
1.039000010000000e+004	3.053750e-001
1.040000010000000e+004	3.051277e-001
1.041000010000000e+004	3.048808e-001
1.042000010000000e+004	3.046343e-001
1.043000010000000e+004	3.043881e-001
1.044000010000000e+004	3.041425e-001
1.045000010000000e+004	3.038972e-001
1.046000010000000e+004	3.036523e-001
1.047000010000000e+004	3.034078e-001
1.048000010000000e+004	3.031637e-001
1.049000010000000e+004	3.029200e-001
1.050000010000000e+004	3.026766e-001
1.051000010000000e+004	3.024337e-001
1.052000010000000e+004	3.021911e-001
1.053000010000000e+004	3.019490e-001
1.054000010000000e+004	3.017072e-001
1.055000010000000e+004	3.014658e-001
1.056000010000000e+004	3.012246e-001
1.057000010000000e+004	3.009841e-001
1.058000010000000e+004	3.007438e-001
1.059000010000000e+004	3.005039e-001
1.060000010000000e+004	3.002645e-001
1.061000010000000e+004	3.000254e-001
1.062000010000000e+004	2.997867e-001
1.063000010000000e+004	2.995483e-001
1.064000010000000e+004	2.993104e-001
1.065000010000000e+004	2.990727e-001
1.066000010000000e+004	2.988355e-001
1.067000010000000e+004	2.985987e-001
1.068000010000000e+004	2.983622e-001
1.069000010000000e+004	2.981261e-001
1.070000010000000e+004	2.978904e-001
1.071000010000000e+004	2.976550e-001
1.072000010000000e+004	2.974200e-001
1.073000010000000e+004	2.971854e-001
1.074000010000000e+004	2.969511e-001
1.075000010000000e+004	2.967173e-001
1.076000010000000e+004	2.964838e-001
1.077000010000000e+004	2.962506e-001
1.078000010000000e+004	2.960178e-001
1.079000010000000e+004	2.957853e-001
1.080000010000000e+004	2.955534e-001
1.081000010000000e+004	2.953216e-001
1.082000010000000e+004	2.950903e-001
1.083000010000000e+004	2.948593e-001
1.084000010000000e+004	2.946287e-001
1.085000010000000e+004	2.943984e-001
1.086000010000000e+004	2.941685e-001
1.087000010000000e+004	2.939390e-001
1.088000010000000e+004	2.937097e-001
1.089000010000000e+004	2.934809e-001
1.090000010000000e+004	2.932524e-001
1.091000010000000e+004	2.930243e-001
1.092000010000000e+004	2.927966e-001
1.093000010000000e+004	2.925691e-001
1.094000010000000e+004	2.923420e-001
1.095000010000000e+004	2.921154e-001
1.096000010000000e+004	2.918891e-001
1.097000010000000e+004	2.916630e-001
1.098000010000000e+004	2.914374e-001
1.099000010000000e+004	2.912120e-001
1.100000010000000e+004	2.909871e-001
1.101000010000000e+004	2.907625e-001
1.102000010000000e+004	2.905382e-001
1.103000010000000e+004	2.903142e-001
1.104000010000000e+004	2.900905e-001
1.105000010000000e+004	2.898674e-001
1.106000010000000e+004	2.896444e-001
1.107000010000000e+004	2.894219e-001
1.108000010000000e+004	2.891997e-001
1.109000010000000e+004	2.889778e-001
1.110000010000000e+004	2.887562e-001
1.111000010000000e+004	2.885350e-001
1.112000010000000e+004	2.883141e-001
1.113000010000000e+004	2.880936e-001
1.114000010000000e+004	2.878734e-001
1.115000010000000e+004	2.876535e-001
1.116000010000000e+004	2.874340e-001
1.117000010000000e+004	2.872147e-001
1.118000010000000e+004	2.869959e-001
1.119000010000000e+004	2.867774e-001
1.120000010000000e+004	2.865592e-001
1.121000010000000e+004	2.863413e-001
1.122000010000000e+004	2.861238e-001
1.123000010000000e+004	2.859065e-001
1.124000010000000e+004	2.856897e-001
1.125000010000000e+004	2.854731e-001
1.126000010000000e+004	2.852569e-001
1.127000010000000e+004	2.850409e-001
1.128000010000000e+004	2.848254e-001
1.129000010000000e+004	2.846101e-001
1.130000010000000e+004	2.843952e-001
1.131000010000000e+004	2.841806e-001
1.132000010000000e+004	2.839663e-001
1.133000010000000e+004	2.837523e-001
1.134000010000000e+004	2.835387e-001
1.135000010000000e+004	2.833253e-001
1.136000010000000e+004	2.831123e-001
1.137000010000000e+004	2.828996e-001
1.138000010000000e+004	2.826873e-001
1.139000010000000e+004	2.824752e-001
1.140000010000000e+004	2.822635e-001
1.141000010000000e+004	2.820521e-001
1.142000010000000e+004	2.818410e-001
1.143000010000000e+004	2.816302e-001
1.144000010000000e+004	2.814197e-001
1.145000010000000e+004	2.812095e-001
1.146000010000000e+004	2.809997e-001
1.147000010000000e+004	2.807902e-001
1.148000010000000e+004	2.805809e-001
1.149000010000000e+004	2.803720e-001
1.150000010000000e+004	2.801634e-001
1.151000010000000e+004	2.799551e-001
1.152000010000000e+004	2.797471e-001
1.153000010000000e+004	2.795393e-001
1.154000010000000e+004	2.793319e-001
1.155000010000000e+004	2.791249e-001
1.156000010000000e+004	2.789182e-001
1.157000010000000e+004	2.787117e-001
1.158000010000000e+004	2.785055e-001
1.159000010000000e+004	2.782997e-001
1.160000010000000e+004	2.780941e-001
1.161000010000000e+004	2.778889e-001
1.162000010000000e+004	2.776839e-001
1.163000010000000e+004	2.774793e-001
1.164000010000000e+004	2.772749e-001
1.165000010000000e+004	2.770709e-001
1.166000010000000e+004	2.768672e-001
1.167000010000000e+004	2.766637e-001
1.168000010000000e+004	2.764605e-001
1.169000010000000e+004	2.762577e-001
1.170000010000000e+004	2.760551e-001
1.171000010000000e+004	2.758528e-001
1.172000010000000e+004	2.756509e-001
1.173000010000000e+004	2.754492e-001
1.174000010000000e+004	2.752478e-001
1.175000010000000e+004	2.750467e-001
1.176000010000000e+004	2.748459e-001
1.177000010000000e+004	2.746453e-001
1.178000010000000e+004	2.744452e-001
1.179000010000000e+004	2.742452e-001
1.180000010000000e+004	2.740456e-001
1.181000010000000e+004	2.738463e-001
1.182000010000000e+004	2.736472e-001
1.183000010000000e+004	2.734484e-001
1.184000010000000e+004	2.732499e-001
1.185000010000000e+004	2.730518e-001
1.186000010000000e+004	2.728539e-001
1.187000010000000e+004	2.726562e-001
1.188000010000000e+004	2.724589e-001
1.189000010000000e+004	2.722619e-001
1.190000010000000e+004	2.720650e-001
1.191000010000000e+004	2.718685e-001
1.192000010000000e+004	2.716723e-001
1.193000010000000e+004	2.714764e-001
1.194000010000000e+004	2.712808e-001
1.195000010000000e+004	2.710854e-001
1.196000010000000e+004	2.708903e-001
1.197000010000000e+004	2.706955e-001
1.198000010000000e+004	2.705010e-001
1.199000010000000e+004	2.703067e-001
1.200000010000000e+004	2.701128e-001
1.201000010000000e+004	2.699191e-001
1.202000010000000e+004	2.697257e-001
1.203000010000000e+004	2.695325e-001
1.204000010000000e+004	2.693397e-001
1.205000010000000e+004	2.691470e-001
1.206000010000000e+004	2.689547e-001
1.207000010000000e+004	2.687627e-001
1.208000010000000e+004	2.685709e-001
1.209000010000000e+004	2.683794e-001
1.210000010000000e+004	2.681882e-001
1.211000010000000e+004	2.679972e-001
1.212000010000000e+004	2.678065e-001
1.213000010000000e+004	2.676161e-001
1.214000010000000e+004	2.674259e-001
1.215000010000000e+004	2.672360e-001
1.216000010000000e+004	2.670464e-001
1.217000010000000e+004	2.668571e-001
1.218000010000000e+004	2.666681e-001
1.219000010000000e+004	2.664793e-001
1.220000010000000e+004	2.662907e-001
1.221000010000000e+004	2.661024e-001
1.222000010000000e+004	2.659144e-001
1.223000010000000e+004	2.657267e-001
1.224000010000000e+004	2.655392e-001
1.225000010000000e+004	2.653519e-001
1.226000010000000e+004	2.651649e-001
1.227000010000000e+004	2.649783e-001
1.228000010000000e+004	2.647917e-001
1.229000010000000e+004	2.646056e-001
1.230000010000000e+004	2.644198e-001
1.231000010000000e+004	2.642340e-001
1.232000010000000e+004	2.640487e-001
1.233000010000000e+004	2.638635e-001
1.234000010000000e+004	2.636787e-001
1.235000010000000e+004	2.634941e-001
1.236000010000000e+004	2.633097e-001
1.237000010000000e+004	2.631256e-001
1.238000010000000e+004	2.629417e-001
1.239000010000000e+004	2.627581e-001
1.240000010000000e+004	2.625748e-001
1.241000010000000e+004	2.623917e-001
1.242000010000000e+004	2.622088e-001
1.243000010000000e+004	2.620263e-001
1.244000010000000e+004	2.618439e-001
1.245000010000000e+004	2.616618e-001
1.246000010000000e+004	2.614801e-001
1.247000010000000e+004	2.612985e-001
1.248000010000000e+004	2.611172e-001
1.249000010000000e+004	2.609360e-001
1.250000010000000e+004	2.607553e-001
1.251000010000000e+004	2.605747e-001
1.252000010000000e+004	2.603944e-001
1.253000010000000e+004	2.602143e-001
1.254000010000000e+004	2.600344e-001
1.255000010000000e+004	2.598549e-001
1.256000010000000e+004	2.596755e-001
1.257000010000000e+004	2.594965e-001
1.258000010000000e+004	2.593176e-001
1.259000010000000e+004	2.591391e-001
1.260000010000000e+004	2.589606e-001
1.261000010000000e+004	2.587826e-001
1.262000010000000e+004	2.586047e-001
1.263000010000000e+004	2.584271e-001
1.264000010000000e+004	2.582497e-001
1.265000010000000e+004	2.580725e-001
1.266000010000000e+004	2.578957e-001
1.267000010000000e+004	2.577190e-001
1.268000010000000e+004	2.575426e-001
1.269000010000000e+004	2.573664e-001
1.270000010000000e+004	2.571905e-001
1.271000010000000e+004	2.570148e-001
1.272000010000000e+004	2.568394e-001
1.273000010000000e+004	2.566642e-001
1.274000010000000e+004	2.564891e-001
1.275000010000000e+004	2.563145e-001
1.276000010000000e+004	2.561399e-001
1.277000010000000e+004	2.559657e-001
1.278000010000000e+004	2.557916e-001
1.279000010000000e+004	2.556179e-001
1.280000010000000e+004	2.554443e-001
1.281000010000000e+004	2.552710e-001
1.282000010000000e+004	2.550978e-001
1.283000010000000e+004	2.549249e-001
1.284000010000000e+004	2.547524e-001
1.285000010000000e+004	2.545800e-001
1.286000010000000e+004	2.544077e-001
1.287000010000000e+004	2.542359e-001
1.288000010000000e+004	2.540642e-001
1.289000010000000e+004	2.538927e-001
1.290000010000000e+004	2.537215e-001
1.291000010000000e+004	2.535505e-001
1.292000010000000e+004	2.533797e-001
1.293000010000000e+004	2.532091e-001
1.294000010000000e+004	2.530388e-001
1.295000010000000e+004	2.528687e-001
1.296000010000000e+004	2.526988e-001
1.297000010000000e+004	2.525292e-001
1.298000010000000e+004	2.523598e-001
1.299000010000000e+004	2.521906e-001
1.300000010000000e+004	2.520216e-001
1.301000010000000e+004	2.518529e-001
1.302000010000000e+004	2.516844e-001
1.303000010000000e+004	2.515161e-001
1.304000010000000e+004	2.513480e-001
1.305000010000000e+004	2.511802e-001
1.306000010000000e+004	2.510125e-001
1.307000010000000e+004	2.508452e-001
1.308000010000000e+004	2.506779e-001
1.309000010000000e+004	2.505109e-001
1.310000010000000e+004	2.503443e-001
1.311000010000000e+004	2.501777e-001
1.312000010000000e+004	2.500114e-001
1.313000010000000e+004	2.498454e-001
1.314000010000000e+004	2.496796e-001
1.315000010000000e+004	2.495138e-001
1.316000010000000e+004	2.493485e-001
1.317000010000000e+004	2.491833e-001
1.318000010000000e+004	2.490182e-001
1.319000010000000e+004	2.488535e-001
1.320000010000000e+004	2.486890e-001
1.321000010000000e+004	2.485246e-001
1.322000010000000e+004	2.483606e-001
1.323000010000000e+004	2.481967e-001
1.324000010000000e+004	2.480330e-001
1.325000010000000e+004	2.478695e-001
1.326000010000000e+004	2.477063e-001
1.327000010000000e+004	2.475431e-001
1.328000010000000e+004	2.473804e-001
1.329000010000000e+004	2.472177e-001
1.330000010000000e+004	2.470554e-001
1.331000010000000e+004	2.468932e-001
1.332000010000000e+004	2.467313e-001
1.333000010000000e+004	2.465695e-001
1.334000010000000e+004	2.464079e-001
1.335000010000000e+004	2.462466e-001
1.336000010000000e+004	2.460855e-001
1.337000010000000e+004	2.459245e-001
1.338000010000000e+004	2.457638e-001
1.339000010000000e+004	2.456033e-001
1.340000010000000e+004	2.454430e-001
1.341000010000000e+004	2.452829e-001
1.342000010000000e+004	2.451230e-001
1.343000010000000e+004	2.449634e-001
1.344000010000000e+004	2.448039e-001
1.345000010000000e+004	2.446446e-001
1.346000010000000e+004	2.444856e-001
1.347000010000000e+004	2.443267e-001
1.348000010000000e+004	2.441681e-001
1.349000010000000e+004	2.440096e-001
1.350000010000000e+004	2.438514e-001
1.351000010000000e+004	2.436934e-001
1.352000010000000e+004	2.435355e-001
1.353000010000000e+004	2.433779e-001
1.354000010000000e+004	2.432205e-001
1.355000010000000e+004	2.430633e-001
1.356000010000000e+004	2.429063e-001
1.357000010000000e+004	2.427495e-001
1.358000010000000e+004	2.425928e-001
1.359000010000000e+004	2.424364e-001
1.360000010000000e+004	2.422802e-001
1.361000010000000e+004	2.421242e-001
1.362000010000000e+004	2.419684e-001
1.363000010000000e+004	2.418128e-001
1.364000010000000e+004	2.416573e-001
1.365000010000000e+004	2.415021e-001
1.366000010000000e+004	2.413471e-001
1.367000010000000e+004	2.411923e-001
1.368000010000000e+004	2.410377e-001
1.369000010000000e+004	2.408832e-001
1.370000010000000e+004	2.407290e-001
1.371000010000000e+004	2.405750e-001
1.372000010000000e+004	2.404212e-001
1.373000010000000e+004	2.402675e-001
1.374000010000000e+004	2.401141e-001
1.375000010000000e+004	2.399608e-001
1.376000010000000e+004	2.398078e-001
1.377000010000000e+004	2.396549e-001
1.378000010000000e+004	2.395022e-001
1.379000010000000e+004	2.393498e-001
1.380000010000000e+004	2.391975e-001
1.381000010000000e+004	2.390454e-001
1.382000010000000e+004	2.388935e-001
1.383000010000000e+004	2.387418e-001
1.384000010000000e+004	2.385903e-001
1.385000010000000e+004	2.384389e-001
1.386000010000000e+004	2.382878e-001
1.387000010000000e+004	2.381369e-001
1.388000010000000e+004	2.379861e-001
1.389000010000000e+004	2.378356e-001
1.390000010000000e+004	2.376852e-001
1.391000010000000e+004	2.375350e-001
1.392000010000000e+004	2.373850e-001
1.393000010000000e+004	2.372352e-001
1.394000010000000e+004	2.370856e-001
1.395000010000000e+004	2.369362e-001
1.396000010000000e+004	2.367869e-001
1.397000010000000e+004	2.366379e-001
1.398000010000000e+004	2.364890e-001
1.399000010000000e+004	2.363403e-001
1.400000010000000e+004	2.361918e-001
1.401000010000000e+004	2.360435e-001
1.402000010000000e+004	2.358954e-001
1.403000010000000e+004	2.357474e-001
1.404000010000000e+004	2.355997e-001
1.405000010000000e+004	2.354521e-001
1.406000010000000e+004	2.353047e-001
1.407000010000000e+004	2.351575e-001
1.408000010000000e+004	2.350105e-001
1.409000010000000e+004	2.348636e-001
1.410000010000000e+004	2.347170e-001
1.411000010000000e+004	2.345705e-001
1.412000010000000e+004	2.344242e-001
1.413000010000000e+004	2.342781e-001
1.414000010000000e+004	2.341322e-001
1.415000010000000e+004	2.339864e-001
1.416000010000000e+004	2.338408e-001
1.417000010000000e+004	2.336954e-001
1.418000010000000e+004	2.335502e-001
1.419000010000000e+004	2.334052e-001
1.420000010000000e+004	2.332603e-001
1.421000010000000e+004	2.331157e-001
1.422000010000000e+004	2.329712e-001
1.423000010000000e+004	2.328269e-001
1.424000010000000e+004	2.326827e-001
1.425000010000000e+004	2.325388e-001
1.426000010000000e+004	2.323950e-001
1.427000010000000e+004	2.322514e-001
1.428000010000000e+004	2.321079e-001
1.429000010000000e+004	2.319647e-001
1.430000010000000e+004	2.318216e-001
1.431000010000000e+004	2.316787e-001
1.432000010000000e+004	2.315360e-001
1.433000010000000e+004	2.313934e-001
1.434000010000000e+004	2.312510e-001
1.435000010000000e+004	2.311088e-001
1.436000010000000e+004	2.309668e-001
1.437000010000000e+004	2.308249e-001
1.438000010000000e+004	2.306832e-001
1.439000010000000e+004	2.305417e-001
1.440000010000000e+004	2.304004e-001
1.441000010000000e+004	2.302592e-001
1.442000010000000e+004	2.301182e-001
1.443000010000000e+004	2.299773e-001
1.444000010000000e+004	2.298367e-001
1.445000010000000e+004	2.296963e-001
1.446000010000000e+004	2.295559e-001
1.447000010000000e+004	2.294158e-001
1.448000010000000e+004	2.292758e-001
1.449000010000000e+004	2.291360e-001
1.450000010000000e+004	2.289964e-001
1.451000010000000e+004	2.288570e-001
1.452000010000000e+004	2.287177e-001
1.453000010000000e+004	2.285785e-001
1.454000010000000e+004	2.284396e-001
1.455000010000000e+004	2.283008e-001
1.456000010000000e+004	2.281620e-001
1.457000010000000e+004	2.280237e-001
1.458000010000000e+004	2.278853e-001
1.459000010000000e+004	2.277473e-001
1.460000010000000e+004	2.276094e-001
1.461000010000000e+004	2.274715e-001
1.462000010000000e+004	2.273339e-001
1.463000010000000e+004	2.271964e-001
1.464000010000000e+004	2.270592e-001
1.465000010000000e+004	2.269221e-001
1.466000010000000e+004	2.267851e-001
1.467000010000000e+004	2.266483e-001
1.468000010000000e+004	2.265116e-001
1.469000010000000e+004	2.263752e-001
1.470000010000000e+004	2.262389e-001
1.471000010000000e+004	2.261027e-001
1.472000010000000e+004	2.259668e-001
1.473000010000000e+004	2.258309e-001
1.474000010000000e+004	2.256953e-001
1.475000010000000e+004	2.255598e-001
1.476000010000000e+004	2.254243e-001
1.477000010000000e+004	2.252893e-001
1.478000010000000e+004	2.251542e-001
1.479000010000000e+004	2.250194e-001
1.480000010000000e+004	2.248847e-001
1.481000010000000e+004	2.247501e-001
1.482000010000000e+004	2.246157e-001
1.483000010000000e+004	2.244816e-001
1.484000010000000e+004	2.243476e-001
1.485000010000000e+004	2.242137e-001
1.486000010000000e+004	2.240800e-001
1.487000010000000e+004	2.239464e-001
1.488000010000000e+004	2.238130e-001
1.489000010000000e+004	2.236797e-001
1.490000010000000e+004	2.235466e-001
1.491000010000000e+004	2.234137e-001
1.492000010000000e+004	2.232809e-001
1.493000010000000e+004	2.231482e-001
1.494000010000000e+004	2.230158e-001
1.495000010000000e+004	2.228834e-001
1.496000010000000e+004	2.227513e-001
1.497000010000000e+004	2.226193e-001
1.498000010000000e+004	2.224875e-001
1.499000010000000e+004	2.223558e-001
1.500000010000000e+004	2.222243e-001
1.501000010000000e+004	2.220929e-001
1.502000010000000e+004	2.219616e-001
1.503000010000000e+004	2.218306e-001
1.504000010000000e+004	2.216997e-001
1.505000010000000e+004	2.215689e-001
1.506000010000000e+004	2.214382e-001
1.507000010000000e+004	2.213078e-001
1.508000010000000e+004	2.211774e-001
1.509000010000000e+004	2.210472e-001
1.510000010000000e+004	2.209174e-001
1.511000010000000e+004	2.207875e-001
1.512000010000000e+004	2.206578e-001
1.513000010000000e+004	2.205282e-001
1.514000010000000e+004	2.203989e-001
1.515000010000000e+004	2.202696e-001
1.516000010000000e+004	2.201405e-001
1.517000010000000e+004	2.200115e-001
1.518000010000000e+004	2.198828e-001
1.519000010000000e+004	2.197540e-001
1.520000010000000e+004	2.196256e-001
1.521000010000000e+004	2.194973e-001
1.522000010000000e+004	2.193691e-001
1.523000010000000e+004	2.192411e-001
1.524000010000000e+004	2.191131e-001
1.525000010000000e+004	2.189854e-001
1.526000010000000e+004	2.188578e-001
1.527000010000000e+004	2.187304e-001
1.528000010000000e+004	2.186030e-001
1.529000010000000e+004	2.184759e-001
1.530000010000000e+004	2.183489e-001
1.531000010000000e+004	2.182220e-001
1.532000010000000e+004	2.180953e-001
1.533000010000000e+004	2.179687e-001
1.534000010000000e+004	2.178422e-001
1.535000010000000e+004	2.177160e-001
1.536000010000000e+004	2.175899e-001
1.537000010000000e+004	2.174639e-001
1.538000010000000e+004	2.173380e-001
1.539000010000000e+004	2.172123e-001
1.540000010000000e+004	2.170868e-001
1.541000010000000e+004	2.169614e-001
1.542000010000000e+004	2.168361e-001
1.543000010000000e+004	2.167110e-001
1.544000010000000e+004	2.165859e-001
1.545000010000000e+004	2.164611e-001
1.546000010000000e+004	2.163364e-001
1.547000010000000e+004	2.162119e-001
1.548000010000000e+004	2.160875e-001
1.549000010000000e+004	2.159632e-001
1.550000010000000e+004	2.158391e-001
1.551000010000000e+004	2.157151e-001
1.552000010000000e+004	2.155913e-001
1.553000010000000e+004	2.154676e-001
1.554000010000000e+004	2.153440e-001
1.555000010000000e+004	2.152205e-001
1.556000010000000e+004	2.150973e-001
1.557000010000000e+004	2.149742e-001
1.558000010000000e+004	2.148512e-001
1.559000010000000e+004	2.147283e-001
1.560000010000000e+004	2.146056e-001
1.561000010000000e+004	2.144830e-001
1.562000010000000e+004	2.143606e-001
1.563000010000000e+004	2.142383e-001
1.564000010000000e+004	2.141161e-001
1.565000010000000e+004	2.139941e-001
1.566000010000000e+004	2.138722e-001
1.567000010000000e+004	2.137504e-001
1.568000010000000e+004	2.136288e-001
1.569000010000000e+004	2.135074e-001
1.570000010000000e+004	2.133860e-001
1.571000010000000e+004	2.132648e-001
1.572000010000000e+004	2.131438e-001
1.573000010000000e+004	2.130228e-001
1.574000010000000e+004	2.129020e-001
1.575000010000000e+004	2.127814e-001
1.576000010000000e+004	2.126609e-001
1.577000010000000e+004	2.125405e-001
1.578000010000000e+004	2.124202e-001
1.579000010000000e+004	2.123001e-001
1.580000010000000e+004	2.121802e-001
1.581000010000000e+004	2.120603e-001
1.582000010000000e+004	2.119406e-001
1.583000010000000e+004	2.118210e-001
1.584000010000000e+004	2.117016e-001
1.585000010000000e+004	2.115823e-001
1.586000010000000e+004	2.114631e-001
1.587000010000000e+004	2.113441e-001
1.588000010000000e+004	2.112252e-001
1.589000010000000e+004	2.111064e-001
1.590000010000000e+004	2.109877e-001
1.591000010000000e+004	2.108692e-001
1.592000010000000e+004	2.107509e-001
1.593000010000000e+004	2.106326e-001
1.594000010000000e+004	2.105146e-001
1.595000010000000e+004	2.103965e-001
1.596000010000000e+004	2.102787e-001
1.597000010000000e+004	2.101610e-001
1.598000010000000e+004	2.100434e-001
1.599000010000000e+004	2.099259e-001
1.600000010000000e+004	2.098086e-001
1.601000010000000e+004	2.096914e-001
1.602000010000000e+004	2.095743e-001
1.603000010000000e+004	2.094574e-001
1.604000010000000e+004	2.093406e-001
1.605000010000000e+004	2.092240e-001
1.606000010000000e+004	2.091074e-001
1.607000010000000e+004	2.089910e-001
1.608000010000000e+004	2.088747e-001
1.609000010000000e+004	2.087585e-001
1.610000010000000e+004	2.086425e-001
1.611000010000000e+004	2.085266e-001
1.612000010000000e+004	2.084108e-001
1.613000010000000e+004	2.082951e-001
1.614000010000000e+004	2.081797e-001
1.615000010000000e+004	2.080643e-001
1.616000010000000e+004	2.079490e-001
1.617000010000000e+004	2.078339e-001
1.618000010000000e+004	2.077188e-001
1.619000010000000e+004	2.076040e-001
1.620000010000000e+004	2.074892e-001
1.621000010000000e+004	2.073746e-001
1.622000010000000e+004	2.072600e-001
1.623000010000000e+004	2.071457e-001
1.624000010000000e+004	2.070314e-001
1.625000010000000e+004	2.069173e-001
1.626000010000000e+004	2.068033e-001
1.627000010000000e+004	2.066894e-001
1.628000010000000e+004	2.065757e-001
1.629000010000000e+004	2.064620e-001
1.630000010000000e+004	2.063485e-001
1.631000010000000e+004	2.062351e-001
1.632000010000000e+004	2.061219e-001
1.633000010000000e+004	2.060087e-001
1.634000010000000e+004	2.058957e-001
1.635000010000000e+004	2.057828e-001
1.636000010000000e+004	2.056701e-001
1.637000010000000e+004	2.055574e-001
1.638000010000000e+004	2.054449e-001
1.639000010000000e+004	2.053325e-001
1.640000010000000e+004	2.052202e-001
1.641000010000000e+004	2.051081e-001
1.642000010000000e+004	2.049960e-001
1.643000010000000e+004	2.048841e-001
1.644000010000000e+004	2.047723e-001
1.645000010000000e+004	2.046606e-001
1.646000010000000e+004	2.045491e-001
1.647000010000000e+004	2.044377e-001
1.648000010000000e+004	2.043264e-001
1.649000010000000e+004	2.042152e-001
1.650000010000000e+004	2.041041e-001
1.651000010000000e+004	2.039932e-001
1.652000010000000e+004	2.038824e-001
1.653000010000000e+004	2.037717e-001
1.654000010000000e+004	2.036611e-001
1.655000010000000e+004	2.035506e-001
1.656000010000000e+004	2.034402e-001
1.657000010000000e+004	2.033300e-001
1.658000010000000e+004	2.032199e-001
1.659000010000000e+004	2.031099e-001
1.660000010000000e+004	2.030000e-001
1.661000010000000e+004	2.028903e-001
1.662000010000000e+004	2.027806e-001
1.663000010000000e+004	2.026711e-001
1.664000010000000e+004	2.025617e-001
1.665000010000000e+004	2.024524e-001
1.666000010000000e+004	2.023432e-001
1.667000010000000e+004	2.022342e-001
1.668000010000000e+004	2.021253e-001
1.669000010000000e+004	2.020164e-001
1.670000010000000e+004	2.019077e-001
1.671000010000000e+004	2.017992e-001
1.672000010000000e+004	2.016907e-001
1.673000010000000e+004	2.015823e-001
1.674000010000000e+004	2.014740e-001
1.675000010000000e+004	2.013660e-001
1.676000010000000e+004	2.012579e-001
1.677000010000000e+004	2.011501e-001
1.678000010000000e+004	2.010423e-001
1.679000010000000e+004	2.009346e-001
1.680000010000000e+004	2.008271e-001
1.681000010000000e+004	2.007196e-001
1.682000010000000e+004	2.006124e-001
1.683000010000000e+004	2.005051e-001
1.684000010000000e+004	2.003980e-001
1.685000010000000e+004	2.002910e-001
1.686000010000000e+004	2.001842e-001
1.687000010000000e+004	2.000774e-001
1.688000010000000e+004	1.999708e-001
1.689000010000000e+004	1.998643e-001
1.690000010000000e+004	1.997578e-001
1.691000010000000e+004	1.996515e-001
1.692000010000000e+004	1.995453e-001
1.693000010000000e+004	1.994393e-001
1.694000010000000e+004	1.993333e-001
1.695000010000000e+004	1.992275e-001
1.696000010000000e+004	1.991217e-001
1.697000010000000e+004	1.990161e-001
1.698000010000000e+004	1.989106e-001
1.699000010000000e+004	1.988052e-001
1.700000010000000e+004	1.986999e-001
1.701000010000000e+004	1.985947e-001
1.702000010000000e+004	1.984896e-001
1.703000010000000e+004	1.983846e-001
1.704000010000000e+004	1.982798e-001
1.705000010000000e+004	1.981750e-001
1.706000010000000e+004	1.980704e-001
1.707000010000000e+004	1.979659e-001
1.708000010000000e+004	1.978615e-001
1.709000010000000e+004	1.977572e-001
1.710000010000000e+004	1.976530e-001
1.711000010000000e+004	1.975489e-001
1.712000010000000e+004	1.974449e-001
1.713000010000000e+004	1.973410e-001
1.714000010000000e+004	1.972373e-001
1.715000010000000e+004	1.971336e-001
1.716000010000000e+004	1.970301e-001
1.717000010000000e+004	1.969266e-001
1.718000010000000e+004	1.968233e-001
1.719000010000000e+004	1.967201e-001
1.720000010000000e+004	1.966170e-001
1.721000010000000e+004	1.965140e-001
1.722000010000000e+004	1.964111e-001
1.723000010000000e+004	1.963083e-001
1.724000010000000e+004	1.962056e-001
1.725000010000000e+004	1.961030e-001
1.726000010000000e+004	1.960005e-001
1.727000010000000e+004	1.958982e-001
1.728000010000000e+004	1.957959e-001
1.729000010000000e+004	1.956937e-001
1.730000010000000e+004	1.955917e-001
1.731000010000000e+004	1.954897e-001
1.732000010000000e+004	1.953879e-001
1.733000010000000e+004	1.952862e-001
1.734000010000000e+004	1.951846e-001
1.735000010000000e+004	1.950830e-001
1.736000010000000e+004	1.949816e-001
1.737000010000000e+004	1.948803e-001
1.738000010000000e+004	1.947791e-001
1.739000010000000e+004	1.946780e-001
1.740000010000000e+004	1.945770e-001
1.741000010000000e+004	1.944761e-001
1.742000010000000e+004	1.943753e-001
1.743000010000000e+004	1.942746e-001
1.744000010000000e+004	1.941741e-001
1.745000010000000e+004	1.940736e-001
1.746000010000000e+004	1.939732e-001
1.747000010000000e+004	1.938729e-001
1.748000010000000e+004	1.937727e-001
1.749000010000000e+004	1.936727e-001
1.750000010000000e+004	1.935727e-001
1.751000010000000e+004	1.934729e-001
1.752000010000000e+004	1.933731e-001
1.753000010000000e+004	1.932734e-001
1.754000010000000e+004	1.931739e-001
1.755000010000000e+004	1.930744e-001
1.756000010000000e+004	1.929751e-001
1.757000010000000e+004	1.928758e-001
1.758000010000000e+004	1.927767e-001
1.759000010000000e+004	1.926776e-001
1.760000010000000e+004	1.925787e-001
1.761000010000000e+004	1.924798e-001
1.762000010000000e+004	1.923811e-001
1.763000010000000e+004	1.922824e-001
1.764000010000000e+004	1.921839e-001
1.765000010000000e+004	1.920855e-001
1.766000010000000e+004	1.919871e-001
1.767000010000000e+004	1.918889e-001
1.768000010000000e+004	1.917907e-001
1.769000010000000e+004	1.916927e-001
1.770000010000000e+004	1.915947e-001
1.771000010000000e+004	1.914969e-001
1.772000010000000e+004	1.913991e-001
1.773000010000000e+004	1.913015e-001
1.774000010000000e+004	1.912039e-001
1.775000010000000e+004	1.911064e-001
1.776000010000000e+004	1.910091e-001
1.777000010000000e+004	1.909119e-001
1.778000010000000e+004	1.908147e-001
1.779000010000000e+004	1.907177e-001
1.780000010000000e+004	1.906207e-001
1.781000010000000e+004	1.905239e-001
1.782000010000000e+004	1.904271e-001
1.783000010000000e+004	1.903304e-001
1.784000010000000e+004	1.902339e-001
1.785000010000000e+004	1.901374e-001
1.786000010000000e+004	1.900409e-001
1.787000010000000e+004	1.899448e-001
1.788000010000000e+004	1.898485e-001
1.789000010000000e+004	1.897524e-001
1.790000010000000e+004	1.896564e-001
1.791000010000000e+004	1.895606e-001
1.792000010000000e+004	1.894647e-001
1.793000010000000e+004	1.893691e-001
1.794000010000000e+004	1.892735e-001
1.795000010000000e+004	1.891780e-001
1.796000010000000e+004	1.890826e-001
1.797000010000000e+004	1.889873e-001
1.798000010000000e+004	1.888921e-001
1.799000010000000e+004	1.887970e-001
1.800000000000000e+004	1.887019e-001
