riadj	-I(Rl)
1.000000000000000e-010	1.897954e+000
1.000000000010000e+001	1.888508e+000
2.000000000010000e+001	1.879155e+000
3.000000000010000e+001	1.869895e+000
4.000000000010000e+001	1.860725e+000
5.000000000010000e+001	1.851645e+000
6.000000000010000e+001	1.842653e+000
7.000000000010000e+001	1.833748e+000
8.000000000010000e+001	1.824928e+000
9.000000000010000e+001	1.816193e+000
1.000000000001000e+002	1.807540e+000
1.100000000001000e+002	1.798970e+000
1.200000000001000e+002	1.790481e+000
1.300000000001000e+002	1.782071e+000
1.400000000001000e+002	1.773740e+000
1.500000000001000e+002	1.765486e+000
1.600000000001000e+002	1.757309e+000
1.700000000001000e+002	1.749207e+000
1.800000000001000e+002	1.741179e+000
1.900000000001000e+002	1.733225e+000
2.000000000001000e+002	1.725343e+000
2.100000000001000e+002	1.717532e+000
2.200000000001000e+002	1.709792e+000
2.300000000001000e+002	1.702121e+000
2.400000000001000e+002	1.694518e+000
2.500000000001000e+002	1.686983e+000
2.600000000001000e+002	1.679515e+000
2.700000000001000e+002	1.672112e+000
2.800000000001000e+002	1.664775e+000
2.900000000001000e+002	1.657501e+000
3.000000000001000e+002	1.650291e+000
3.100000000001000e+002	1.643143e+000
3.200000000001000e+002	1.636057e+000
3.300000000001000e+002	1.629031e+000
3.400000000001000e+002	1.622066e+000
3.500000000001000e+002	1.615160e+000
3.600000000001000e+002	1.608312e+000
3.700000000001000e+002	1.601522e+000
3.800000000001000e+002	1.594789e+000
3.900000000001000e+002	1.588112e+000
4.000000000001000e+002	1.581491e+000
4.100000000001000e+002	1.574925e+000
4.200000000001000e+002	1.568413e+000
4.300000000001000e+002	1.561955e+000
4.400000000001000e+002	1.555550e+000
4.500000000001000e+002	1.549197e+000
4.600000000001000e+002	1.542896e+000
4.700000000001000e+002	1.536645e+000
4.800000000001000e+002	1.530445e+000
4.900000000001000e+002	1.524295e+000
5.000000000001000e+002	1.518194e+000
5.100000000001000e+002	1.512142e+000
5.200000000001000e+002	1.506138e+000
5.300000000001000e+002	1.500181e+000
5.400000000001000e+002	1.494271e+000
5.500000000001000e+002	1.488407e+000
5.600000000001000e+002	1.482589e+000
5.700000000001000e+002	1.476817e+000
5.800000000001000e+002	1.471089e+000
5.900000000001000e+002	1.465405e+000
6.000000000001000e+002	1.459765e+000
6.100000000001000e+002	1.454169e+000
6.200000000001000e+002	1.448615e+000
6.300000000001000e+002	1.443103e+000
6.400000000001000e+002	1.437633e+000
6.500000000001000e+002	1.432204e+000
6.600000000001000e+002	1.426816e+000
6.700000000001000e+002	1.421469e+000
6.800000000001000e+002	1.416161e+000
6.900000000001000e+002	1.410893e+000
7.000000000001000e+002	1.405663e+000
7.100000000001000e+002	1.400473e+000
7.200000000001000e+002	1.395320e+000
7.300000000001000e+002	1.390206e+000
7.400000000001000e+002	1.385128e+000
7.500000000001000e+002	1.380088e+000
7.600000000001000e+002	1.375086e+000
7.700000000001000e+002	1.370116e+000
7.800000000001000e+002	1.365184e+000
7.900000000001000e+002	1.360287e+000
8.000000000001000e+002	1.355425e+000
8.100000000001000e+002	1.350598e+000
8.200000000001000e+002	1.345805e+000
8.300000000001000e+002	1.341046e+000
8.400000000001000e+002	1.336320e+000
8.500000000001000e+002	1.331628e+000
8.600000000001000e+002	1.326968e+000
8.700000000001000e+002	1.322341e+000
8.800000000001000e+002	1.317746e+000
8.900000000001000e+002	1.313183e+000
9.000000000001000e+002	1.308651e+000
9.100000000001000e+002	1.304151e+000
9.200000000001000e+002	1.299681e+000
9.300000000001000e+002	1.295242e+000
9.400000000001000e+002	1.290832e+000
9.500000000001000e+002	1.286453e+000
9.600000000001000e+002	1.282104e+000
9.700000000001000e+002	1.277783e+000
9.800000000001000e+002	1.273492e+000
9.900000000001000e+002	1.269229e+000
1.000000000000100e+003	1.264995e+000
1.010000000000100e+003	1.260789e+000
1.020000000000100e+003	1.256610e+000
1.030000000000100e+003	1.252460e+000
1.040000000000100e+003	1.248336e+000
1.050000000000100e+003	1.244240e+000
1.060000000000100e+003	1.240171e+000
1.070000000000100e+003	1.236127e+000
1.080000000000100e+003	1.232111e+000
1.090000000000100e+003	1.228120e+000
1.100000000000100e+003	1.224155e+000
1.110000000000100e+003	1.220215e+000
1.120000000000100e+003	1.216301e+000
1.130000000000100e+003	1.212411e+000
1.140000000000100e+003	1.208547e+000
1.150000000000100e+003	1.204707e+000
1.160000000000100e+003	1.200891e+000
1.170000000000100e+003	1.197099e+000
1.180000000000100e+003	1.193331e+000
1.190000000000100e+003	1.189587e+000
1.200000000000100e+003	1.185866e+000
1.210000000000100e+003	1.182169e+000
1.220000000000100e+003	1.178494e+000
1.230000000000100e+003	1.174842e+000
1.240000000000100e+003	1.171213e+000
1.250000000000100e+003	1.167606e+000
1.260000000000100e+003	1.164021e+000
1.270000000000100e+003	1.160458e+000
1.280000000000100e+003	1.156917e+000
1.290000000000100e+003	1.153397e+000
1.300000000000100e+003	1.149898e+000
1.310000000000100e+003	1.146421e+000
1.320000000000100e+003	1.142965e+000
1.330000000000100e+003	1.139529e+000
1.340000000000100e+003	1.136114e+000
1.350000000000100e+003	1.132720e+000
1.360000000000100e+003	1.129345e+000
1.370000000000100e+003	1.125991e+000
1.380000000000100e+003	1.122656e+000
1.390000000000100e+003	1.119341e+000
1.400000000000100e+003	1.116046e+000
1.410000000000100e+003	1.112770e+000
1.420000000000100e+003	1.109513e+000
1.430000000000100e+003	1.106275e+000
1.440000000000100e+003	1.103056e+000
1.450000000000100e+003	1.099855e+000
1.460000000000100e+003	1.096673e+000
1.470000000000100e+003	1.093510e+000
1.480000000000100e+003	1.090364e+000
1.490000000000100e+003	1.087237e+000
1.500000000000100e+003	1.084127e+000
1.510000000000100e+003	1.081035e+000
1.520000000000100e+003	1.077961e+000
1.530000000000100e+003	1.074904e+000
1.540000000000100e+003	1.071865e+000
1.550000000000100e+003	1.068842e+000
1.560000000000100e+003	1.065837e+000
1.570000000000100e+003	1.062848e+000
1.580000000000100e+003	1.059876e+000
1.590000000000100e+003	1.056921e+000
1.600000000000100e+003	1.053982e+000
1.610000000000100e+003	1.051059e+000
1.620000000000100e+003	1.048152e+000
1.630000000000100e+003	1.045262e+000
1.640000000000100e+003	1.042387e+000
1.650000000000100e+003	1.039528e+000
1.660000000000100e+003	1.036685e+000
1.670000000000100e+003	1.033857e+000
1.680000000000100e+003	1.031045e+000
1.690000000000100e+003	1.028247e+000
1.700000000000100e+003	1.025465e+000
1.710000000000100e+003	1.022698e+000
1.720000000000100e+003	1.019946e+000
1.730000000000100e+003	1.017209e+000
1.740000000000100e+003	1.014486e+000
1.750000000000100e+003	1.011778e+000
1.760000000000100e+003	1.009084e+000
1.770000000000100e+003	1.006404e+000
1.780000000000100e+003	1.003739e+000
1.790000000000100e+003	1.001087e+000
1.800000000000100e+003	9.984499e-001
1.810000000000100e+003	9.958263e-001
1.820000000000100e+003	9.932165e-001
1.830000000000100e+003	9.906203e-001
1.840000000000100e+003	9.880376e-001
1.850000000000100e+003	9.854683e-001
1.860000000000100e+003	9.829123e-001
1.870000000000100e+003	9.803696e-001
1.880000000000100e+003	9.778399e-001
1.890000000000100e+003	9.753233e-001
1.900000000000100e+003	9.728194e-001
1.910000000000100e+003	9.703286e-001
1.920000000000100e+003	9.678503e-001
1.930000000000100e+003	9.653848e-001
1.940000000000100e+003	9.629316e-001
1.950000000000100e+003	9.604909e-001
1.960000000000100e+003	9.580626e-001
1.970000000000100e+003	9.556465e-001
1.980000000000100e+003	9.532424e-001
1.990000000000100e+003	9.508504e-001
2.000000000000100e+003	9.484704e-001
2.010000000000100e+003	9.461024e-001
2.020000000000100e+003	9.437460e-001
2.030000000000100e+003	9.414014e-001
2.040000000000100e+003	9.390684e-001
2.050000000000100e+003	9.367468e-001
2.060000000000100e+003	9.344367e-001
2.070000000000100e+003	9.321381e-001
2.080000000000100e+003	9.298505e-001
2.090000000000100e+003	9.275742e-001
2.100000000000100e+003	9.253091e-001
2.110000000000100e+003	9.230549e-001
2.120000000000100e+003	9.208117e-001
2.130000000000100e+003	9.185793e-001
2.140000000000100e+003	9.163578e-001
2.150000000000100e+003	9.141470e-001
2.160000000000100e+003	9.119467e-001
2.170000000000100e+003	9.097571e-001
2.180000000000100e+003	9.075778e-001
2.190000000000100e+003	9.054089e-001
2.200000000000100e+003	9.032505e-001
2.210000000000100e+003	9.011024e-001
2.220000000000100e+003	8.989641e-001
2.230000000000100e+003	8.968363e-001
2.240000000000100e+003	8.947183e-001
2.250000000000100e+003	8.926104e-001
2.260000000000100e+003	8.905123e-001
2.270000000000100e+003	8.884240e-001
2.280000000000100e+003	8.863456e-001
2.290000000000100e+003	8.842768e-001
2.300000000000100e+003	8.822176e-001
2.310000000000100e+003	8.801680e-001
2.320000000000100e+003	8.781279e-001
2.330000000000100e+003	8.760973e-001
2.340000000000100e+003	8.740759e-001
2.350000000000100e+003	8.720639e-001
2.360000000000100e+003	8.700610e-001
2.370000000000100e+003	8.680674e-001
2.380000000000100e+003	8.660829e-001
2.390000000000100e+003	8.641073e-001
2.400000000000100e+003	8.621409e-001
2.410000000000100e+003	8.601832e-001
2.420000000000100e+003	8.582344e-001
2.430000000000100e+003	8.562945e-001
2.440000000000100e+003	8.543677e-001
2.450000000000100e+003	8.524407e-001
2.460000000000100e+003	8.505269e-001
2.470000000000100e+003	8.486214e-001
2.480000000000100e+003	8.467246e-001
2.490000000000100e+003	8.448362e-001
2.500000000000100e+003	8.429562e-001
2.510000000000100e+003	8.410845e-001
2.520000000000100e+003	8.392211e-001
2.530000000000100e+003	8.373659e-001
2.540000000000100e+003	8.355189e-001
2.550000000000100e+003	8.336800e-001
2.560000000000100e+003	8.318492e-001
2.570000000000100e+003	8.300264e-001
2.580000000000100e+003	8.282115e-001
2.590000000000100e+003	8.264046e-001
2.600000000000100e+003	8.246056e-001
2.610000000000100e+003	8.228142e-001
2.620000000000100e+003	8.210307e-001
2.630000000000100e+003	8.192551e-001
2.640000000000100e+003	8.174868e-001
2.650000000000100e+003	8.157263e-001
2.660000000000100e+003	8.139732e-001
2.670000000000100e+003	8.122276e-001
2.680000000000100e+003	8.104898e-001
2.690000000000100e+003	8.087589e-001
2.700000000000100e+003	8.070357e-001
2.710000000000100e+003	8.053198e-001
2.720000000000100e+003	8.036110e-001
2.730000000000100e+003	8.019096e-001
2.740000000000100e+003	8.002154e-001
2.750000000000100e+003	7.985283e-001
2.760000000000100e+003	7.968481e-001
2.770000000000100e+003	7.951751e-001
2.780000000000100e+003	7.935091e-001
2.790000000000100e+003	7.918501e-001
2.800000000000100e+003	7.901979e-001
2.810000000000100e+003	7.885526e-001
2.820000000000100e+003	7.869141e-001
2.830000000000100e+003	7.852825e-001
2.840000000000100e+003	7.836577e-001
2.850000000000100e+003	7.820393e-001
2.860000000000100e+003	7.804278e-001
2.870000000000100e+003	7.788228e-001
2.880000000000100e+003	7.772244e-001
2.890000000000100e+003	7.756326e-001
2.900000000000100e+003	7.740473e-001
2.910000000000100e+003	7.724684e-001
2.920000000000100e+003	7.708960e-001
2.930000000000100e+003	7.693298e-001
2.940000000000100e+003	7.677701e-001
2.950000000000100e+003	7.662167e-001
2.960000000000100e+003	7.646695e-001
2.970000000000100e+003	7.631285e-001
2.980000000000100e+003	7.615938e-001
2.990000000000100e+003	7.600651e-001
3.000000000000100e+003	7.585426e-001
3.010000000000100e+003	7.570261e-001
3.020000000000100e+003	7.555158e-001
3.030000000000100e+003	7.540115e-001
3.040000000000100e+003	7.525131e-001
3.050000000000100e+003	7.510206e-001
3.060000000000100e+003	7.495339e-001
3.070000000000100e+003	7.480532e-001
3.080000000000100e+003	7.465783e-001
3.090000000000100e+003	7.451092e-001
3.100000000000100e+003	7.436458e-001
3.110000000000100e+003	7.421883e-001
3.120000000000100e+003	7.407363e-001
3.130000000000100e+003	7.392901e-001
3.140000000000100e+003	7.378495e-001
3.150000000000100e+003	7.364144e-001
3.160000000000100e+003	7.349849e-001
3.170000000000100e+003	7.335610e-001
3.180000000000100e+003	7.321426e-001
3.190000000000100e+003	7.307296e-001
3.200000000000100e+003	7.293221e-001
3.210000000000100e+003	7.279199e-001
3.220000000000100e+003	7.265232e-001
3.230000000000100e+003	7.251318e-001
3.240000000000100e+003	7.237456e-001
3.250000000000100e+003	7.223647e-001
3.260000000000100e+003	7.209891e-001
3.270000000000100e+003	7.196187e-001
3.280000000000100e+003	7.182536e-001
3.290000000000100e+003	7.168936e-001
3.300000000000100e+003	7.155387e-001
3.310000000000100e+003	7.141889e-001
3.320000000000100e+003	7.128442e-001
3.330000000000100e+003	7.115045e-001
3.340000000000100e+003	7.101699e-001
3.350000000000100e+003	7.088402e-001
3.360000000000100e+003	7.075155e-001
3.370000000000100e+003	7.061958e-001
3.380000000000100e+003	7.048809e-001
3.390000000000100e+003	7.035709e-001
3.400000000000100e+003	7.022658e-001
3.410000000000100e+003	7.009655e-001
3.420000000000100e+003	6.996700e-001
3.430000000000100e+003	6.983792e-001
3.440000000000100e+003	6.970932e-001
3.450000000000100e+003	6.958119e-001
3.460000000000100e+003	6.945354e-001
3.470000000000100e+003	6.932635e-001
3.480000000000100e+003	6.919962e-001
3.490000000000100e+003	6.907336e-001
3.500000000000100e+003	6.894755e-001
3.510000000000100e+003	6.882220e-001
3.520000000000100e+003	6.869730e-001
3.530000000000100e+003	6.857285e-001
3.540000000000100e+003	6.844887e-001
3.550000000000100e+003	6.832532e-001
3.560000000000100e+003	6.820222e-001
3.570000000000100e+003	6.807955e-001
3.580000000000100e+003	6.795733e-001
3.590000000000100e+003	6.783554e-001
3.600000000000100e+003	6.771420e-001
3.610000000000100e+003	6.759328e-001
3.620000000000100e+003	6.747279e-001
3.630000000000100e+003	6.735273e-001
3.640000000000100e+003	6.723310e-001
3.650000000000100e+003	6.711389e-001
3.660000000000100e+003	6.699510e-001
3.670000000000100e+003	6.687673e-001
3.680000000000100e+003	6.675878e-001
3.690000000000100e+003	6.664124e-001
3.700000000000100e+003	6.652411e-001
3.710000000000100e+003	6.640739e-001
3.720000000000100e+003	6.629109e-001
3.730000000000100e+003	6.617519e-001
3.740000000000100e+003	6.605969e-001
3.750000000000100e+003	6.594460e-001
3.760000000000100e+003	6.582991e-001
3.770000000000100e+003	6.571561e-001
3.780000000000100e+003	6.560170e-001
3.790000000000100e+003	6.548818e-001
3.800000000000100e+003	6.537506e-001
3.810000000000100e+003	6.526233e-001
3.820000000000100e+003	6.514999e-001
3.830000000000100e+003	6.503803e-001
3.840000000000100e+003	6.492646e-001
3.850000000000100e+003	6.481526e-001
3.860000000000100e+003	6.470446e-001
3.870000000000100e+003	6.459402e-001
3.880000000000100e+003	6.448396e-001
3.890000000000100e+003	6.437427e-001
3.900000000000100e+003	6.426496e-001
3.910000000000100e+003	6.415603e-001
3.920000000000100e+003	6.404744e-001
3.930000000000100e+003	6.393924e-001
3.940000000000100e+003	6.383138e-001
3.950000000000100e+003	6.372391e-001
3.960000000000100e+003	6.361678e-001
3.970000000000100e+003	6.351001e-001
3.980000000000100e+003	6.340361e-001
3.990000000000100e+003	6.329757e-001
4.000000000000100e+003	6.319185e-001
4.010000000000100e+003	6.308651e-001
4.020000000000100e+003	6.298152e-001
4.030000000000100e+003	6.287687e-001
4.040000000000100e+003	6.277257e-001
4.050000000000100e+003	6.266862e-001
4.060000000000100e+003	6.256499e-001
4.070000000000100e+003	6.246172e-001
4.080000000000100e+003	6.235879e-001
4.090000000000100e+003	6.225620e-001
4.100000000000100e+003	6.215394e-001
4.110000000000100e+003	6.205202e-001
4.120000000000100e+003	6.195043e-001
4.130000000000100e+003	6.184917e-001
4.140000000000100e+003	6.174824e-001
4.150000000000100e+003	6.164764e-001
4.160000000000100e+003	6.154737e-001
4.170000000000100e+003	6.144742e-001
4.180000000000100e+003	6.134779e-001
4.190000000000100e+003	6.124849e-001
4.200000000000100e+003	6.114950e-001
4.210000000000100e+003	6.105084e-001
4.220000000000100e+003	6.095249e-001
4.230000000000100e+003	6.085446e-001
4.240000000000100e+003	6.075674e-001
4.250000000000100e+003	6.065934e-001
4.260000000000100e+003	6.056224e-001
4.270000000000100e+003	6.046546e-001
4.280000000000100e+003	6.036898e-001
4.290000000000100e+003	6.027281e-001
4.300000000000100e+003	6.017694e-001
4.310000000000100e+003	6.008139e-001
4.320000000000100e+003	5.998613e-001
4.330000000000100e+003	5.989117e-001
4.340000000000100e+003	5.979651e-001
4.350000000000100e+003	5.970215e-001
4.360000000000100e+003	5.960809e-001
4.370000000000100e+003	5.951432e-001
4.380000000000100e+003	5.942085e-001
4.390000000000100e+003	5.932767e-001
4.400000000000100e+003	5.923478e-001
4.410000000000100e+003	5.914217e-001
4.420000000000100e+003	5.904986e-001
4.430000000000100e+003	5.895784e-001
4.440000000000100e+003	5.886610e-001
4.450000000000100e+003	5.877465e-001
4.460000000000100e+003	5.868348e-001
4.470000000000100e+003	5.859258e-001
4.480000000000100e+003	5.850198e-001
4.490000000000100e+003	5.841165e-001
4.500000000000100e+003	5.832159e-001
4.510000000000100e+003	5.823182e-001
4.520000000000100e+003	5.814232e-001
4.530000000000100e+003	5.805309e-001
4.540000000000100e+003	5.796415e-001
4.550000000000100e+003	5.787545e-001
4.560000000000100e+003	5.778704e-001
4.570000000000100e+003	5.769891e-001
4.580000000000100e+003	5.761104e-001
4.590000000000100e+003	5.752343e-001
4.600000000000100e+003	5.743608e-001
4.610000000000100e+003	5.734901e-001
4.620000000000100e+003	5.726219e-001
4.630000000000100e+003	5.717564e-001
4.640000000000100e+003	5.708935e-001
4.650000000000100e+003	5.700331e-001
4.660000000000100e+003	5.691754e-001
4.670000000000100e+003	5.683203e-001
4.680000000000100e+003	5.674676e-001
4.690000000000100e+003	5.666175e-001
4.700000000000100e+003	5.657700e-001
4.710000000000100e+003	5.649250e-001
4.720000000000100e+003	5.640826e-001
4.730000000000100e+003	5.632425e-001
4.740000000000100e+003	5.624051e-001
4.750000000000100e+003	5.615701e-001
4.760000000000100e+003	5.607375e-001
4.770000000000100e+003	5.599074e-001
4.780000000000100e+003	5.590799e-001
4.790000000000100e+003	5.582547e-001
4.800000000000100e+003	5.574319e-001
4.810000000000100e+003	5.566116e-001
4.820000000000100e+003	5.557936e-001
4.830000000000100e+003	5.549781e-001
4.840000000000100e+003	5.541649e-001
4.850000000000100e+003	5.533541e-001
4.860000000000100e+003	5.525457e-001
4.870000000000100e+003	5.517397e-001
4.880000000000100e+003	5.509359e-001
4.890000000000100e+003	5.501345e-001
4.900000000000100e+003	5.493355e-001
4.910000000000100e+003	5.485386e-001
4.920000000000100e+003	5.477443e-001
4.930000000000100e+003	5.469520e-001
4.940000000000100e+003	5.461622e-001
4.950000000000100e+003	5.453746e-001
4.960000000000100e+003	5.445892e-001
4.970000000000100e+003	5.438062e-001
4.980000000000100e+003	5.430253e-001
4.990000000000100e+003	5.422467e-001
5.000000000000100e+003	5.414703e-001
5.010000000000100e+003	5.406961e-001
5.020000000000100e+003	5.399242e-001
5.030000000000100e+003	5.391544e-001
5.040000000000100e+003	5.383868e-001
5.050000000000100e+003	5.376213e-001
5.060000000000100e+003	5.368581e-001
5.070000000000100e+003	5.360971e-001
5.080000000000100e+003	5.353380e-001
5.090000000000100e+003	5.345814e-001
5.100000000000100e+003	5.338266e-001
5.110000000000100e+003	5.330741e-001
5.120000000000100e+003	5.323237e-001
5.130000000000100e+003	5.315753e-001
5.140000000000100e+003	5.308292e-001
5.150000000000100e+003	5.300851e-001
5.160000000000100e+003	5.293429e-001
5.170000000000100e+003	5.286030e-001
5.180000000000100e+003	5.278651e-001
5.190000000000100e+003	5.271292e-001
5.200000000000100e+003	5.263954e-001
5.210000000000100e+003	5.256636e-001
5.220000000000100e+003	5.249338e-001
5.230000000000100e+003	5.242061e-001
5.240000000000100e+003	5.234804e-001
5.250000000000100e+003	5.227566e-001
5.260000000000100e+003	5.220348e-001
5.270000000000100e+003	5.213152e-001
5.280000000000100e+003	5.205973e-001
5.290000000000100e+003	5.198815e-001
5.300000000000100e+003	5.191677e-001
5.310000000000100e+003	5.184557e-001
5.320000000000100e+003	5.177457e-001
5.330000000000100e+003	5.170377e-001
5.340000000000100e+003	5.163316e-001
5.350000000000100e+003	5.156274e-001
5.360000000000100e+003	5.149252e-001
5.370000000000100e+003	5.142249e-001
5.380000000000100e+003	5.135264e-001
5.390000000000100e+003	5.128300e-001
5.400000000000100e+003	5.121352e-001
5.410000000000100e+003	5.114425e-001
5.420000000000100e+003	5.107515e-001
5.430000000000100e+003	5.100625e-001
5.440000000000100e+003	5.093752e-001
5.450000000000100e+003	5.086899e-001
5.460000000000100e+003	5.080063e-001
5.470000000000100e+003	5.073246e-001
5.480000000000100e+003	5.066447e-001
5.490000000000100e+003	5.059667e-001
5.500000000000100e+003	5.052904e-001
5.510000000000100e+003	5.046159e-001
5.520000000000100e+003	5.039433e-001
5.530000000000100e+003	5.032724e-001
5.540000000000100e+003	5.026033e-001
5.550000000000100e+003	5.019360e-001
5.560000000000100e+003	5.012704e-001
5.570000000000100e+003	5.006065e-001
5.580000000000100e+003	4.999445e-001
5.590000000000100e+003	4.992842e-001
5.600000000000100e+003	4.986256e-001
5.610000000000100e+003	4.979688e-001
5.620000000000100e+003	4.973136e-001
5.630000000000100e+003	4.966603e-001
5.640000000000100e+003	4.960085e-001
5.650000000000100e+003	4.953586e-001
5.660000000000100e+003	4.947103e-001
5.670000000000100e+003	4.940637e-001
5.680000000000100e+003	4.934188e-001
5.690000000000100e+003	4.927755e-001
5.700000000000100e+003	4.921339e-001
5.710000000000100e+003	4.914940e-001
5.720000000000100e+003	4.908558e-001
5.730000000000100e+003	4.902192e-001
5.740000000000100e+003	4.895843e-001
5.750000000000100e+003	4.889510e-001
5.760000000000100e+003	4.883192e-001
5.770000000000100e+003	4.876892e-001
5.780000000000100e+003	4.870608e-001
5.790000000000100e+003	4.864340e-001
5.800000000000100e+003	4.858087e-001
5.810000000000100e+003	4.851851e-001
5.820000000000100e+003	4.845631e-001
5.830000000000100e+003	4.839427e-001
5.840000000000100e+003	4.833238e-001
5.850000000000100e+003	4.827065e-001
5.860000000000100e+003	4.820908e-001
5.870000000000100e+003	4.814767e-001
5.880000000000100e+003	4.808641e-001
5.890000000000100e+003	4.802531e-001
5.900000000000100e+003	4.796436e-001
5.910000000000100e+003	4.790356e-001
5.920000000000100e+003	4.784293e-001
5.930000000000100e+003	4.778244e-001
5.940000000000100e+003	4.772210e-001
5.950000000000100e+003	4.766192e-001
5.960000000000100e+003	4.760188e-001
5.970000000000100e+003	4.754201e-001
5.980000000000100e+003	4.748228e-001
5.990000000000100e+003	4.742269e-001
6.000000000000100e+003	4.736327e-001
6.010000000000100e+003	4.730397e-001
6.020000000000100e+003	4.724484e-001
6.030000000000100e+003	4.718585e-001
6.040000000000100e+003	4.712701e-001
6.050000000000100e+003	4.706831e-001
6.060000000000100e+003	4.700976e-001
6.070000000000100e+003	4.695135e-001
6.080000000000100e+003	4.689309e-001
6.090000000000100e+003	4.683498e-001
6.100000000000100e+003	4.677701e-001
6.110000000000100e+003	4.671918e-001
6.120000000000100e+003	4.666149e-001
6.130000000000100e+003	4.660394e-001
6.140000000000100e+003	4.654654e-001
6.150000000000100e+003	4.648927e-001
6.160000000000100e+003	4.643215e-001
6.170000000000100e+003	4.637517e-001
6.180000000000100e+003	4.631833e-001
6.190000000000100e+003	4.626162e-001
6.200000000000100e+003	4.620505e-001
6.210000000000100e+003	4.614862e-001
6.220000000000100e+003	4.609233e-001
6.230000000000100e+003	4.603617e-001
6.240000000000100e+003	4.598015e-001
6.250000000000100e+003	4.592426e-001
6.260000000000100e+003	4.586852e-001
6.270000000000100e+003	4.581291e-001
6.280000000000100e+003	4.575743e-001
6.290000000000100e+003	4.570208e-001
6.300000000000100e+003	4.564687e-001
6.310000000000100e+003	4.559179e-001
6.320000000000100e+003	4.553685e-001
6.330000000000100e+003	4.548203e-001
6.340000000000100e+003	4.542735e-001
6.350000000000100e+003	4.537279e-001
6.360000000000100e+003	4.531837e-001
6.370000000000100e+003	4.526408e-001
6.380000000000100e+003	4.520992e-001
6.390000000000100e+003	4.515589e-001
6.400000000000100e+003	4.510198e-001
6.410000000000100e+003	4.504821e-001
6.420000000000100e+003	4.499455e-001
6.430000000000100e+003	4.494104e-001
6.440000000000100e+003	4.488765e-001
6.450000000000100e+003	4.483438e-001
6.460000000000100e+003	4.478123e-001
6.470000000000100e+003	4.472822e-001
6.480000000000100e+003	4.467533e-001
6.490000000000100e+003	4.462256e-001
6.500000000000100e+003	4.456992e-001
6.510000000000100e+003	4.451739e-001
6.520000000000100e+003	4.446500e-001
6.530000000000100e+003	4.441273e-001
6.540000000000100e+003	4.436058e-001
6.550000000000100e+003	4.430855e-001
6.560000000000100e+003	4.425664e-001
6.570000000000100e+003	4.420485e-001
6.580000000000100e+003	4.415319e-001
6.590000000000100e+003	4.410165e-001
6.600000000000100e+003	4.405022e-001
6.610000000000100e+003	4.399891e-001
6.620000000000100e+003	4.394773e-001
6.630000000000100e+003	4.389666e-001
6.640000000000100e+003	4.384571e-001
6.650000000000100e+003	4.379488e-001
6.660000000000100e+003	4.374416e-001
6.670000000000100e+003	4.369356e-001
6.680000000000100e+003	4.364309e-001
6.690000000000100e+003	4.359272e-001
6.700000000000100e+003	4.354247e-001
6.710000000000100e+003	4.349233e-001
6.720000000000100e+003	4.344232e-001
6.730000000000100e+003	4.339242e-001
6.740000000000100e+003	4.334263e-001
6.750000000000100e+003	4.329295e-001
6.760000000000100e+003	4.324339e-001
6.770000000000100e+003	4.319394e-001
6.780000000000100e+003	4.314460e-001
6.790000000000100e+003	4.309538e-001
6.800000000000100e+003	4.304626e-001
6.810000000000100e+003	4.299726e-001
6.820000000000100e+003	4.294837e-001
6.830000000000100e+003	4.289959e-001
6.840000000000100e+003	4.285092e-001
6.850000000000100e+003	4.280236e-001
6.860000000000100e+003	4.275391e-001
6.870000000000100e+003	4.270557e-001
6.880000000000100e+003	4.265734e-001
6.890000000000100e+003	4.260922e-001
6.900000000000100e+003	4.256120e-001
6.910000000000100e+003	4.251330e-001
6.920000000000100e+003	4.246549e-001
6.930000000000100e+003	4.241780e-001
6.940000000000100e+003	4.237022e-001
6.950000000000100e+003	4.232274e-001
6.960000000000100e+003	4.227536e-001
6.970000000000100e+003	4.222809e-001
6.980000000000100e+003	4.218093e-001
6.990000000000100e+003	4.213387e-001
7.000000000000100e+003	4.208692e-001
7.010000000000100e+003	4.204007e-001
7.020000000000100e+003	4.199333e-001
7.030000000000100e+003	4.194669e-001
7.040000000000100e+003	4.190015e-001
7.050000000000100e+003	4.185371e-001
7.060000000000100e+003	4.180738e-001
7.070000000000100e+003	4.176115e-001
7.080000000000100e+003	4.171502e-001
7.090000000000100e+003	4.166899e-001
7.100000000000100e+003	4.162306e-001
7.110000000000100e+003	4.157724e-001
7.120000000000100e+003	4.153152e-001
7.130000000000100e+003	4.148589e-001
7.140000000000100e+003	4.144036e-001
7.150000000000100e+003	4.139494e-001
7.160000000000100e+003	4.134961e-001
7.170000000000100e+003	4.130438e-001
7.180000000000100e+003	4.125926e-001
7.190000000000100e+003	4.121422e-001
7.200000000000100e+003	4.116929e-001
7.210000000000100e+003	4.112445e-001
7.220000000000100e+003	4.107971e-001
7.230000000000100e+003	4.103507e-001
7.240000000000100e+003	4.099053e-001
7.250000000000100e+003	4.094608e-001
7.260000000000100e+003	4.090173e-001
7.270000000000100e+003	4.085747e-001
7.280000000000100e+003	4.081331e-001
7.290000000000100e+003	4.076925e-001
7.300000000000100e+003	4.072527e-001
7.310000000000100e+003	4.068140e-001
7.320000000000100e+003	4.063762e-001
7.330000000000100e+003	4.059393e-001
7.340000000000100e+003	4.055033e-001
7.350000000000100e+003	4.050683e-001
7.360000000000100e+003	4.046342e-001
7.370000000000100e+003	4.042010e-001
7.380000000000100e+003	4.037687e-001
7.390000000000100e+003	4.033374e-001
7.400000000000100e+003	4.029070e-001
7.410000000000100e+003	4.024776e-001
7.420000000000100e+003	4.020490e-001
7.430000000000100e+003	4.016212e-001
7.440000000000100e+003	4.011945e-001
7.450000000000100e+003	4.007687e-001
7.460000000000100e+003	4.003437e-001
7.470000000000100e+003	3.999196e-001
7.480000000000100e+003	3.994965e-001
7.490000000000100e+003	3.990742e-001
7.500000000000100e+003	3.986529e-001
7.510000000000100e+003	3.982323e-001
7.520000000000100e+003	3.978127e-001
7.530000000000100e+003	3.973940e-001
7.540000000000100e+003	3.969761e-001
7.550000000000100e+003	3.965591e-001
7.560000000000100e+003	3.961430e-001
7.570000000000100e+003	3.957278e-001
7.580000000000100e+003	3.953134e-001
7.590000000000100e+003	3.948999e-001
7.600000000000100e+003	3.944872e-001
7.610000000000100e+003	3.940754e-001
7.620000000000100e+003	3.936645e-001
7.630000000000100e+003	3.932544e-001
7.640000000000100e+003	3.928452e-001
7.650000000000100e+003	3.924368e-001
7.660000000000100e+003	3.920293e-001
7.670000000000100e+003	3.916226e-001
7.680000000000100e+003	3.912167e-001
7.690000000000100e+003	3.908117e-001
7.700000000000100e+003	3.904075e-001
7.710000000000100e+003	3.900042e-001
7.720000000000100e+003	3.896017e-001
7.730000000000100e+003	3.892000e-001
7.740000000000100e+003	3.887991e-001
7.750000000000100e+003	3.883990e-001
7.760000000000100e+003	3.879998e-001
7.770000000000100e+003	3.876014e-001
7.780000000000100e+003	3.872038e-001
7.790000000000100e+003	3.868070e-001
7.800000000000100e+003	3.864111e-001
7.810000000000100e+003	3.860160e-001
7.820000000000100e+003	3.856216e-001
7.830000000000100e+003	3.852279e-001
7.840000000000100e+003	3.848353e-001
7.850000000000100e+003	3.844433e-001
7.860000000000100e+003	3.840521e-001
7.870000000000100e+003	3.836618e-001
7.880000000000100e+003	3.832722e-001
7.890000000000100e+003	3.828834e-001
7.900000000000100e+003	3.824954e-001
7.910000000000100e+003	3.821082e-001
7.920000000000100e+003	3.817217e-001
7.930000000000100e+003	3.813360e-001
7.940000000000100e+003	3.809512e-001
7.950000000000100e+003	3.805670e-001
7.960000000000100e+003	3.801837e-001
7.970000000000100e+003	3.798011e-001
7.980000000000100e+003	3.794193e-001
7.990000000000100e+003	3.790382e-001
8.000000000000100e+003	3.786580e-001
8.010000000000100e+003	3.782785e-001
8.020000000000100e+003	3.778997e-001
8.030000000000100e+003	3.775217e-001
8.040000000000100e+003	3.771444e-001
8.050000000000100e+003	3.767679e-001
8.060000000000100e+003	3.763922e-001
8.070000000000100e+003	3.760171e-001
8.080000000000100e+003	3.756429e-001
8.090000000000100e+003	3.752693e-001
8.100000000000100e+003	3.748965e-001
8.110000000000100e+003	3.745245e-001
8.120000000000100e+003	3.741532e-001
8.130000000000100e+003	3.737826e-001
8.140000000000100e+003	3.734128e-001
8.150000000000100e+003	3.730436e-001
8.160000000000100e+003	3.726752e-001
8.170000000000100e+003	3.723076e-001
8.180000000000100e+003	3.719406e-001
8.190000000000100e+003	3.715744e-001
8.200000000000100e+003	3.712089e-001
8.210000000000100e+003	3.708441e-001
8.220000000000100e+003	3.704800e-001
8.230000000000100e+003	3.701167e-001
8.240000000000100e+003	3.697539e-001
8.250000000000100e+003	3.693920e-001
8.260000000000100e+003	3.690308e-001
8.270000000000100e+003	3.686702e-001
8.280000000000100e+003	3.683104e-001
8.290000000000100e+003	3.679513e-001
8.300000000000100e+003	3.675928e-001
8.310000000000100e+003	3.672351e-001
8.320000000000100e+003	3.668780e-001
8.330000000000100e+003	3.665217e-001
8.340000000000100e+003	3.661660e-001
8.350000000000100e+003	3.658110e-001
8.360000000000100e+003	3.654567e-001
8.370000000000100e+003	3.651031e-001
8.380000000000100e+003	3.647501e-001
8.390000000000100e+003	3.643979e-001
8.400000000000100e+003	3.640463e-001
8.410000000000100e+003	3.636954e-001
8.420000000000100e+003	3.633452e-001
8.430000000000100e+003	3.629956e-001
8.440000000000100e+003	3.626467e-001
8.450000000000100e+003	3.622985e-001
8.460000000000100e+003	3.619509e-001
8.470000000000100e+003	3.616040e-001
8.480000000000100e+003	3.612578e-001
8.490000000000100e+003	3.609122e-001
8.500000000000100e+003	3.605673e-001
8.510000000000100e+003	3.602231e-001
8.520000000000100e+003	3.598795e-001
8.530000000000100e+003	3.595365e-001
8.540000000000100e+003	3.591942e-001
8.550000000000100e+003	3.588525e-001
8.560000000000100e+003	3.585116e-001
8.570000000000100e+003	3.581712e-001
8.580000000000100e+003	3.578315e-001
8.590000000000100e+003	3.574924e-001
8.600000000000100e+003	3.571540e-001
8.610000000000100e+003	3.568161e-001
8.620000000000100e+003	3.564790e-001
8.630000000000100e+003	3.561425e-001
8.640000000000100e+003	3.558066e-001
8.650000000000100e+003	3.554713e-001
8.660000000000100e+003	3.551367e-001
8.670000000000100e+003	3.548027e-001
8.680000000000100e+003	3.544693e-001
8.690000000000100e+003	3.541365e-001
8.700000000000100e+003	3.538044e-001
8.710000000000100e+003	3.534729e-001
8.720000000000100e+003	3.531420e-001
8.730000000000100e+003	3.528118e-001
8.740000000000100e+003	3.524821e-001
8.750000000000100e+003	3.521530e-001
8.760000000000100e+003	3.518246e-001
8.770000000000100e+003	3.514967e-001
8.780000000000100e+003	3.511695e-001
8.790000000000100e+003	3.508429e-001
8.800000000000100e+003	3.505169e-001
8.810000000000100e+003	3.501915e-001
8.820000000000100e+003	3.498667e-001
8.830000000000100e+003	3.495425e-001
8.840000000000100e+003	3.492189e-001
8.850000000000100e+003	3.488959e-001
8.860000000000100e+003	3.485735e-001
8.870000000000100e+003	3.482516e-001
8.880000000000100e+003	3.479304e-001
8.890000000000100e+003	3.476098e-001
8.900000000000100e+003	3.472897e-001
8.910000000000100e+003	3.469703e-001
8.920000000000100e+003	3.466514e-001
8.930000000000100e+003	3.463331e-001
8.940000000000100e+003	3.460154e-001
8.950000000000100e+003	3.456982e-001
8.960000000000100e+003	3.453817e-001
8.970000000000100e+003	3.450657e-001
8.980000000000100e+003	3.447503e-001
8.990000000000100e+003	3.444355e-001
9.000000000000100e+003	3.441212e-001
9.010000000000100e+003	3.438075e-001
9.020000000000100e+003	3.434944e-001
9.030000000000100e+003	3.431818e-001
9.040000000000100e+003	3.428698e-001
9.050000000000100e+003	3.425584e-001
9.060000000000100e+003	3.422476e-001
9.070000000000100e+003	3.419373e-001
9.080000000000100e+003	3.416275e-001
9.090000000000100e+003	3.413184e-001
9.100000000000100e+003	3.410098e-001
9.110000000000100e+003	3.407017e-001
9.120000000000100e+003	3.403942e-001
9.130000000000100e+003	3.400872e-001
9.140000000000100e+003	3.397808e-001
9.150000000000100e+003	3.394750e-001
9.160000000000100e+003	3.391697e-001
9.170000000000100e+003	3.388649e-001
9.180000000000100e+003	3.385607e-001
9.190000000000100e+003	3.382570e-001
9.200000000000100e+003	3.379539e-001
9.210000000000100e+003	3.376513e-001
9.220000000000100e+003	3.373492e-001
9.230000000000100e+003	3.370477e-001
9.240000000000100e+003	3.367468e-001
9.250000000000100e+003	3.364463e-001
9.260000000000100e+003	3.361464e-001
9.270000000000100e+003	3.358470e-001
9.280000000000100e+003	3.355482e-001
9.290000000000100e+003	3.352499e-001
9.300000000000100e+003	3.349521e-001
9.310000000000100e+003	3.346548e-001
9.320000000000100e+003	3.343581e-001
9.330000000000100e+003	3.340619e-001
9.340000000000100e+003	3.337662e-001
9.350000000000100e+003	3.334710e-001
9.360000000000100e+003	3.331764e-001
9.370000000000100e+003	3.328822e-001
9.380000000000100e+003	3.325886e-001
9.390000000000100e+003	3.322955e-001
9.400000000000100e+003	3.320029e-001
9.410000000000100e+003	3.317109e-001
9.420000000000100e+003	3.314193e-001
9.430000000000100e+003	3.311283e-001
9.440000000000100e+003	3.308377e-001
9.450000000000100e+003	3.305477e-001
9.460000000000100e+003	3.302582e-001
9.470000000000100e+003	3.299691e-001
9.480000000000100e+003	3.296806e-001
9.490000000000100e+003	3.293926e-001
9.500000000000100e+003	3.291051e-001
9.510000000000100e+003	3.288180e-001
9.520000000000100e+003	3.285316e-001
9.530000000000100e+003	3.282456e-001
9.540000000000100e+003	3.279600e-001
9.550000000000100e+003	3.276750e-001
9.560000000000100e+003	3.273905e-001
9.570000000000100e+003	3.271064e-001
9.580000000000100e+003	3.268228e-001
9.590000000000100e+003	3.265398e-001
9.600000000000100e+003	3.262571e-001
9.610000000000100e+003	3.259751e-001
9.620000000000100e+003	3.256935e-001
9.630000000000100e+003	3.254124e-001
9.640000000000100e+003	3.251318e-001
9.650000000000100e+003	3.248516e-001
9.660000000000100e+003	3.245719e-001
9.670000000000100e+003	3.242927e-001
9.680000000000100e+003	3.240140e-001
9.690000000000100e+003	3.237358e-001
9.700000000000100e+003	3.234580e-001
9.710000000000100e+003	3.231807e-001
9.720000000000100e+003	3.229039e-001
9.730000000000100e+003	3.226275e-001
9.740000000000100e+003	3.223517e-001
9.750000000000100e+003	3.220763e-001
9.760000000000100e+003	3.218013e-001
9.770000000000100e+003	3.215269e-001
9.780000000000100e+003	3.212529e-001
9.790000000000100e+003	3.209793e-001
9.800000000000100e+003	3.207062e-001
9.810000000000100e+003	3.204336e-001
9.820000000000100e+003	3.201615e-001
9.830000000000100e+003	3.198898e-001
9.840000000000100e+003	3.196186e-001
9.850000000000100e+003	3.193478e-001
9.860000000000100e+003	3.190774e-001
9.870000000000100e+003	3.188076e-001
9.880000000000100e+003	3.185382e-001
9.890000000000100e+003	3.182692e-001
9.900000000000100e+003	3.180007e-001
9.910000000000100e+003	3.177327e-001
9.920000000000100e+003	3.174651e-001
9.930000000000100e+003	3.171978e-001
9.940000000000100e+003	3.169312e-001
9.950000000000100e+003	3.166650e-001
9.960000000000100e+003	3.163991e-001
9.970000000000100e+003	3.161338e-001
9.980000000000100e+003	3.158688e-001
9.990000000000100e+003	3.156044e-001
1.000000000000010e+004	3.153403e-001
1.001000000000010e+004	3.150766e-001
1.002000000000010e+004	3.148135e-001
1.003000000000010e+004	3.145508e-001
1.004000000000010e+004	3.142885e-001
1.005000000000010e+004	3.140266e-001
1.006000000000010e+004	3.137652e-001
1.007000000000010e+004	3.135041e-001
1.008000000000010e+004	3.132437e-001
1.009000000000010e+004	3.129835e-001
1.010000000000010e+004	3.127238e-001
1.011000000000010e+004	3.124645e-001
1.012000000000010e+004	3.122057e-001
1.013000000000010e+004	3.119473e-001
1.014000000000010e+004	3.116893e-001
1.015000000000010e+004	3.114317e-001
1.016000000000010e+004	3.111746e-001
1.017000000000010e+004	3.109179e-001
1.018000000000010e+004	3.106616e-001
1.019000000000010e+004	3.104057e-001
1.020000000000010e+004	3.101502e-001
1.021000000000010e+004	3.098952e-001
1.022000000000010e+004	3.096406e-001
1.023000000000010e+004	3.093864e-001
1.024000000000010e+004	3.091326e-001
1.025000000000010e+004	3.088792e-001
1.026000000000010e+004	3.086262e-001
1.027000000000010e+004	3.083737e-001
1.028000000000010e+004	3.081216e-001
1.029000000000010e+004	3.078698e-001
1.030000000000010e+004	3.076185e-001
1.031000000000010e+004	3.073677e-001
1.032000000000010e+004	3.071171e-001
1.033000000000010e+004	3.068670e-001
1.034000000000010e+004	3.066173e-001
1.035000000000010e+004	3.063681e-001
1.036000000000010e+004	3.061192e-001
1.037000000000010e+004	3.058707e-001
1.038000000000010e+004	3.056226e-001
1.039000000000010e+004	3.053749e-001
1.040000000000010e+004	3.051277e-001
1.041000000000010e+004	3.048807e-001
1.042000000000010e+004	3.046343e-001
1.043000000000010e+004	3.043882e-001
1.044000000000010e+004	3.041425e-001
1.045000000000010e+004	3.038972e-001
1.046000000000010e+004	3.036523e-001
1.047000000000010e+004	3.034078e-001
1.048000000000010e+004	3.031637e-001
1.049000000000010e+004	3.029200e-001
1.050000000000010e+004	3.026766e-001
1.051000000000010e+004	3.024336e-001
1.052000000000010e+004	3.021911e-001
1.053000000000010e+004	3.019490e-001
1.054000000000010e+004	3.017072e-001
1.055000000000010e+004	3.014657e-001
1.056000000000010e+004	3.012248e-001
1.057000000000010e+004	3.009841e-001
1.058000000000010e+004	3.007438e-001
1.059000000000010e+004	3.005039e-001
1.060000000000010e+004	3.002645e-001
1.061000000000010e+004	3.000254e-001
1.062000000000010e+004	2.997866e-001
1.063000000000010e+004	2.995483e-001
1.064000000000010e+004	2.993104e-001
1.065000000000010e+004	2.990727e-001
1.066000000000010e+004	2.988355e-001
1.067000000000010e+004	2.985987e-001
1.068000000000010e+004	2.983622e-001
1.069000000000010e+004	2.981261e-001
1.070000000000010e+004	2.978904e-001
1.071000000000010e+004	2.976550e-001
1.072000000000010e+004	2.974201e-001
1.073000000000010e+004	2.971854e-001
1.074000000000010e+004	2.969511e-001
1.075000000000010e+004	2.967173e-001
1.076000000000010e+004	2.964838e-001
1.077000000000010e+004	2.962506e-001
1.078000000000010e+004	2.960178e-001
1.079000000000010e+004	2.957854e-001
1.080000000000010e+004	2.955533e-001
1.081000000000010e+004	2.953216e-001
1.082000000000010e+004	2.950903e-001
1.083000000000010e+004	2.948593e-001
1.084000000000010e+004	2.946286e-001
1.085000000000010e+004	2.943984e-001
1.086000000000010e+004	2.941685e-001
1.087000000000010e+004	2.939390e-001
1.088000000000010e+004	2.937098e-001
1.089000000000010e+004	2.934810e-001
1.090000000000010e+004	2.932525e-001
1.091000000000010e+004	2.930244e-001
1.092000000000010e+004	2.927966e-001
1.093000000000010e+004	2.925691e-001
1.094000000000010e+004	2.923421e-001
1.095000000000010e+004	2.921154e-001
1.096000000000010e+004	2.918890e-001
1.097000000000010e+004	2.916630e-001
1.098000000000010e+004	2.914374e-001
1.099000000000010e+004	2.912121e-001
1.100000000000010e+004	2.909870e-001
1.101000000000010e+004	2.907625e-001
1.102000000000010e+004	2.905382e-001
1.103000000000010e+004	2.903143e-001
1.104000000000010e+004	2.900906e-001
1.105000000000010e+004	2.898674e-001
1.106000000000010e+004	2.896444e-001
1.107000000000010e+004	2.894219e-001
1.108000000000010e+004	2.891997e-001
1.109000000000010e+004	2.889778e-001
1.110000000000010e+004	2.887562e-001
1.111000000000010e+004	2.885350e-001
1.112000000000010e+004	2.883141e-001
1.113000000000010e+004	2.880936e-001
1.114000000000010e+004	2.878733e-001
1.115000000000010e+004	2.876535e-001
1.116000000000010e+004	2.874340e-001
1.117000000000010e+004	2.872148e-001
1.118000000000010e+004	2.869959e-001
1.119000000000010e+004	2.867774e-001
1.120000000000010e+004	2.865592e-001
1.121000000000010e+004	2.863413e-001
1.122000000000010e+004	2.861238e-001
1.123000000000010e+004	2.859065e-001
1.124000000000010e+004	2.856897e-001
1.125000000000010e+004	2.854731e-001
1.126000000000010e+004	2.852569e-001
1.127000000000010e+004	2.850409e-001
1.128000000000010e+004	2.848254e-001
1.129000000000010e+004	2.846101e-001
1.130000000000010e+004	2.843952e-001
1.131000000000010e+004	2.841806e-001
1.132000000000010e+004	2.839663e-001
1.133000000000010e+004	2.837524e-001
1.134000000000010e+004	2.835387e-001
1.135000000000010e+004	2.833254e-001
1.136000000000010e+004	2.831124e-001
1.137000000000010e+004	2.828997e-001
1.138000000000010e+004	2.826873e-001
1.139000000000010e+004	2.824752e-001
1.140000000000010e+004	2.822635e-001
1.141000000000010e+004	2.820521e-001
1.142000000000010e+004	2.818410e-001
1.143000000000010e+004	2.816302e-001
1.144000000000010e+004	2.814197e-001
1.145000000000010e+004	2.812095e-001
1.146000000000010e+004	2.809996e-001
1.147000000000010e+004	2.807902e-001
1.148000000000010e+004	2.805809e-001
1.149000000000010e+004	2.803720e-001
1.150000000000010e+004	2.801634e-001
1.151000000000010e+004	2.799551e-001
1.152000000000010e+004	2.797470e-001
1.153000000000010e+004	2.795394e-001
1.154000000000010e+004	2.793321e-001
1.155000000000010e+004	2.791249e-001
1.156000000000010e+004	2.789182e-001
1.157000000000010e+004	2.787117e-001
1.158000000000010e+004	2.785056e-001
1.159000000000010e+004	2.782997e-001
1.160000000000010e+004	2.780941e-001
1.161000000000010e+004	2.778889e-001
1.162000000000010e+004	2.776840e-001
1.163000000000010e+004	2.774793e-001
1.164000000000010e+004	2.772749e-001
1.165000000000010e+004	2.770709e-001
1.166000000000010e+004	2.768672e-001
1.167000000000010e+004	2.766637e-001
1.168000000000010e+004	2.764605e-001
1.169000000000010e+004	2.762576e-001
1.170000000000010e+004	2.760551e-001
1.171000000000010e+004	2.758529e-001
1.172000000000010e+004	2.756508e-001
1.173000000000010e+004	2.754492e-001
1.174000000000010e+004	2.752478e-001
1.175000000000010e+004	2.750467e-001
1.176000000000010e+004	2.748458e-001
1.177000000000010e+004	2.746453e-001
1.178000000000010e+004	2.744452e-001
1.179000000000010e+004	2.742453e-001
1.180000000000010e+004	2.740455e-001
1.181000000000010e+004	2.738463e-001
1.182000000000010e+004	2.736472e-001
1.183000000000010e+004	2.734484e-001
1.184000000000010e+004	2.732500e-001
1.185000000000010e+004	2.730518e-001
1.186000000000010e+004	2.728539e-001
1.187000000000010e+004	2.726562e-001
1.188000000000010e+004	2.724589e-001
1.189000000000010e+004	2.722618e-001
1.190000000000010e+004	2.720651e-001
1.191000000000010e+004	2.718686e-001
1.192000000000010e+004	2.716724e-001
1.193000000000010e+004	2.714764e-001
1.194000000000010e+004	2.712807e-001
1.195000000000010e+004	2.710854e-001
1.196000000000010e+004	2.708903e-001
1.197000000000010e+004	2.706955e-001
1.198000000000010e+004	2.705009e-001
1.199000000000010e+004	2.703067e-001
1.200000000000010e+004	2.701128e-001
1.201000000000010e+004	2.699191e-001
1.202000000000010e+004	2.697257e-001
1.203000000000010e+004	2.695325e-001
1.204000000000010e+004	2.693397e-001
1.205000000000010e+004	2.691470e-001
1.206000000000010e+004	2.689547e-001
1.207000000000010e+004	2.687627e-001
1.208000000000010e+004	2.685709e-001
1.209000000000010e+004	2.683794e-001
1.210000000000010e+004	2.681882e-001
1.211000000000010e+004	2.679972e-001
1.212000000000010e+004	2.678066e-001
1.213000000000010e+004	2.676161e-001
1.214000000000010e+004	2.674260e-001
1.215000000000010e+004	2.672361e-001
1.216000000000010e+004	2.670465e-001
1.217000000000010e+004	2.668571e-001
1.218000000000010e+004	2.666680e-001
1.219000000000010e+004	2.664793e-001
1.220000000000010e+004	2.662907e-001
1.221000000000010e+004	2.661024e-001
1.222000000000010e+004	2.659144e-001
1.223000000000010e+004	2.657267e-001
1.224000000000010e+004	2.655392e-001
1.225000000000010e+004	2.653520e-001
1.226000000000010e+004	2.651650e-001
1.227000000000010e+004	2.649783e-001
1.228000000000010e+004	2.647918e-001
1.229000000000010e+004	2.646057e-001
1.230000000000010e+004	2.644197e-001
1.231000000000010e+004	2.642341e-001
1.232000000000010e+004	2.640487e-001
1.233000000000010e+004	2.638635e-001
1.234000000000010e+004	2.636787e-001
1.235000000000010e+004	2.634940e-001
1.236000000000010e+004	2.633097e-001
1.237000000000010e+004	2.631256e-001
1.238000000000010e+004	2.629417e-001
1.239000000000010e+004	2.627581e-001
1.240000000000010e+004	2.625747e-001
1.241000000000010e+004	2.623917e-001
1.242000000000010e+004	2.622089e-001
1.243000000000010e+004	2.620263e-001
1.244000000000010e+004	2.618439e-001
1.245000000000010e+004	2.616618e-001
1.246000000000010e+004	2.614800e-001
1.247000000000010e+004	2.612985e-001
1.248000000000010e+004	2.611172e-001
1.249000000000010e+004	2.609361e-001
1.250000000000010e+004	2.607553e-001
1.251000000000010e+004	2.605747e-001
1.252000000000010e+004	2.603944e-001
1.253000000000010e+004	2.602143e-001
1.254000000000010e+004	2.600345e-001
1.255000000000010e+004	2.598549e-001
1.256000000000010e+004	2.596755e-001
1.257000000000010e+004	2.594964e-001
1.258000000000010e+004	2.593177e-001
1.259000000000010e+004	2.591389e-001
1.260000000000010e+004	2.589607e-001
1.261000000000010e+004	2.587826e-001
1.262000000000010e+004	2.586047e-001
1.263000000000010e+004	2.584272e-001
1.264000000000010e+004	2.582496e-001
1.265000000000010e+004	2.580725e-001
1.266000000000010e+004	2.578957e-001
1.267000000000010e+004	2.577191e-001
1.268000000000010e+004	2.575426e-001
1.269000000000010e+004	2.573665e-001
1.270000000000010e+004	2.571905e-001
1.271000000000010e+004	2.570149e-001
1.272000000000010e+004	2.568394e-001
1.273000000000010e+004	2.566641e-001
1.274000000000010e+004	2.564892e-001
1.275000000000010e+004	2.563145e-001
1.276000000000010e+004	2.561400e-001
1.277000000000010e+004	2.559657e-001
1.278000000000010e+004	2.557917e-001
1.279000000000010e+004	2.556178e-001
1.280000000000010e+004	2.554443e-001
1.281000000000010e+004	2.552710e-001
1.282000000000010e+004	2.550978e-001
1.283000000000010e+004	2.549250e-001
1.284000000000010e+004	2.547524e-001
1.285000000000010e+004	2.545800e-001
1.286000000000010e+004	2.544078e-001
1.287000000000010e+004	2.542359e-001
1.288000000000010e+004	2.540641e-001
1.289000000000010e+004	2.538927e-001
1.290000000000010e+004	2.537215e-001
1.291000000000010e+004	2.535505e-001
1.292000000000010e+004	2.533797e-001
1.293000000000010e+004	2.532091e-001
1.294000000000010e+004	2.530388e-001
1.295000000000010e+004	2.528687e-001
1.296000000000010e+004	2.526988e-001
1.297000000000010e+004	2.525292e-001
1.298000000000010e+004	2.523598e-001
1.299000000000010e+004	2.521906e-001
1.300000000000010e+004	2.520216e-001
1.301000000000010e+004	2.518529e-001
1.302000000000010e+004	2.516844e-001
1.303000000000010e+004	2.515161e-001
1.304000000000010e+004	2.513480e-001
1.305000000000010e+004	2.511802e-001
1.306000000000010e+004	2.510126e-001
1.307000000000010e+004	2.508452e-001
1.308000000000010e+004	2.506780e-001
1.309000000000010e+004	2.505111e-001
1.310000000000010e+004	2.503442e-001
1.311000000000010e+004	2.501778e-001
1.312000000000010e+004	2.500115e-001
1.313000000000010e+004	2.498454e-001
1.314000000000010e+004	2.496796e-001
1.315000000000010e+004	2.495139e-001
1.316000000000010e+004	2.493485e-001
1.317000000000010e+004	2.491832e-001
1.318000000000010e+004	2.490182e-001
1.319000000000010e+004	2.488535e-001
1.320000000000010e+004	2.486890e-001
1.321000000000010e+004	2.485246e-001
1.322000000000010e+004	2.483605e-001
1.323000000000010e+004	2.481966e-001
1.324000000000010e+004	2.480330e-001
1.325000000000010e+004	2.478694e-001
1.326000000000010e+004	2.477062e-001
1.327000000000010e+004	2.475432e-001
1.328000000000010e+004	2.473804e-001
1.329000000000010e+004	2.472178e-001
1.330000000000010e+004	2.470554e-001
1.331000000000010e+004	2.468932e-001
1.332000000000010e+004	2.467313e-001
1.333000000000010e+004	2.465695e-001
1.334000000000010e+004	2.464079e-001
1.335000000000010e+004	2.462466e-001
1.336000000000010e+004	2.460855e-001
1.337000000000010e+004	2.459245e-001
1.338000000000010e+004	2.457638e-001
1.339000000000010e+004	2.456033e-001
1.340000000000010e+004	2.454430e-001
1.341000000000010e+004	2.452829e-001
1.342000000000010e+004	2.451230e-001
1.343000000000010e+004	2.449634e-001
1.344000000000010e+004	2.448039e-001
1.345000000000010e+004	2.446446e-001
1.346000000000010e+004	2.444856e-001
1.347000000000010e+004	2.443267e-001
1.348000000000010e+004	2.441681e-001
1.349000000000010e+004	2.440096e-001
1.350000000000010e+004	2.438514e-001
1.351000000000010e+004	2.436934e-001
1.352000000000010e+004	2.435355e-001
1.353000000000010e+004	2.433779e-001
1.354000000000010e+004	2.432205e-001
1.355000000000010e+004	2.430633e-001
1.356000000000010e+004	2.429063e-001
1.357000000000010e+004	2.427495e-001
1.358000000000010e+004	2.425928e-001
1.359000000000010e+004	2.424364e-001
1.360000000000010e+004	2.422802e-001
1.361000000000010e+004	2.421242e-001
1.362000000000010e+004	2.419684e-001
1.363000000000010e+004	2.418128e-001
1.364000000000010e+004	2.416574e-001
1.365000000000010e+004	2.415021e-001
1.366000000000010e+004	2.413471e-001
1.367000000000010e+004	2.411923e-001
1.368000000000010e+004	2.410377e-001
1.369000000000010e+004	2.408833e-001
1.370000000000010e+004	2.407290e-001
1.371000000000010e+004	2.405750e-001
1.372000000000010e+004	2.404212e-001
1.373000000000010e+004	2.402675e-001
1.374000000000010e+004	2.401141e-001
1.375000000000010e+004	2.399608e-001
1.376000000000010e+004	2.398078e-001
1.377000000000010e+004	2.396549e-001
1.378000000000010e+004	2.395022e-001
1.379000000000010e+004	2.393498e-001
1.380000000000010e+004	2.391975e-001
1.381000000000010e+004	2.390454e-001
1.382000000000010e+004	2.388935e-001
1.383000000000010e+004	2.387418e-001
1.384000000000010e+004	2.385903e-001
1.385000000000010e+004	2.384389e-001
1.386000000000010e+004	2.382878e-001
1.387000000000010e+004	2.381369e-001
1.388000000000010e+004	2.379861e-001
1.389000000000010e+004	2.378356e-001
1.390000000000010e+004	2.376852e-001
1.391000000000010e+004	2.375350e-001
1.392000000000010e+004	2.373850e-001
1.393000000000010e+004	2.372352e-001
1.394000000000010e+004	2.370856e-001
1.395000000000010e+004	2.369362e-001
1.396000000000010e+004	2.367869e-001
1.397000000000010e+004	2.366379e-001
1.398000000000010e+004	2.364890e-001
1.399000000000010e+004	2.363403e-001
1.400000000000010e+004	2.361918e-001
1.401000000000010e+004	2.360435e-001
1.402000000000010e+004	2.358954e-001
1.403000000000010e+004	2.357474e-001
1.404000000000010e+004	2.355997e-001
1.405000000000010e+004	2.354521e-001
1.406000000000010e+004	2.353047e-001
1.407000000000010e+004	2.351575e-001
1.408000000000010e+004	2.350105e-001
1.409000000000010e+004	2.348636e-001
1.410000000000010e+004	2.347170e-001
1.411000000000010e+004	2.345705e-001
1.412000000000010e+004	2.344242e-001
1.413000000000010e+004	2.342781e-001
1.414000000000010e+004	2.341322e-001
1.415000000000010e+004	2.339864e-001
1.416000000000010e+004	2.338555e-001
1.417000000000010e+004	2.336954e-001
1.418000000000010e+004	2.335502e-001
1.419000000000010e+004	2.334052e-001
1.420000000000010e+004	2.332603e-001
1.421000000000010e+004	2.331157e-001
1.422000000000010e+004	2.329712e-001
1.423000000000010e+004	2.328269e-001
1.424000000000010e+004	2.326827e-001
1.425000000000010e+004	2.325388e-001
1.426000000000010e+004	2.323950e-001
1.427000000000010e+004	2.322514e-001
1.428000000000010e+004	2.321079e-001
1.429000000000010e+004	2.319647e-001
1.430000000000010e+004	2.318216e-001
1.431000000000010e+004	2.316787e-001
1.432000000000010e+004	2.315360e-001
1.433000000000010e+004	2.313934e-001
1.434000000000010e+004	2.312510e-001
1.435000000000010e+004	2.311088e-001
1.436000000000010e+004	2.309668e-001
1.437000000000010e+004	2.308249e-001
1.438000000000010e+004	2.306833e-001
1.439000000000010e+004	2.305416e-001
1.440000000000010e+004	2.304003e-001
1.441000000000010e+004	2.302592e-001
1.442000000000010e+004	2.301182e-001
1.443000000000010e+004	2.299774e-001
1.444000000000010e+004	2.298367e-001
1.445000000000010e+004	2.296962e-001
1.446000000000010e+004	2.295559e-001
1.447000000000010e+004	2.294158e-001
1.448000000000010e+004	2.292758e-001
1.449000000000010e+004	2.291360e-001
1.450000000000010e+004	2.289964e-001
1.451000000000010e+004	2.288569e-001
1.452000000000010e+004	2.287175e-001
1.453000000000010e+004	2.285784e-001
1.454000000000010e+004	2.284396e-001
1.455000000000010e+004	2.283008e-001
1.456000000000010e+004	2.281621e-001
1.457000000000010e+004	2.280237e-001
1.458000000000010e+004	2.278854e-001
1.459000000000010e+004	2.277473e-001
1.460000000000010e+004	2.276093e-001
1.461000000000010e+004	2.274715e-001
1.462000000000010e+004	2.273338e-001
1.463000000000010e+004	2.271964e-001
1.464000000000010e+004	2.270591e-001
1.465000000000010e+004	2.269221e-001
1.466000000000010e+004	2.267851e-001
1.467000000000010e+004	2.266483e-001
1.468000000000010e+004	2.265115e-001
1.469000000000010e+004	2.263751e-001
1.470000000000010e+004	2.262389e-001
1.471000000000010e+004	2.261028e-001
1.472000000000010e+004	2.259667e-001
1.473000000000010e+004	2.258310e-001
1.474000000000010e+004	2.256953e-001
1.475000000000010e+004	2.255598e-001
1.476000000000010e+004	2.254243e-001
1.477000000000010e+004	2.252893e-001
1.478000000000010e+004	2.251543e-001
1.479000000000010e+004	2.250193e-001
1.480000000000010e+004	2.248847e-001
1.481000000000010e+004	2.247502e-001
1.482000000000010e+004	2.246159e-001
1.483000000000010e+004	2.244817e-001
1.484000000000010e+004	2.243475e-001
1.485000000000010e+004	2.242136e-001
1.486000000000010e+004	2.240798e-001
1.487000000000010e+004	2.239464e-001
1.488000000000010e+004	2.238130e-001
1.489000000000010e+004	2.236797e-001
1.490000000000010e+004	2.235466e-001
1.491000000000010e+004	2.234137e-001
1.492000000000010e+004	2.232809e-001
1.493000000000010e+004	2.231483e-001
1.494000000000010e+004	2.230158e-001
1.495000000000010e+004	2.228835e-001
1.496000000000010e+004	2.227513e-001
1.497000000000010e+004	2.226193e-001
1.498000000000010e+004	2.224875e-001
1.499000000000010e+004	2.223558e-001
1.500000000000010e+004	2.222243e-001
1.501000000000010e+004	2.220929e-001
1.502000000000010e+004	2.219617e-001
1.503000000000010e+004	2.218306e-001
1.504000000000010e+004	2.216996e-001
1.505000000000010e+004	2.215689e-001
1.506000000000010e+004	2.214383e-001
1.507000000000010e+004	2.213078e-001
1.508000000000010e+004	2.211775e-001
1.509000000000010e+004	2.210474e-001
1.510000000000010e+004	2.209173e-001
1.511000000000010e+004	2.207875e-001
1.512000000000010e+004	2.206578e-001
1.513000000000010e+004	2.205283e-001
1.514000000000010e+004	2.203987e-001
1.515000000000010e+004	2.202696e-001
1.516000000000010e+004	2.201405e-001
1.517000000000010e+004	2.200116e-001
1.518000000000010e+004	2.198827e-001
1.519000000000010e+004	2.197540e-001
1.520000000000010e+004	2.196256e-001
1.521000000000010e+004	2.194973e-001
1.522000000000010e+004	2.193691e-001
1.523000000000010e+004	2.192411e-001
1.524000000000010e+004	2.191131e-001
1.525000000000010e+004	2.189854e-001
1.526000000000010e+004	2.188578e-001
1.527000000000010e+004	2.187303e-001
1.528000000000010e+004	2.186030e-001
1.529000000000010e+004	2.184759e-001
1.530000000000010e+004	2.183489e-001
1.531000000000010e+004	2.182220e-001
1.532000000000010e+004	2.180953e-001
1.533000000000010e+004	2.179687e-001
1.534000000000010e+004	2.178423e-001
1.535000000000010e+004	2.177160e-001
1.536000000000010e+004	2.175899e-001
1.537000000000010e+004	2.174638e-001
1.538000000000010e+004	2.173380e-001
1.539000000000010e+004	2.172123e-001
1.540000000000010e+004	2.170867e-001
1.541000000000010e+004	2.169614e-001
1.542000000000010e+004	2.168361e-001
1.543000000000010e+004	2.167110e-001
1.544000000000010e+004	2.165860e-001
1.545000000000010e+004	2.164611e-001
1.546000000000010e+004	2.163364e-001
1.547000000000010e+004	2.162119e-001
1.548000000000010e+004	2.160875e-001
1.549000000000010e+004	2.159632e-001
1.550000000000010e+004	2.158391e-001
1.551000000000010e+004	2.157151e-001
1.552000000000010e+004	2.155913e-001
1.553000000000010e+004	2.154676e-001
1.554000000000010e+004	2.153440e-001
1.555000000000010e+004	2.152206e-001
1.556000000000010e+004	2.150973e-001
1.557000000000010e+004	2.149742e-001
1.558000000000010e+004	2.148512e-001
1.559000000000010e+004	2.147283e-001
1.560000000000010e+004	2.146056e-001
1.561000000000010e+004	2.144830e-001
1.562000000000010e+004	2.143606e-001
1.563000000000010e+004	2.142383e-001
1.564000000000010e+004	2.141161e-001
1.565000000000010e+004	2.139941e-001
1.566000000000010e+004	2.138722e-001
1.567000000000010e+004	2.137504e-001
1.568000000000010e+004	2.136288e-001
1.569000000000010e+004	2.135074e-001
1.570000000000010e+004	2.133860e-001
1.571000000000010e+004	2.132648e-001
1.572000000000010e+004	2.131438e-001
1.573000000000010e+004	2.130228e-001
1.574000000000010e+004	2.129020e-001
1.575000000000010e+004	2.127814e-001
1.576000000000010e+004	2.126609e-001
1.577000000000010e+004	2.125405e-001
1.578000000000010e+004	2.124202e-001
1.579000000000010e+004	2.123001e-001
1.580000000000010e+004	2.121801e-001
1.581000000000010e+004	2.120603e-001
1.582000000000010e+004	2.119406e-001
1.583000000000010e+004	2.118210e-001
1.584000000000010e+004	2.117016e-001
1.585000000000010e+004	2.115822e-001
1.586000000000010e+004	2.114631e-001
1.587000000000010e+004	2.113441e-001
1.588000000000010e+004	2.112252e-001
1.589000000000010e+004	2.111064e-001
1.590000000000010e+004	2.109878e-001
1.591000000000010e+004	2.108693e-001
1.592000000000010e+004	2.107509e-001
1.593000000000010e+004	2.106326e-001
1.594000000000010e+004	2.105145e-001
1.595000000000010e+004	2.103966e-001
1.596000000000010e+004	2.102787e-001
1.597000000000010e+004	2.101610e-001
1.598000000000010e+004	2.100434e-001
1.599000000000010e+004	2.099259e-001
1.600000000000010e+004	2.098086e-001
1.601000000000010e+004	2.096914e-001
1.602000000000010e+004	2.095744e-001
1.603000000000010e+004	2.094574e-001
1.604000000000010e+004	2.093406e-001
1.605000000000010e+004	2.092240e-001
1.606000000000010e+004	2.091074e-001
1.607000000000010e+004	2.089910e-001
1.608000000000010e+004	2.088747e-001
1.609000000000010e+004	2.087585e-001
1.610000000000010e+004	2.086425e-001
1.611000000000010e+004	2.085266e-001
1.612000000000010e+004	2.084108e-001
1.613000000000010e+004	2.082952e-001
1.614000000000010e+004	2.081797e-001
1.615000000000010e+004	2.080643e-001
1.616000000000010e+004	2.079490e-001
1.617000000000010e+004	2.078339e-001
1.618000000000010e+004	2.077189e-001
1.619000000000010e+004	2.076040e-001
1.620000000000010e+004	2.074892e-001
1.621000000000010e+004	2.073746e-001
1.622000000000010e+004	2.072600e-001
1.623000000000010e+004	2.071457e-001
1.624000000000010e+004	2.070314e-001
1.625000000000010e+004	2.069173e-001
1.626000000000010e+004	2.068033e-001
1.627000000000010e+004	2.066894e-001
1.628000000000010e+004	2.065757e-001
1.629000000000010e+004	2.064621e-001
1.630000000000010e+004	2.063485e-001
1.631000000000010e+004	2.062351e-001
1.632000000000010e+004	2.061219e-001
1.633000000000010e+004	2.060087e-001
1.634000000000010e+004	2.058957e-001
1.635000000000010e+004	2.057828e-001
1.636000000000010e+004	2.056701e-001
1.637000000000010e+004	2.055574e-001
1.638000000000010e+004	2.054449e-001
1.639000000000010e+004	2.053325e-001
1.640000000000010e+004	2.052202e-001
1.641000000000010e+004	2.051081e-001
1.642000000000010e+004	2.049960e-001
1.643000000000010e+004	2.048841e-001
1.644000000000010e+004	2.047723e-001
1.645000000000010e+004	2.046607e-001
1.646000000000010e+004	2.045491e-001
1.647000000000010e+004	2.044377e-001
1.648000000000010e+004	2.043264e-001
1.649000000000010e+004	2.042152e-001
1.650000000000010e+004	2.041041e-001
1.651000000000010e+004	2.039932e-001
1.652000000000010e+004	2.038824e-001
1.653000000000010e+004	2.037717e-001
1.654000000000010e+004	2.036610e-001
1.655000000000010e+004	2.035506e-001
1.656000000000010e+004	2.034402e-001
1.657000000000010e+004	2.033300e-001
1.658000000000010e+004	2.032199e-001
1.659000000000010e+004	2.031099e-001
1.660000000000010e+004	2.030000e-001
1.661000000000010e+004	2.028902e-001
1.662000000000010e+004	2.027806e-001
1.663000000000010e+004	2.026711e-001
1.664000000000010e+004	2.025617e-001
1.665000000000010e+004	2.024524e-001
1.666000000000010e+004	2.023433e-001
1.667000000000010e+004	2.022342e-001
1.668000000000010e+004	2.021252e-001
1.669000000000010e+004	2.020164e-001
1.670000000000010e+004	2.019077e-001
1.671000000000010e+004	2.017992e-001
1.672000000000010e+004	2.016907e-001
1.673000000000010e+004	2.015823e-001
1.674000000000010e+004	2.014741e-001
1.675000000000010e+004	2.013660e-001
1.676000000000010e+004	2.012580e-001
1.677000000000010e+004	2.011501e-001
1.678000000000010e+004	2.010423e-001
1.679000000000010e+004	2.009346e-001
1.680000000000010e+004	2.008271e-001
1.681000000000010e+004	2.007196e-001
1.682000000000010e+004	2.006123e-001
1.683000000000010e+004	2.005051e-001
1.684000000000010e+004	2.003980e-001
1.685000000000010e+004	2.002910e-001
1.686000000000010e+004	2.001842e-001
1.687000000000010e+004	2.000774e-001
1.688000000000010e+004	1.999708e-001
1.689000000000010e+004	1.998643e-001
1.690000000000010e+004	1.997578e-001
1.691000000000010e+004	1.996515e-001
1.692000000000010e+004	1.995454e-001
1.693000000000010e+004	1.994393e-001
1.694000000000010e+004	1.993333e-001
1.695000000000010e+004	1.992275e-001
1.696000000000010e+004	1.991217e-001
1.697000000000010e+004	1.990161e-001
1.698000000000010e+004	1.989106e-001
1.699000000000010e+004	1.988052e-001
1.700000000000010e+004	1.986999e-001
1.701000000000010e+004	1.985947e-001
1.702000000000010e+004	1.984896e-001
1.703000000000010e+004	1.983846e-001
1.704000000000010e+004	1.982798e-001
1.705000000000010e+004	1.981750e-001
1.706000000000010e+004	1.980704e-001
1.707000000000010e+004	1.979659e-001
1.708000000000010e+004	1.978615e-001
1.709000000000010e+004	1.977572e-001
1.710000000000010e+004	1.976530e-001
1.711000000000010e+004	1.975489e-001
1.712000000000010e+004	1.974449e-001
1.713000000000010e+004	1.973410e-001
1.714000000000010e+004	1.972373e-001
1.715000000000010e+004	1.971336e-001
1.716000000000010e+004	1.970301e-001
1.717000000000010e+004	1.969266e-001
1.718000000000010e+004	1.968233e-001
1.719000000000010e+004	1.967201e-001
1.720000000000010e+004	1.966170e-001
1.721000000000010e+004	1.965140e-001
1.722000000000010e+004	1.964111e-001
1.723000000000010e+004	1.963083e-001
1.724000000000010e+004	1.962056e-001
1.725000000000010e+004	1.961030e-001
1.726000000000010e+004	1.960005e-001
1.727000000000010e+004	1.958982e-001
1.728000000000010e+004	1.957959e-001
1.729000000000010e+004	1.956937e-001
1.730000000000010e+004	1.955917e-001
1.731000000000010e+004	1.954898e-001
1.732000000000010e+004	1.953879e-001
1.733000000000010e+004	1.952862e-001
1.734000000000010e+004	1.951846e-001
1.735000000000010e+004	1.950831e-001
1.736000000000010e+004	1.949816e-001
1.737000000000010e+004	1.948803e-001
1.738000000000010e+004	1.947791e-001
1.739000000000010e+004	1.946780e-001
1.740000000000010e+004	1.945770e-001
1.741000000000010e+004	1.944761e-001
1.742000000000010e+004	1.943753e-001
1.743000000000010e+004	1.942746e-001
1.744000000000010e+004	1.941741e-001
1.745000000000010e+004	1.940736e-001
1.746000000000010e+004	1.939732e-001
1.747000000000010e+004	1.938729e-001
1.748000000000010e+004	1.937728e-001
1.749000000000010e+004	1.936727e-001
1.750000000000010e+004	1.935727e-001
1.751000000000010e+004	1.934729e-001
1.752000000000010e+004	1.933731e-001
1.753000000000010e+004	1.932734e-001
1.754000000000010e+004	1.931739e-001
1.755000000000010e+004	1.930744e-001
1.756000000000010e+004	1.929751e-001
1.757000000000010e+004	1.928758e-001
1.758000000000010e+004	1.927767e-001
1.759000000000010e+004	1.926776e-001
1.760000000000010e+004	1.925787e-001
1.761000000000010e+004	1.924798e-001
1.762000000000010e+004	1.923811e-001
1.763000000000010e+004	1.922824e-001
1.764000000000010e+004	1.921839e-001
1.765000000000010e+004	1.920855e-001
1.766000000000010e+004	1.919871e-001
1.767000000000010e+004	1.918889e-001
1.768000000000010e+004	1.917907e-001
1.769000000000010e+004	1.916927e-001
1.770000000000010e+004	1.915947e-001
1.771000000000010e+004	1.914968e-001
1.772000000000010e+004	1.913991e-001
1.773000000000010e+004	1.913015e-001
1.774000000000010e+004	1.912039e-001
1.775000000000010e+004	1.911065e-001
1.776000000000010e+004	1.910091e-001
1.777000000000010e+004	1.909119e-001
1.778000000000010e+004	1.908147e-001
1.779000000000010e+004	1.907177e-001
1.780000000000010e+004	1.906207e-001
1.781000000000010e+004	1.905239e-001
1.782000000000010e+004	1.904271e-001
1.783000000000010e+004	1.903304e-001
1.784000000000010e+004	1.902339e-001
1.785000000000010e+004	1.901373e-001
1.786000000000010e+004	1.900410e-001
1.787000000000010e+004	1.899448e-001
1.788000000000010e+004	1.898486e-001
1.789000000000010e+004	1.897525e-001
1.790000000000010e+004	1.896565e-001
1.791000000000010e+004	1.895606e-001
1.792000000000010e+004	1.894647e-001
1.793000000000010e+004	1.893691e-001
1.794000000000010e+004	1.892734e-001
1.795000000000010e+004	1.891780e-001
1.796000000000010e+004	1.890826e-001
1.797000000000010e+004	1.889873e-001
1.798000000000010e+004	1.888920e-001
1.799000000000010e+004	1.887969e-001
1.800000000000000e+004	1.887019e-001
