time	V(vout)	-I(Rl)
0.000000000000000e+000	1.027415e+000	1.037689e-010
9.999999960041972e-012	1.027415e+000	1.037689e-010
1.999999992008394e-011	1.027415e+000	1.037689e-010
3.999999984016789e-011	1.027415e+000	1.037689e-010
7.999999968033578e-011	1.027415e+000	1.037689e-010
1.599999993606716e-010	1.027415e+000	1.037689e-010
3.199999987213431e-010	1.027415e+000	1.037689e-010
6.399999974426862e-010	1.027415e+000	1.037689e-010
1.279999994885372e-009	1.027415e+000	1.037689e-010
2.559999989770745e-009	1.027415e+000	1.037689e-010
5.119999979541490e-009	1.027415e+000	1.037689e-010
1.023999995908298e-008	1.027415e+000	1.037689e-010
2.047999991816596e-008	1.027415e+000	1.037689e-010
8.191999967266384e-008	1.027415e+000	1.037689e-010
1.638399993453277e-007	1.027415e+000	1.037689e-010
6.553599973813107e-007	1.027415e+000	1.037689e-010
1.310719994762621e-006	1.027415e+000	1.037689e-010
2.310719994762622e-006	1.027415e+000	1.037689e-010
3.310719994762621e-006	1.027415e+000	1.037689e-010
4.310719994762621e-006	1.027415e+000	1.037689e-010
7.310719994762622e-006	1.027415e+000	1.037689e-010
8.310719994762622e-006	1.027415e+000	1.037689e-010
9.310719994762621e-006	1.027415e+000	1.037689e-010
1.031071999476262e-005	1.027415e+000	1.037689e-010
1.131071999476262e-005	1.027415e+000	1.037689e-010
1.231071999476262e-005	1.027415e+000	1.037689e-010
1.331071999476262e-005	1.027415e+000	1.037689e-010
1.431071999476262e-005	1.027415e+000	1.037689e-010
1.531071999476262e-005	1.027415e+000	1.037689e-010
1.731071999476262e-005	1.027415e+000	1.037689e-010
2.031071999476262e-005	1.027415e+000	1.037689e-010
2.131071999476262e-005	1.027415e+000	1.037689e-010
2.231071999476262e-005	1.027415e+000	1.037689e-010
2.331071999476262e-005	1.027415e+000	1.037689e-010
2.431071999476262e-005	1.027415e+000	1.037689e-010
2.531071999476262e-005	1.027415e+000	1.037689e-010
2.631071999476262e-005	1.027415e+000	1.037689e-010
2.831071999476262e-005	1.027415e+000	1.037689e-010
2.902500570904833e-005	1.027415e+000	1.037689e-010
2.973929142333405e-005	1.027415e+000	1.037689e-010
3.045357713761976e-005	1.027415e+000	1.037689e-010
3.116786285190548e-005	1.027415e+000	1.037689e-010
3.188214856619119e-005	1.027415e+000	1.037689e-010
3.259643428047691e-005	1.027415e+000	1.037689e-010
3.331071999476262e-005	1.027415e+000	1.037689e-010
3.431071999476262e-005	1.027415e+000	1.037689e-010
3.531071999476262e-005	1.027415e+000	1.037689e-010
3.631071999476262e-005	1.027415e+000	1.037689e-010
3.731071999476262e-005	1.027415e+000	1.037689e-010
3.831071999476262e-005	1.027415e+000	1.037689e-010
4.031071999476262e-005	1.027415e+000	1.037689e-010
4.116786285190548e-005	1.027415e+000	1.037689e-010
4.202500570904834e-005	1.027415e+000	1.037689e-010
4.288214856619120e-005	1.027415e+000	1.037689e-010
4.373929142333406e-005	1.027415e+000	1.037689e-010
4.459643428047691e-005	1.027415e+000	1.037689e-010
4.545357713761977e-005	1.027415e+000	1.037689e-010
4.631071999476262e-005	1.027415e+000	1.037689e-010
4.731071999476262e-005	1.027415e+000	1.037689e-010
4.831071999476262e-005	1.027415e+000	1.037689e-010
5.031071999476262e-005	1.027415e+000	1.037689e-010
5.231071999476262e-005	1.027415e+000	1.037689e-010
5.316786285190548e-005	1.027415e+000	1.037689e-010
5.402500570904834e-005	1.027415e+000	1.037689e-010
5.488214856619120e-005	1.027415e+000	1.037689e-010
5.573929142333406e-005	1.027415e+000	1.037689e-010
5.659643428047691e-005	1.027415e+000	1.037689e-010
5.745357713761977e-005	1.027415e+000	1.037689e-010
5.831071999476262e-005	1.027415e+000	1.037689e-010
6.031071999476262e-005	1.027415e+000	1.037689e-010
6.231071999476263e-005	1.027415e+000	1.037689e-010
6.431071999476262e-005	1.027415e+000	1.037689e-010
6.531071999476262e-005	1.027415e+000	1.037689e-010
6.631071999476262e-005	1.027415e+000	1.037689e-010
6.731071999476263e-005	1.027415e+000	1.037689e-010
6.831071999476262e-005	1.027415e+000	1.037689e-010
6.931071999476262e-005	1.027415e+000	1.037689e-010
7.031071999476262e-005	1.027415e+000	1.037689e-010
7.131071999476262e-005	1.027415e+000	1.037689e-010
7.331071999476262e-005	1.027415e+000	1.037689e-010
7.531071999476262e-005	1.027415e+000	1.037689e-010
7.631071999476262e-005	1.027415e+000	1.037689e-010
7.731071999476263e-005	1.027415e+000	1.037689e-010
7.831071999476262e-005	1.027415e+000	1.037689e-010
7.931071999476262e-005	1.027415e+000	1.037689e-010
8.031071999476263e-005	1.027415e+000	1.037689e-010
8.131071999476263e-005	1.027415e+000	1.037689e-010
8.231071999476263e-005	1.027415e+000	1.037689e-010
8.431071999476262e-005	1.027415e+000	1.037689e-010
8.631071999476263e-005	1.027415e+000	1.037689e-010
8.931071999476262e-005	1.027415e+000	1.037689e-010
9.045357713761977e-005	1.027415e+000	1.037689e-010
9.159643428047690e-005	1.027415e+000	1.037689e-010
9.273929142333405e-005	1.027415e+000	1.037689e-010
9.388214856619119e-005	1.027415e+000	1.037689e-010
9.502500570904834e-005	1.027415e+000	1.037689e-010
9.616786285190549e-005	1.027415e+000	1.037689e-010
9.731071999476262e-005	1.027415e+000	1.037689e-010
1.003107199947626e-004	1.027415e+000	1.037689e-010
1.014535771376198e-004	1.027415e+000	1.037689e-010
1.025964342804769e-004	1.027415e+000	1.037689e-010
1.037392914233341e-004	1.027415e+000	1.037689e-010
1.048821485661912e-004	1.027415e+000	1.037689e-010
1.060250057090483e-004	1.027415e+000	1.037689e-010
1.071678628519055e-004	1.027415e+000	1.037689e-010
1.083107199947626e-004	1.027415e+000	1.037689e-010
1.113107199947626e-004	1.027415e+000	1.037689e-010
1.193107199947626e-004	1.027415e+000	1.037689e-010
1.223107199947626e-004	1.027415e+000	1.037689e-010
1.235964342804769e-004	1.027415e+000	1.037689e-010
1.248821485661912e-004	1.027415e+000	1.037689e-010
1.261678628519055e-004	1.027415e+000	1.037689e-010
1.274535771376198e-004	1.027415e+000	1.037689e-010
1.287392914233340e-004	1.027415e+000	1.037689e-010
1.300250057090483e-004	1.027415e+000	1.037689e-010
1.313107199947626e-004	1.027415e+000	1.037689e-010
1.343107199947626e-004	1.027415e+000	1.037689e-010
1.355964342804769e-004	1.027415e+000	1.037689e-010
1.368821485661912e-004	1.027415e+000	1.037689e-010
1.381678628519055e-004	1.027415e+000	1.037689e-010
1.394535771376198e-004	1.027415e+000	1.037689e-010
1.407392914233341e-004	1.027415e+000	1.037689e-010
1.420250057090484e-004	1.027415e+000	1.037689e-010
1.433107199947626e-004	1.027415e+000	1.037689e-010
1.448821485661912e-004	1.027415e+000	1.037689e-010
1.464535771376198e-004	1.027415e+000	1.037689e-010
1.480250057090483e-004	1.027415e+000	1.037689e-010
1.495964342804769e-004	1.027415e+000	1.037689e-010
1.511678628519055e-004	1.027415e+000	1.037689e-010
1.527392914233341e-004	1.027415e+000	1.037689e-010
1.543107199947626e-004	1.027415e+000	1.037689e-010
1.560250057090483e-004	1.027415e+000	1.037689e-010
1.577392914233341e-004	1.027415e+000	1.037689e-010
1.594535771376198e-004	1.027415e+000	1.037689e-010
1.611678628519055e-004	1.027415e+000	1.037689e-010
1.628821485661912e-004	1.027415e+000	1.037689e-010
1.645964342804769e-004	1.027415e+000	1.037689e-010
1.663107199947626e-004	1.027415e+000	1.037689e-010
1.680250057090483e-004	1.027415e+000	1.037689e-010
1.697392914233341e-004	1.027415e+000	1.037689e-010
1.714535771376198e-004	1.027415e+000	1.037689e-010
1.731678628519055e-004	1.027415e+000	1.037689e-010
1.748821485661912e-004	1.027415e+000	1.037689e-010
1.765964342804769e-004	1.027415e+000	1.037689e-010
1.783107199947626e-004	1.027415e+000	1.037689e-010
1.801678628519055e-004	1.027415e+000	1.037689e-010
1.820250057090483e-004	1.027415e+000	1.037689e-010
1.838821485661912e-004	1.027415e+000	1.037689e-010
1.857392914233341e-004	1.027415e+000	1.037689e-010
1.875964342804769e-004	1.027415e+000	1.037689e-010
1.894535771376198e-004	1.027415e+000	1.037689e-010
1.913107199947626e-004	1.027415e+000	1.037689e-010
1.933107199947626e-004	1.027415e+000	1.037689e-010
1.953107199947626e-004	1.027415e+000	1.037689e-010
1.973107199947626e-004	1.027415e+000	1.037689e-010
1.993107199947626e-004	1.027415e+000	1.037689e-010
2.013107199947626e-004	1.027415e+000	1.037689e-010
2.033107199947626e-004	1.027415e+000	1.037689e-010
2.053107199947626e-004	1.027415e+000	1.037689e-010
2.074535771376198e-004	1.027415e+000	1.037689e-010
2.095964342804769e-004	1.027415e+000	1.037689e-010
2.117392914233341e-004	1.027415e+000	1.037689e-010
2.138821485661912e-004	1.027415e+000	1.037689e-010
2.160250057090483e-004	1.027415e+000	1.037689e-010
2.181678628519055e-004	1.027415e+000	1.037689e-010
2.203107199947626e-004	1.027415e+000	1.037689e-010
2.234535771376198e-004	1.027415e+000	1.037689e-010
2.265964342804769e-004	1.027415e+000	1.037689e-010
2.297392914233341e-004	1.027415e+000	1.037689e-010
2.328821485661912e-004	1.027415e+000	1.037689e-010
2.360250057090483e-004	1.027415e+000	1.037689e-010
2.391678628519055e-004	1.027415e+000	1.037689e-010
2.423107199947626e-004	1.027415e+000	1.037689e-010
2.461678628519055e-004	1.027415e+000	1.037689e-010
2.500250057090483e-004	1.027415e+000	1.037689e-010
2.538821485661912e-004	1.027415e+000	1.037689e-010
2.577392914233341e-004	1.027415e+000	1.037689e-010
2.615964342804769e-004	1.027415e+000	1.037689e-010
2.654535771376198e-004	1.027415e+000	1.037689e-010
2.693107199947626e-004	1.027415e+000	1.037689e-010
2.731678628519055e-004	1.027415e+000	1.037689e-010
2.770250057090483e-004	1.027415e+000	1.037689e-010
2.808821485661912e-004	1.027415e+000	1.037689e-010
2.847392914233341e-004	1.027415e+000	1.037689e-010
2.885964342804769e-004	1.027415e+000	1.037689e-010
2.924535771376198e-004	1.027415e+000	1.037689e-010
2.963107199947626e-004	1.027415e+000	1.037689e-010
3.121678628519055e-004	1.027415e+000	1.037689e-010
3.280250057090484e-004	1.027415e+000	1.037689e-010
3.438821485661913e-004	1.027415e+000	1.037689e-010
3.597392914233341e-004	1.027415e+000	1.037689e-010
3.755964342804769e-004	1.027415e+000	1.037689e-010
3.914535771376198e-004	1.027415e+000	1.037689e-010
4.073107199947626e-004	1.027415e+000	1.037689e-010
4.238821485661912e-004	1.027415e+000	1.037689e-010
4.404535771376198e-004	1.027415e+000	1.037689e-010
4.570250057090484e-004	1.027415e+000	1.037689e-010
4.735964342804769e-004	1.027415e+000	1.037689e-010
4.901678628519055e-004	1.027415e+000	1.037689e-010
5.067392914233341e-004	1.027415e+000	1.037689e-010
5.233107199947626e-004	1.027415e+000	1.037689e-010
5.834535771376198e-004	1.027415e+000	1.037689e-010
6.435964342804770e-004	1.027415e+000	1.037689e-010
7.037392914233341e-004	1.027415e+000	1.037689e-010
7.638821485661913e-004	1.027415e+000	1.037689e-010
8.240250057090484e-004	1.027415e+000	1.037689e-010
8.841678628519056e-004	1.027415e+000	1.037689e-010
9.443107199947627e-004	1.027415e+000	1.037689e-010
1.006310719994763e-003	1.027415e+000	1.037689e-010
1.998310719994763e-003	1.027415e+000	1.037689e-010
2.000000000000000e-003	1.027415e+000	1.037689e-010
2.000002027728957e-003	7.027513e-001	3.602796e-001
2.000006083186873e-003	5.329061e-001	5.329061e-001
2.000006876918495e-003	5.342436e-001	5.342436e-001
2.000007412235114e-003	5.341539e-001	5.341539e-001
2.000007846549931e-003	5.343511e-001	5.343511e-001
2.000008051656020e-003	5.342185e-001	5.342185e-001
2.000008175073279e-003	5.339496e-001	5.339496e-001
2.000008278082385e-003	5.340738e-001	5.340738e-001
2.000008390068193e-003	5.340648e-001	5.340648e-001
2.000008553769176e-003	5.340611e-001	5.340611e-001
2.000008881171141e-003	5.340509e-001	5.340509e-001
2.000009535975072e-003	5.340402e-001	5.340402e-001
2.000010845582933e-003	5.340766e-001	5.340766e-001
2.000012893893077e-003	5.343214e-001	5.343214e-001
2.000015100444019e-003	5.349287e-001	5.349287e-001
2.000017965794312e-003	5.363427e-001	5.363427e-001
2.000021517208632e-003	5.390585e-001	5.390585e-001
2.000026875988133e-003	5.446085e-001	5.446085e-001
2.000032538600628e-003	5.516272e-001	5.516272e-001
2.000038165589343e-003	5.592587e-001	5.592587e-001
2.000043479634180e-003	5.666592e-001	5.666592e-001
2.000049426141475e-003	5.748706e-001	5.748706e-001
2.000055869845389e-003	5.834924e-001	5.834924e-001
2.000063329118344e-003	5.929854e-001	5.929854e-001
2.000071692151144e-003	6.029262e-001	6.029262e-001
2.000081646327550e-003	6.137654e-001	6.137654e-001
2.000093399395697e-003	6.252599e-001	6.252599e-001
2.000106823027424e-003	6.368895e-001	6.368895e-001
2.000118997755860e-003	6.460701e-001	6.460701e-001
2.000135538699976e-003	6.568334e-001	6.568334e-001
2.000150443473026e-003	6.652448e-001	6.652448e-001
2.000162950487767e-003	6.713874e-001	6.713874e-001
2.000174383553392e-003	6.763513e-001	6.763513e-001
2.000186316547201e-003	6.809812e-001	6.809812e-001
2.000199629168635e-003	6.856015e-001	6.856015e-001
2.000217855783235e-003	6.913071e-001	6.913071e-001
2.000237212096912e-003	6.970416e-001	6.970416e-001
2.000256557134806e-003	7.031965e-001	7.031965e-001
2.000275071286912e-003	7.110704e-001	7.110704e-001
2.000294834583380e-003	7.243798e-001	7.243798e-001
2.000313358238894e-003	7.450114e-001	7.450114e-001
2.000332659163586e-003	7.775837e-001	7.775837e-001
2.000351042818494e-003	8.187258e-001	8.187258e-001
2.000371815900934e-003	8.722606e-001	8.722606e-001
2.000391749064470e-003	9.245244e-001	9.245244e-001
2.000404551759344e-003	9.559771e-001	9.559771e-001
2.000413718521123e-003	9.761814e-001	9.761814e-001
2.000422288270398e-003	9.928292e-001	9.928292e-001
2.000431384188848e-003	1.007981e+000	1.007981e+000
2.000441314707837e-003	1.021701e+000	1.021701e+000
2.000448920386214e-003	1.029998e+000	1.029998e+000
2.000456949204053e-003	1.036466e+000	1.036466e+000
2.000465280147811e-003	1.040494e+000	1.040494e+000
2.000481942035325e-003	1.042769e+000	1.042769e+000
2.000499538194308e-003	1.040221e+000	1.040221e+000
2.000513858148740e-003	1.036007e+000	1.036007e+000
2.000525856173424e-003	1.032599e+000	1.032599e+000
2.000537342455435e-003	1.030181e+000	1.030181e+000
2.000550099166262e-003	1.028178e+000	1.028178e+000
2.000564179606362e-003	1.026235e+000	1.026235e+000
2.000576785747959e-003	1.024480e+000	1.024480e+000
2.000591173884193e-003	1.022355e+000	1.022355e+000
2.000604214873117e-003	1.020298e+000	1.020298e+000
2.000619565091863e-003	1.017731e+000	1.017731e+000
2.000634991452385e-003	1.015026e+000	1.015026e+000
2.000653727464903e-003	1.011615e+000	1.011615e+000
2.000673018933966e-003	1.008012e+000	1.008012e+000
2.000690653023678e-003	1.004664e+000	1.004664e+000
2.000709318881673e-003	1.001089e+000	1.001089e+000
2.000728248096671e-003	9.974518e-001	9.974518e-001
2.000750057319350e-003	9.932668e-001	9.932668e-001
2.000775871839107e-003	9.883393e-001	9.883393e-001
2.000806057489109e-003	9.826287e-001	9.826287e-001
2.000833071563346e-003	9.775856e-001	9.775856e-001
2.000866124303501e-003	9.715230e-001	9.715230e-001
2.000897980338532e-003	9.658380e-001	9.658380e-001
2.000945923496436e-003	9.577667e-001	9.577667e-001
2.001020977674281e-003	9.467114e-001	9.467114e-001
2.001100799550734e-003	9.379833e-001	9.379833e-001
2.001163887045064e-003	9.348941e-001	9.348941e-001
2.001230464962188e-003	9.361386e-001	9.361386e-001
2.001276123729625e-003	9.397159e-001	9.397159e-001
2.001320412497883e-003	9.452012e-001	9.452012e-001
2.001367808923370e-003	9.523024e-001	9.523024e-001
2.001415237010456e-003	9.599203e-001	9.599203e-001
2.001474527724004e-003	9.692918e-001	9.692918e-001
2.001535214998858e-003	9.780962e-001	9.780962e-001
2.001599504205900e-003	9.862145e-001	9.862145e-001
2.001668127208906e-003	9.935385e-001	9.935385e-001
2.001733336748072e-003	9.993013e-001	9.993013e-001
2.001812505912975e-003	1.004920e+000	1.004920e+000
2.001930126037233e-003	1.011398e+000	1.011398e+000
2.002055086606914e-003	1.016447e+000	1.016447e+000
2.002194516493165e-003	1.020252e+000	1.020252e+000
2.002364050066527e-003	1.023062e+000	1.023062e+000
2.002628095652313e-003	1.025383e+000	1.025383e+000
2.002910860530099e-003	1.026542e+000	1.026542e+000
2.003188460779725e-003	1.026982e+000	1.026982e+000
2.003525948679773e-003	1.027162e+000	1.027162e+000
2.004039709390488e-003	1.027233e+000	1.027233e+000
2.004874447978693e-003	1.027248e+000	1.027248e+000
2.005874447978694e-003	1.027242e+000	1.027242e+000
2.006874447978694e-003	1.027236e+000	1.027236e+000
2.007874447978694e-003	1.027231e+000	1.027231e+000
2.008874447978694e-003	1.027226e+000	1.027226e+000
2.009874447978694e-003	1.027222e+000	1.027222e+000
2.010874447978694e-003	1.027218e+000	1.027218e+000
2.011874447978694e-003	1.027215e+000	1.027215e+000
2.012874447978694e-003	1.027212e+000	1.027212e+000
2.013874447978694e-003	1.027210e+000	1.027210e+000
2.014874447978694e-003	1.027207e+000	1.027207e+000
2.015874447978694e-003	1.027205e+000	1.027205e+000
2.016874447978694e-003	1.027203e+000	1.027203e+000
2.017874447978693e-003	1.027202e+000	1.027202e+000
2.018874447978694e-003	1.027200e+000	1.027200e+000
2.019874447978694e-003	1.027199e+000	1.027199e+000
2.020874447978694e-003	1.027198e+000	1.027198e+000
2.021874447978694e-003	1.027197e+000	1.027197e+000
2.022874447978694e-003	1.027196e+000	1.027196e+000
2.023874447978694e-003	1.027195e+000	1.027195e+000
2.024874447978694e-003	1.027195e+000	1.027195e+000
2.025874447978694e-003	1.027194e+000	1.027194e+000
2.026874447978694e-003	1.027194e+000	1.027194e+000
2.027874447978694e-003	1.027193e+000	1.027193e+000
2.028874447978694e-003	1.027193e+000	1.027193e+000
2.029874447978694e-003	1.027193e+000	1.027193e+000
2.030874447978693e-003	1.027193e+000	1.027193e+000
2.031874447978694e-003	1.027193e+000	1.027193e+000
2.032874447978694e-003	1.027192e+000	1.027192e+000
2.033874447978694e-003	1.027192e+000	1.027192e+000
2.034874447978694e-003	1.027192e+000	1.027192e+000
2.035874447978694e-003	1.027192e+000	1.027192e+000
2.036874447978694e-003	1.027193e+000	1.027193e+000
2.037874447978694e-003	1.027193e+000	1.027193e+000
2.038874447978694e-003	1.027193e+000	1.027193e+000
2.039874447978694e-003	1.027193e+000	1.027193e+000
2.040874447978694e-003	1.027193e+000	1.027193e+000
2.041874447978694e-003	1.027193e+000	1.027193e+000
2.042874447978694e-003	1.027193e+000	1.027193e+000
2.043874447978694e-003	1.027193e+000	1.027193e+000
2.044874447978694e-003	1.027194e+000	1.027194e+000
2.045874447978694e-003	1.027194e+000	1.027194e+000
2.046874447978694e-003	1.027194e+000	1.027194e+000
2.047874447978694e-003	1.027194e+000	1.027194e+000
2.048874447978694e-003	1.027194e+000	1.027194e+000
2.049874447978694e-003	1.027195e+000	1.027195e+000
2.050874447978694e-003	1.027195e+000	1.027195e+000
2.051874447978694e-003	1.027195e+000	1.027195e+000
2.052874447978694e-003	1.027195e+000	1.027195e+000
2.053874447978693e-003	1.027196e+000	1.027196e+000
2.054874447978694e-003	1.027196e+000	1.027196e+000
2.055874447978694e-003	1.027196e+000	1.027196e+000
2.056874447978694e-003	1.027196e+000	1.027196e+000
2.057874447978694e-003	1.027197e+000	1.027197e+000
2.058874447978694e-003	1.027197e+000	1.027197e+000
2.059874447978694e-003	1.027197e+000	1.027197e+000
2.060874447978694e-003	1.027197e+000	1.027197e+000
2.061874447978694e-003	1.027197e+000	1.027197e+000
2.062874447978694e-003	1.027198e+000	1.027198e+000
2.063874447978694e-003	1.027198e+000	1.027198e+000
2.064874447978694e-003	1.027198e+000	1.027198e+000
2.065874447978694e-003	1.027198e+000	1.027198e+000
2.066874447978693e-003	1.027199e+000	1.027199e+000
2.067874447978694e-003	1.027199e+000	1.027199e+000
2.068874447978694e-003	1.027199e+000	1.027199e+000
2.069874447978694e-003	1.027199e+000	1.027199e+000
2.070874447978694e-003	1.027200e+000	1.027200e+000
2.071874447978694e-003	1.027200e+000	1.027200e+000
2.072874447978694e-003	1.027200e+000	1.027200e+000
2.073874447978694e-003	1.027200e+000	1.027200e+000
2.074874447978694e-003	1.027200e+000	1.027200e+000
2.075874447978694e-003	1.027201e+000	1.027201e+000
2.076874447978694e-003	1.027201e+000	1.027201e+000
2.077874447978694e-003	1.027201e+000	1.027201e+000
2.078874447978694e-003	1.027201e+000	1.027201e+000
2.079874447978693e-003	1.027201e+000	1.027201e+000
2.080874447978694e-003	1.027202e+000	1.027202e+000
2.081874447978694e-003	1.027202e+000	1.027202e+000
2.082874447978694e-003	1.027202e+000	1.027202e+000
2.083874447978694e-003	1.027202e+000	1.027202e+000
2.084874447978694e-003	1.027202e+000	1.027202e+000
2.085874447978694e-003	1.027203e+000	1.027203e+000
2.086874447978694e-003	1.027203e+000	1.027203e+000
2.087874447978694e-003	1.027203e+000	1.027203e+000
2.088874447978694e-003	1.027203e+000	1.027203e+000
2.089874447978693e-003	1.027203e+000	1.027203e+000
2.090874447978694e-003	1.027203e+000	1.027203e+000
2.091874447978694e-003	1.027204e+000	1.027204e+000
2.092874447978694e-003	1.027204e+000	1.027204e+000
2.093874447978694e-003	1.027204e+000	1.027204e+000
2.094874447978694e-003	1.027204e+000	1.027204e+000
2.095874447978694e-003	1.027204e+000	1.027204e+000
2.096874447978694e-003	1.027205e+000	1.027205e+000
2.097874447978694e-003	1.027205e+000	1.027205e+000
2.098874447978694e-003	1.027205e+000	1.027205e+000
2.099874447978694e-003	1.027205e+000	1.027205e+000
2.100874447978694e-003	1.027205e+000	1.027205e+000
2.101874447978694e-003	1.027205e+000	1.027205e+000
2.102874447978693e-003	1.027206e+000	1.027206e+000
2.103874447978694e-003	1.027206e+000	1.027206e+000
2.104874447978694e-003	1.027206e+000	1.027206e+000
2.105874447978694e-003	1.027206e+000	1.027206e+000
2.106874447978694e-003	1.027206e+000	1.027206e+000
2.107874447978694e-003	1.027206e+000	1.027206e+000
2.108874447978694e-003	1.027206e+000	1.027206e+000
2.109874447978694e-003	1.027207e+000	1.027207e+000
2.110874447978694e-003	1.027207e+000	1.027207e+000
2.111874447978694e-003	1.027207e+000	1.027207e+000
2.112874447978694e-003	1.027207e+000	1.027207e+000
2.113874447978694e-003	1.027207e+000	1.027207e+000
2.114874447978694e-003	1.027207e+000	1.027207e+000
2.115874447978693e-003	1.027207e+000	1.027207e+000
2.116874447978694e-003	1.027208e+000	1.027208e+000
2.117874447978694e-003	1.027208e+000	1.027208e+000
2.118874447978694e-003	1.027208e+000	1.027208e+000
2.119874447978694e-003	1.027208e+000	1.027208e+000
2.120874447978694e-003	1.027208e+000	1.027208e+000
2.121874447978694e-003	1.027208e+000	1.027208e+000
2.122874447978694e-003	1.027208e+000	1.027208e+000
2.123874447978694e-003	1.027208e+000	1.027208e+000
2.124874447978694e-003	1.027209e+000	1.027209e+000
2.125874447978694e-003	1.027209e+000	1.027209e+000
2.126874447978694e-003	1.027209e+000	1.027209e+000
2.127874447978694e-003	1.027209e+000	1.027209e+000
2.128874447978693e-003	1.027209e+000	1.027209e+000
2.130874447978694e-003	1.027209e+000	1.027209e+000
2.131874447978694e-003	1.027209e+000	1.027209e+000
2.132874447978694e-003	1.027210e+000	1.027210e+000
2.133874447978694e-003	1.027210e+000	1.027210e+000
2.134874447978694e-003	1.027210e+000	1.027210e+000
2.135874447978694e-003	1.027210e+000	1.027210e+000
2.136874447978694e-003	1.027210e+000	1.027210e+000
2.137874447978694e-003	1.027210e+000	1.027210e+000
2.138874447978693e-003	1.027210e+000	1.027210e+000
2.139874447978694e-003	1.027210e+000	1.027210e+000
2.140874447978694e-003	1.027210e+000	1.027210e+000
2.141874447978694e-003	1.027210e+000	1.027210e+000
2.142874447978694e-003	1.027211e+000	1.027211e+000
2.143874447978694e-003	1.027211e+000	1.027211e+000
2.144874447978694e-003	1.027211e+000	1.027211e+000
2.145874447978694e-003	1.027211e+000	1.027211e+000
2.146874447978694e-003	1.027211e+000	1.027211e+000
2.147874447978694e-003	1.027211e+000	1.027211e+000
2.148874447978694e-003	1.027211e+000	1.027211e+000
2.149874447978694e-003	1.027211e+000	1.027211e+000
2.150874447978694e-003	1.027211e+000	1.027211e+000
2.151874447978693e-003	1.027211e+000	1.027211e+000
2.152874447978694e-003	1.027212e+000	1.027212e+000
2.153874447978694e-003	1.027212e+000	1.027212e+000
2.154874447978694e-003	1.027212e+000	1.027212e+000
2.155874447978694e-003	1.027212e+000	1.027212e+000
2.156874447978694e-003	1.027212e+000	1.027212e+000
2.157874447978694e-003	1.027212e+000	1.027212e+000
2.158874447978694e-003	1.027212e+000	1.027212e+000
2.159874447978694e-003	1.027212e+000	1.027212e+000
2.160874447978694e-003	1.027212e+000	1.027212e+000
2.161874447978694e-003	1.027212e+000	1.027212e+000
2.162874447978694e-003	1.027212e+000	1.027212e+000
2.163874447978694e-003	1.027213e+000	1.027213e+000
2.164874447978693e-003	1.027213e+000	1.027213e+000
2.165874447978694e-003	1.027213e+000	1.027213e+000
2.166874447978694e-003	1.027213e+000	1.027213e+000
2.167874447978694e-003	1.027213e+000	1.027213e+000
2.168874447978694e-003	1.027213e+000	1.027213e+000
2.169874447978694e-003	1.027213e+000	1.027213e+000
2.170874447978694e-003	1.027213e+000	1.027213e+000
2.171874447978694e-003	1.027213e+000	1.027213e+000
2.172874447978694e-003	1.027213e+000	1.027213e+000
2.173874447978694e-003	1.027213e+000	1.027213e+000
2.174874447978694e-003	1.027213e+000	1.027213e+000
2.175874447978694e-003	1.027213e+000	1.027213e+000
2.176874447978694e-003	1.027213e+000	1.027213e+000
2.177874447978693e-003	1.027214e+000	1.027214e+000
2.178874447978694e-003	1.027214e+000	1.027214e+000
2.179874447978694e-003	1.027214e+000	1.027214e+000
2.180874447978694e-003	1.027214e+000	1.027214e+000
2.181874447978694e-003	1.027214e+000	1.027214e+000
2.182874447978694e-003	1.027214e+000	1.027214e+000
2.183874447978694e-003	1.027214e+000	1.027214e+000
2.184874447978694e-003	1.027214e+000	1.027214e+000
2.185874447978694e-003	1.027214e+000	1.027214e+000
2.186874447978694e-003	1.027214e+000	1.027214e+000
2.187874447978693e-003	1.027214e+000	1.027214e+000
2.188874447978694e-003	1.027214e+000	1.027214e+000
2.189874447978694e-003	1.027214e+000	1.027214e+000
2.191874447978694e-003	1.027215e+000	1.027215e+000
2.192874447978694e-003	1.027215e+000	1.027215e+000
2.193874447978694e-003	1.027215e+000	1.027215e+000
2.194874447978694e-003	1.027215e+000	1.027215e+000
2.195874447978694e-003	1.027215e+000	1.027215e+000
2.196874447978694e-003	1.027215e+000	1.027215e+000
2.197874447978694e-003	1.027215e+000	1.027215e+000
2.198874447978694e-003	1.027215e+000	1.027215e+000
2.199874447978694e-003	1.027215e+000	1.027215e+000
2.200874447978693e-003	1.027215e+000	1.027215e+000
2.201874447978694e-003	1.027215e+000	1.027215e+000
2.203874447978694e-003	1.027215e+000	1.027215e+000
2.204874447978694e-003	1.027215e+000	1.027215e+000
2.205874447978694e-003	1.027215e+000	1.027215e+000
2.206874447978694e-003	1.027215e+000	1.027215e+000
2.207874447978694e-003	1.027215e+000	1.027215e+000
2.208874447978694e-003	1.027215e+000	1.027215e+000
2.209874447978694e-003	1.027215e+000	1.027215e+000
2.210874447978694e-003	1.027215e+000	1.027215e+000
2.211874447978694e-003	1.027216e+000	1.027216e+000
2.212874447978694e-003	1.027216e+000	1.027216e+000
2.213874447978693e-003	1.027216e+000	1.027216e+000
2.215874447978694e-003	1.027216e+000	1.027216e+000
2.216874447978694e-003	1.027216e+000	1.027216e+000
2.217874447978694e-003	1.027216e+000	1.027216e+000
2.218874447978694e-003	1.027216e+000	1.027216e+000
2.219874447978694e-003	1.027216e+000	1.027216e+000
2.220874447978694e-003	1.027216e+000	1.027216e+000
2.221874447978694e-003	1.027216e+000	1.027216e+000
2.222874447978694e-003	1.027216e+000	1.027216e+000
2.223874447978694e-003	1.027216e+000	1.027216e+000
2.224874447978694e-003	1.027216e+000	1.027216e+000
2.225874447978694e-003	1.027216e+000	1.027216e+000
2.227874447978694e-003	1.027216e+000	1.027216e+000
2.228874447978694e-003	1.027216e+000	1.027216e+000
2.229874447978694e-003	1.027216e+000	1.027216e+000
2.230874447978694e-003	1.027216e+000	1.027216e+000
2.231874447978694e-003	1.027216e+000	1.027216e+000
2.232874447978694e-003	1.027217e+000	1.027217e+000
2.233874447978694e-003	1.027217e+000	1.027217e+000
2.234874447978694e-003	1.027217e+000	1.027217e+000
2.235874447978694e-003	1.027217e+000	1.027217e+000
2.236874447978693e-003	1.027217e+000	1.027217e+000
2.237874447978694e-003	1.027217e+000	1.027217e+000
2.239874447978694e-003	1.027217e+000	1.027217e+000
2.240874447978694e-003	1.027217e+000	1.027217e+000
2.241874447978694e-003	1.027217e+000	1.027217e+000
2.242874447978694e-003	1.027217e+000	1.027217e+000
2.243874447978694e-003	1.027217e+000	1.027217e+000
2.244874447978694e-003	1.027217e+000	1.027217e+000
2.245874447978694e-003	1.027217e+000	1.027217e+000
2.246874447978694e-003	1.027217e+000	1.027217e+000
2.247874447978694e-003	1.027217e+000	1.027217e+000
2.248874447978694e-003	1.027217e+000	1.027217e+000
2.249874447978693e-003	1.027217e+000	1.027217e+000
2.250874447978694e-003	1.027217e+000	1.027217e+000
2.252874447978694e-003	1.027217e+000	1.027217e+000
2.253874447978694e-003	1.027217e+000	1.027217e+000
2.254874447978694e-003	1.027217e+000	1.027217e+000
2.255874447978694e-003	1.027217e+000	1.027217e+000
2.256874447978694e-003	1.027217e+000	1.027217e+000
2.257874447978694e-003	1.027218e+000	1.027218e+000
2.258874447978694e-003	1.027218e+000	1.027218e+000
2.259874447978694e-003	1.027218e+000	1.027218e+000
2.260874447978694e-003	1.027218e+000	1.027218e+000
2.261874447978694e-003	1.027218e+000	1.027218e+000
2.262874447978693e-003	1.027218e+000	1.027218e+000
2.264874447978694e-003	1.027218e+000	1.027218e+000
2.265874447978694e-003	1.027218e+000	1.027218e+000
2.266874447978694e-003	1.027218e+000	1.027218e+000
2.267874447978694e-003	1.027218e+000	1.027218e+000
2.268874447978694e-003	1.027218e+000	1.027218e+000
2.269874447978694e-003	1.027218e+000	1.027218e+000
2.270874447978694e-003	1.027218e+000	1.027218e+000
2.271874447978694e-003	1.027218e+000	1.027218e+000
2.272874447978694e-003	1.027218e+000	1.027218e+000
2.273874447978694e-003	1.027218e+000	1.027218e+000
2.274874447978694e-003	1.027218e+000	1.027218e+000
2.276874447978694e-003	1.027218e+000	1.027218e+000
2.277874447978694e-003	1.027218e+000	1.027218e+000
2.278874447978694e-003	1.027218e+000	1.027218e+000
2.279874447978694e-003	1.027218e+000	1.027218e+000
2.280874447978694e-003	1.027218e+000	1.027218e+000
2.281874447978694e-003	1.027218e+000	1.027218e+000
2.282874447978694e-003	1.027218e+000	1.027218e+000
2.283874447978694e-003	1.027218e+000	1.027218e+000
2.284874447978694e-003	1.027218e+000	1.027218e+000
2.285874447978693e-003	1.027218e+000	1.027218e+000
2.286874447978694e-003	1.027218e+000	1.027218e+000
2.288874447978694e-003	1.027218e+000	1.027218e+000
2.289874447978694e-003	1.027218e+000	1.027218e+000
2.290874447978694e-003	1.027218e+000	1.027218e+000
2.291874447978694e-003	1.027218e+000	1.027218e+000
2.292874447978694e-003	1.027218e+000	1.027218e+000
2.293874447978694e-003	1.027218e+000	1.027218e+000
2.294874447978694e-003	1.027218e+000	1.027218e+000
2.295874447978694e-003	1.027218e+000	1.027218e+000
2.296874447978694e-003	1.027218e+000	1.027218e+000
2.297874447978694e-003	1.027218e+000	1.027218e+000
2.298874447978693e-003	1.027219e+000	1.027219e+000
2.301874447978694e-003	1.027219e+000	1.027219e+000
2.302874447978694e-003	1.027219e+000	1.027219e+000
2.303874447978694e-003	1.027219e+000	1.027219e+000
2.304874447978694e-003	1.027219e+000	1.027219e+000
2.305874447978694e-003	1.027219e+000	1.027219e+000
2.306874447978694e-003	1.027219e+000	1.027219e+000
2.307874447978694e-003	1.027219e+000	1.027219e+000
2.308874447978694e-003	1.027219e+000	1.027219e+000
2.309874447978694e-003	1.027219e+000	1.027219e+000
2.311874447978693e-003	1.027219e+000	1.027219e+000
2.313874447978694e-003	1.027219e+000	1.027219e+000
2.314874447978694e-003	1.027219e+000	1.027219e+000
2.315874447978694e-003	1.027219e+000	1.027219e+000
2.316874447978694e-003	1.027219e+000	1.027219e+000
2.317874447978694e-003	1.027219e+000	1.027219e+000
2.318874447978694e-003	1.027219e+000	1.027219e+000
2.319874447978694e-003	1.027219e+000	1.027219e+000
2.320874447978694e-003	1.027219e+000	1.027219e+000
2.321874447978694e-003	1.027219e+000	1.027219e+000
2.323874447978694e-003	1.027219e+000	1.027219e+000
2.325874447978694e-003	1.027219e+000	1.027219e+000
2.326874447978694e-003	1.027219e+000	1.027219e+000
2.327874447978694e-003	1.027219e+000	1.027219e+000
2.328874447978694e-003	1.027219e+000	1.027219e+000
2.329874447978694e-003	1.027219e+000	1.027219e+000
2.330874447978694e-003	1.027219e+000	1.027219e+000
2.331874447978694e-003	1.027219e+000	1.027219e+000
2.332874447978694e-003	1.027219e+000	1.027219e+000
2.333874447978694e-003	1.027219e+000	1.027219e+000
2.335874447978694e-003	1.027219e+000	1.027219e+000
2.337874447978694e-003	1.027219e+000	1.027219e+000
2.338874447978694e-003	1.027219e+000	1.027219e+000
2.339874447978694e-003	1.027219e+000	1.027219e+000
2.340874447978694e-003	1.027219e+000	1.027219e+000
2.341874447978694e-003	1.027219e+000	1.027219e+000
2.342874447978694e-003	1.027219e+000	1.027219e+000
2.343874447978694e-003	1.027219e+000	1.027219e+000
2.344874447978694e-003	1.027219e+000	1.027219e+000
2.345874447978694e-003	1.027219e+000	1.027219e+000
2.347874447978693e-003	1.027219e+000	1.027219e+000
2.350874447978694e-003	1.027219e+000	1.027219e+000
2.351874447978694e-003	1.027219e+000	1.027219e+000
2.352874447978694e-003	1.027219e+000	1.027219e+000
2.353874447978694e-003	1.027219e+000	1.027219e+000
2.354874447978694e-003	1.027219e+000	1.027219e+000
2.355874447978694e-003	1.027219e+000	1.027219e+000
2.356874447978694e-003	1.027219e+000	1.027219e+000
2.358874447978694e-003	1.027220e+000	1.027220e+000
2.359588733692979e-003	1.027220e+000	1.027220e+000
2.360303019407265e-003	1.027220e+000	1.027220e+000
2.361017305121551e-003	1.027220e+000	1.027220e+000
2.361731590835837e-003	1.027220e+000	1.027220e+000
2.362445876550122e-003	1.027220e+000	1.027220e+000
2.363160162264408e-003	1.027220e+000	1.027220e+000
2.363874447978694e-003	1.027220e+000	1.027220e+000
2.364874447978694e-003	1.027220e+000	1.027220e+000
2.365874447978694e-003	1.027220e+000	1.027220e+000
2.366874447978694e-003	1.027220e+000	1.027220e+000
2.367874447978694e-003	1.027220e+000	1.027220e+000
2.368874447978694e-003	1.027220e+000	1.027220e+000
2.370874447978693e-003	1.027220e+000	1.027220e+000
2.371731590835836e-003	1.027220e+000	1.027220e+000
2.372588733692979e-003	1.027220e+000	1.027220e+000
2.373445876550122e-003	1.027220e+000	1.027220e+000
2.374303019407265e-003	1.027220e+000	1.027220e+000
2.375160162264408e-003	1.027220e+000	1.027220e+000
2.376017305121551e-003	1.027220e+000	1.027220e+000
2.376874447978694e-003	1.027220e+000	1.027220e+000
2.378874447978694e-003	1.027220e+000	1.027220e+000
2.380874447978694e-003	1.027220e+000	1.027220e+000
2.382874447978694e-003	1.027220e+000	1.027220e+000
2.383731590835837e-003	1.027220e+000	1.027220e+000
2.384588733692980e-003	1.027220e+000	1.027220e+000
2.385445876550122e-003	1.027220e+000	1.027220e+000
2.386303019407265e-003	1.027220e+000	1.027220e+000
2.387160162264408e-003	1.027220e+000	1.027220e+000
2.388017305121551e-003	1.027220e+000	1.027220e+000
2.388874447978694e-003	1.027220e+000	1.027220e+000
2.390874447978694e-003	1.027220e+000	1.027220e+000
2.392874447978694e-003	1.027220e+000	1.027220e+000
2.394874447978694e-003	1.027220e+000	1.027220e+000
2.395874447978694e-003	1.027220e+000	1.027220e+000
2.396874447978693e-003	1.027220e+000	1.027220e+000
2.397874447978694e-003	1.027220e+000	1.027220e+000
2.398874447978694e-003	1.027220e+000	1.027220e+000
2.399874447978694e-003	1.027220e+000	1.027220e+000
2.400874447978694e-003	1.027220e+000	1.027220e+000
2.401874447978694e-003	1.027220e+000	1.027220e+000
2.403874447978694e-003	1.027220e+000	1.027220e+000
2.405874447978694e-003	1.027220e+000	1.027220e+000
2.408874447978694e-003	1.027220e+000	1.027220e+000
2.410160162264408e-003	1.027220e+000	1.027220e+000
2.411445876550122e-003	1.027220e+000	1.027220e+000
2.412731590835836e-003	1.027220e+000	1.027220e+000
2.414017305121551e-003	1.027220e+000	1.027220e+000
2.415303019407265e-003	1.027220e+000	1.027220e+000
2.416588733692980e-003	1.027220e+000	1.027220e+000
2.417874447978694e-003	1.027220e+000	1.027220e+000
2.418874447978694e-003	1.027220e+000	1.027220e+000
2.419874447978693e-003	1.027220e+000	1.027220e+000
2.420874447978694e-003	1.027220e+000	1.027220e+000
2.421874447978694e-003	1.027220e+000	1.027220e+000
2.422874447978694e-003	1.027220e+000	1.027220e+000
2.423874447978694e-003	1.027220e+000	1.027220e+000
2.424874447978694e-003	1.027220e+000	1.027220e+000
2.427874447978694e-003	1.027220e+000	1.027220e+000
2.430874447978694e-003	1.027220e+000	1.027220e+000
2.432017305121551e-003	1.027220e+000	1.027220e+000
2.433160162264408e-003	1.027220e+000	1.027220e+000
2.434303019407265e-003	1.027220e+000	1.027220e+000
2.435445876550123e-003	1.027220e+000	1.027220e+000
2.436588733692980e-003	1.027220e+000	1.027220e+000
2.437731590835837e-003	1.027220e+000	1.027220e+000
2.438874447978694e-003	1.027220e+000	1.027220e+000
2.441874447978694e-003	1.027220e+000	1.027220e+000
2.443017305121551e-003	1.027220e+000	1.027220e+000
2.444160162264408e-003	1.027220e+000	1.027220e+000
2.445303019407265e-003	1.027220e+000	1.027220e+000
2.446445876550122e-003	1.027220e+000	1.027220e+000
2.447588733692979e-003	1.027220e+000	1.027220e+000
2.448731590835836e-003	1.027220e+000	1.027220e+000
2.449874447978694e-003	1.027220e+000	1.027220e+000
2.452874447978694e-003	1.027220e+000	1.027220e+000
2.454160162264408e-003	1.027220e+000	1.027220e+000
2.455445876550122e-003	1.027220e+000	1.027220e+000
2.456731590835837e-003	1.027220e+000	1.027220e+000
2.458017305121551e-003	1.027220e+000	1.027220e+000
2.459303019407265e-003	1.027220e+000	1.027220e+000
2.460588733692979e-003	1.027220e+000	1.027220e+000
2.461874447978694e-003	1.027220e+000	1.027220e+000
2.464874447978694e-003	1.027220e+000	1.027220e+000
2.466303019407265e-003	1.027220e+000	1.027220e+000
2.467731590835837e-003	1.027220e+000	1.027220e+000
2.469160162264408e-003	1.027220e+000	1.027220e+000
2.470588733692979e-003	1.027220e+000	1.027220e+000
2.472017305121551e-003	1.027220e+000	1.027220e+000
2.473445876550122e-003	1.027220e+000	1.027220e+000
2.474874447978694e-003	1.027220e+000	1.027220e+000
2.476303019407265e-003	1.027220e+000	1.027220e+000
2.477731590835836e-003	1.027220e+000	1.027220e+000
2.479160162264408e-003	1.027220e+000	1.027220e+000
2.480588733692979e-003	1.027220e+000	1.027220e+000
2.482017305121551e-003	1.027220e+000	1.027220e+000
2.483445876550122e-003	1.027220e+000	1.027220e+000
2.484874447978693e-003	1.027220e+000	1.027220e+000
2.486588733692979e-003	1.027220e+000	1.027220e+000
2.488303019407265e-003	1.027220e+000	1.027220e+000
2.490017305121551e-003	1.027220e+000	1.027220e+000
2.491731590835837e-003	1.027220e+000	1.027220e+000
2.493445876550122e-003	1.027220e+000	1.027220e+000
2.495160162264408e-003	1.027220e+000	1.027220e+000
2.496874447978694e-003	1.027220e+000	1.027220e+000
2.498731590835837e-003	1.027220e+000	1.027220e+000
2.500588733692979e-003	1.027220e+000	1.027220e+000
2.502445876550122e-003	1.027220e+000	1.027220e+000
2.504303019407265e-003	1.027220e+000	1.027220e+000
2.506160162264408e-003	1.027220e+000	1.027220e+000
2.508017305121551e-003	1.027220e+000	1.027220e+000
2.509874447978694e-003	1.027220e+000	1.027220e+000
2.511731590835837e-003	1.027220e+000	1.027220e+000
2.513588733692979e-003	1.027220e+000	1.027220e+000
2.515445876550122e-003	1.027220e+000	1.027220e+000
2.517303019407265e-003	1.027220e+000	1.027220e+000
2.519160162264408e-003	1.027220e+000	1.027220e+000
2.521017305121551e-003	1.027220e+000	1.027220e+000
2.522874447978694e-003	1.027220e+000	1.027220e+000
2.524874447978694e-003	1.027220e+000	1.027220e+000
2.526874447978694e-003	1.027220e+000	1.027220e+000
2.528874447978694e-003	1.027220e+000	1.027220e+000
2.530874447978694e-003	1.027220e+000	1.027220e+000
2.532874447978694e-003	1.027220e+000	1.027220e+000
2.534874447978694e-003	1.027220e+000	1.027220e+000
2.536874447978694e-003	1.027220e+000	1.027220e+000
2.539017305121551e-003	1.027220e+000	1.027220e+000
2.541160162264408e-003	1.027220e+000	1.027220e+000
2.543303019407265e-003	1.027220e+000	1.027220e+000
2.545445876550122e-003	1.027220e+000	1.027220e+000
2.547588733692980e-003	1.027220e+000	1.027220e+000
2.549731590835836e-003	1.027220e+000	1.027220e+000
2.551874447978694e-003	1.027220e+000	1.027220e+000
2.554874447978694e-003	1.027220e+000	1.027220e+000
2.557874447978694e-003	1.027220e+000	1.027220e+000
2.560874447978694e-003	1.027220e+000	1.027220e+000
2.563874447978694e-003	1.027220e+000	1.027220e+000
2.566874447978694e-003	1.027221e+000	1.027221e+000
2.569874447978694e-003	1.027220e+000	1.027220e+000
2.572874447978694e-003	1.027220e+000	1.027220e+000
2.576731590835837e-003	1.027220e+000	1.027220e+000
2.580588733692980e-003	1.027220e+000	1.027220e+000
2.584445876550122e-003	1.027220e+000	1.027220e+000
2.588303019407265e-003	1.027220e+000	1.027220e+000
2.592160162264408e-003	1.027220e+000	1.027220e+000
2.596017305121551e-003	1.027220e+000	1.027220e+000
2.599874447978694e-003	1.027220e+000	1.027220e+000
2.603731590835836e-003	1.027220e+000	1.027220e+000
2.607588733692979e-003	1.027220e+000	1.027220e+000
2.611445876550122e-003	1.027220e+000	1.027220e+000
2.615303019407265e-003	1.027220e+000	1.027220e+000
2.619160162264408e-003	1.027220e+000	1.027220e+000
2.623017305121551e-003	1.027220e+000	1.027220e+000
2.626874447978694e-003	1.027220e+000	1.027220e+000
2.674017305121551e-003	1.027220e+000	1.027220e+000
2.721160162264408e-003	1.027220e+000	1.027220e+000
2.768303019407265e-003	1.027220e+000	1.027220e+000
2.815445876550122e-003	1.027220e+000	1.027220e+000
2.862588733692979e-003	1.027221e+000	1.027221e+000
2.909731590835837e-003	1.027221e+000	1.027221e+000
2.956874447978694e-003	1.027221e+000	1.027221e+000
2.957874447978694e-003	1.027221e+000	1.027221e+000
3.981874447978694e-003	1.027220e+000	1.027220e+000
3.997874447978693e-003	1.027220e+000	1.027220e+000
3.998874447978694e-003	1.027220e+000	1.027220e+000
3.999251104042613e-003	1.027220e+000	1.027220e+000
3.999497791914775e-003	1.027220e+000	1.027220e+000
3.999506624255677e-003	1.027221e+000	1.027221e+000
3.999524288937483e-003	1.027221e+000	1.027221e+000
3.999559618301096e-003	1.027221e+000	1.027221e+000
3.999630277028320e-003	1.027221e+000	1.027221e+000
3.999771594482770e-003	1.027221e+000	1.027221e+000
4.000000000000000e-003	1.427918e+000	5.980986e-001
4.000044976326648e-003	1.870580e+000	1.304718e-001
4.000060292788045e-003	1.996245e+000	2.016208e-010
4.000064476827428e-003	1.993974e+000	2.013914e-010
4.000065800600604e-003	1.993152e+000	2.013083e-010
4.000067522757051e-003	1.992726e+000	2.012653e-010
4.000069103209642e-003	1.992181e+000	2.012103e-010
4.000070713143985e-003	1.991745e+000	2.011662e-010
4.000072694385682e-003	1.991105e+000	2.011016e-010
4.000074701695190e-003	1.990534e+000	2.010439e-010
4.000076856353551e-003	1.989892e+000	2.009791e-010
4.000079263236827e-003	1.989218e+000	2.009111e-010
4.000081911807946e-003	1.988455e+000	2.008340e-010
4.000085003976720e-003	1.987591e+000	2.007467e-010
4.000088632000060e-003	1.986563e+000	2.006428e-010
4.000093020457140e-003	1.985337e+000	2.005191e-010
4.000098408533406e-003	1.983827e+000	2.003665e-010
4.000105184020307e-003	1.981945e+000	2.001764e-010
4.000113677980136e-003	1.979591e+000	1.999387e-010
4.000124763190715e-003	1.976547e+000	1.996312e-010
4.000138710462736e-003	1.972751e+000	1.992479e-010
4.000156517765975e-003	1.968009e+000	1.987689e-010
4.000175037588036e-003	1.963521e+000	1.983156e-010
4.000188204754953e-003	1.961336e+000	1.980950e-010
4.000201095386985e-003	1.960392e+000	1.979996e-010
4.000213804778001e-003	1.959761e+000	1.979359e-010
4.000227450731163e-003	1.958562e+000	1.978147e-010
4.000239842982120e-003	1.956846e+000	1.976414e-010
4.000253942930238e-003	1.954298e+000	1.973841e-010
4.000268606029453e-003	1.951205e+000	1.970717e-010
4.000284019201176e-003	1.947623e+000	1.967100e-010
4.000301000852889e-003	1.943449e+000	1.962883e-010
4.000316439249803e-003	1.939533e+000	1.958929e-010
4.000333470228687e-003	1.935144e+000	1.954495e-010
4.000350162640325e-003	1.930816e+000	1.950124e-010
4.000369356597882e-003	1.925838e+000	1.945097e-010
4.000390733054099e-003	1.920319e+000	1.939522e-010
4.000418220491028e-003	1.913271e+000	1.932404e-010
4.000438561982101e-003	1.908101e+000	1.927182e-010
4.000460468014184e-003	1.902587e+000	1.921613e-010
4.000484511941341e-003	1.896595e+000	1.915561e-010
4.000513674997291e-003	1.889418e+000	1.908312e-010
4.000551897470397e-003	1.880157e+000	1.898958e-010
4.000605280542741e-003	1.867477e+000	1.886151e-010
4.000668140704783e-003	1.852883e+000	1.871412e-010
4.000727078517773e-003	1.839590e+000	1.857986e-010
4.000825090822431e-003	1.818332e+000	1.836516e-010
4.000982609040965e-003	1.785811e+000	1.803669e-010
4.001152016429976e-003	1.753355e+000	1.770889e-010
4.001490831208001e-003	1.694858e+000	1.711807e-010
4.001917789575865e-003	1.631402e+000	1.647716e-010
4.002656599526063e-003	1.542176e+000	1.557598e-010
4.003509354978391e-003	1.461370e+000	1.475983e-010
4.004247698585578e-003	1.406933e+000	1.421002e-010
4.004621738887367e-003	1.384823e+000	1.398671e-010
4.004953433614044e-003	1.368229e+000	1.381912e-010
4.005158664582938e-003	1.359066e+000	1.372657e-010
4.005342677059110e-003	1.351595e+000	1.365111e-010
4.005535299073866e-003	1.344362e+000	1.357806e-010
4.005727587189961e-003	1.337667e+000	1.351044e-010
4.005904855790349e-003	1.331963e+000	1.345282e-010
4.006105938228924e-003	1.326001e+000	1.339261e-010
4.006312765893942e-003	1.320375e+000	1.333579e-010
4.006527469960475e-003	1.315068e+000	1.328218e-010
4.006779061116746e-003	1.309460e+000	1.322555e-010
4.007033614128949e-003	1.304410e+000	1.317454e-010
4.007340677041580e-003	1.299067e+000	1.312057e-010
4.007662303059075e-003	1.294238e+000	1.307181e-010
4.008044726231639e-003	1.289394e+000	1.302288e-010
4.008462069229801e-003	1.285036e+000	1.297887e-010
4.008952362347223e-003	1.280944e+000	1.293754e-010
4.009501691263641e-003	1.277399e+000	1.290173e-010
4.010143938770232e-003	1.274323e+000	1.287066e-010
4.010875888851806e-003	1.271837e+000	1.284555e-010
4.011729164024636e-003	1.269890e+000	1.282589e-010
4.012713692641354e-003	1.268450e+000	1.281135e-010
4.013713692641354e-003	1.267546e+000	1.280222e-010
4.014713692641355e-003	1.266998e+000	1.279668e-010
4.015713692641355e-003	1.266662e+000	1.279329e-010
4.016713692641355e-003	1.266453e+000	1.279117e-010
4.017713692641355e-003	1.266318e+000	1.278982e-010
4.018713692641354e-003	1.266228e+000	1.278890e-010
4.019713692641354e-003	1.266164e+000	1.278826e-010
4.020713692641354e-003	1.266116e+000	1.278777e-010
4.021713692641355e-003	1.266077e+000	1.278738e-010
4.022713692641355e-003	1.266043e+000	1.278703e-010
4.023713692641355e-003	1.266011e+000	1.278672e-010
4.024713692641354e-003	1.265982e+000	1.278642e-010
4.025713692641354e-003	1.265953e+000	1.278613e-010
4.026713692641354e-003	1.265925e+000	1.278585e-010
4.027713692641355e-003	1.265898e+000	1.278557e-010
4.028713692641355e-003	1.265870e+000	1.278529e-010
4.029713692641355e-003	1.265843e+000	1.278502e-010
4.030713692641355e-003	1.265816e+000	1.278474e-010
4.031713692641354e-003	1.265789e+000	1.278447e-010
4.032713692641354e-003	1.265762e+000	1.278419e-010
4.033713692641354e-003	1.265734e+000	1.278392e-010
4.034713692641355e-003	1.265707e+000	1.278364e-010
4.035713692641355e-003	1.265680e+000	1.278337e-010
4.036713692641355e-003	1.265653e+000	1.278310e-010
4.037713692641354e-003	1.265626e+000	1.278282e-010
4.038713692641354e-003	1.265599e+000	1.278255e-010
4.039713692641354e-003	1.265572e+000	1.278227e-010
4.040713692641355e-003	1.265544e+000	1.278200e-010
4.041713692641355e-003	1.265517e+000	1.278173e-010
4.042713692641355e-003	1.265490e+000	1.278145e-010
4.043713692641355e-003	1.265463e+000	1.278118e-010
4.044713692641354e-003	1.265436e+000	1.278090e-010
4.045713692641354e-003	1.265409e+000	1.278063e-010
4.046713692641354e-003	1.265382e+000	1.278035e-010
4.047713692641355e-003	1.265354e+000	1.278008e-010
4.048713692641355e-003	1.265327e+000	1.277980e-010
4.049713692641355e-003	1.265300e+000	1.277953e-010
4.050713692641354e-003	1.265273e+000	1.277926e-010
4.051713692641354e-003	1.265246e+000	1.277898e-010
4.052713692641354e-003	1.265219e+000	1.277871e-010
4.053713692641354e-003	1.265192e+000	1.277844e-010
4.054713692641355e-003	1.265164e+000	1.277816e-010
4.055713692641355e-003	1.265137e+000	1.277789e-010
4.056713692641355e-003	1.265110e+000	1.277761e-010
4.057713692641354e-003	1.265083e+000	1.277734e-010
4.058713692641354e-003	1.265056e+000	1.277706e-010
4.059713692641354e-003	1.265029e+000	1.277679e-010
4.060713692641355e-003	1.265002e+000	1.277652e-010
4.061713692641355e-003	1.264974e+000	1.277624e-010
4.062713692641355e-003	1.264947e+000	1.277597e-010
4.063713692641355e-003	1.264920e+000	1.277569e-010
4.064713692641354e-003	1.264893e+000	1.277542e-010
4.065713692641354e-003	1.264866e+000	1.277514e-010
4.066713692641354e-003	1.264839e+000	1.277487e-010
4.067713692641355e-003	1.264812e+000	1.277460e-010
4.068713692641355e-003	1.264784e+000	1.277432e-010
4.069713692641355e-003	1.264757e+000	1.277405e-010
4.070713692641354e-003	1.264730e+000	1.277378e-010
4.071713692641354e-003	1.264703e+000	1.277350e-010
4.072713692641354e-003	1.264676e+000	1.277323e-010
4.073713692641355e-003	1.264649e+000	1.277295e-010
4.074713692641355e-003	1.264622e+000	1.277268e-010
4.075713692641355e-003	1.264595e+000	1.277241e-010
4.076713692641355e-003	1.264567e+000	1.277213e-010
4.077713692641354e-003	1.264540e+000	1.277186e-010
4.078713692641354e-003	1.264513e+000	1.277158e-010
4.079713692641354e-003	1.264486e+000	1.277131e-010
4.080713692641355e-003	1.264459e+000	1.277103e-010
4.081713692641355e-003	1.264432e+000	1.277076e-010
4.082713692641355e-003	1.264405e+000	1.277049e-010
4.083713692641354e-003	1.264377e+000	1.277021e-010
4.084713692641354e-003	1.264350e+000	1.276994e-010
4.085713692641354e-003	1.264323e+000	1.276966e-010
4.086713692641355e-003	1.264296e+000	1.276939e-010
4.087713692641355e-003	1.264269e+000	1.276912e-010
4.088713692641355e-003	1.264242e+000	1.276884e-010
4.089713692641355e-003	1.264215e+000	1.276857e-010
4.090713692641354e-003	1.264188e+000	1.276829e-010
4.091713692641354e-003	1.264160e+000	1.276802e-010
4.092713692641354e-003	1.264133e+000	1.276775e-010
4.093713692641355e-003	1.264106e+000	1.276747e-010
4.094713692641355e-003	1.264079e+000	1.276720e-010
4.095713692641355e-003	1.264052e+000	1.276692e-010
4.096713692641354e-003	1.264025e+000	1.276665e-010
4.097713692641354e-003	1.263998e+000	1.276638e-010
4.098713692641354e-003	1.263971e+000	1.276610e-010
4.099713692641355e-003	1.263943e+000	1.276583e-010
4.100713692641355e-003	1.263916e+000	1.276556e-010
4.101713692641355e-003	1.263889e+000	1.276528e-010
4.102713692641355e-003	1.263862e+000	1.276501e-010
4.103713692641354e-003	1.263835e+000	1.276473e-010
4.104713692641354e-003	1.263808e+000	1.276446e-010
4.105713692641354e-003	1.263781e+000	1.276419e-010
4.106713692641355e-003	1.263754e+000	1.276391e-010
4.107713692641355e-003	1.263727e+000	1.276364e-010
4.108713692641355e-003	1.263699e+000	1.276336e-010
4.109713692641354e-003	1.263672e+000	1.276309e-010
4.110713692641354e-003	1.263645e+000	1.276282e-010
4.111713692641354e-003	1.263618e+000	1.276254e-010
4.112713692641355e-003	1.263591e+000	1.276227e-010
4.113713692641355e-003	1.263564e+000	1.276199e-010
4.114713692641355e-003	1.263537e+000	1.276172e-010
4.115713692641355e-003	1.263510e+000	1.276145e-010
4.116713692641354e-003	1.263482e+000	1.276117e-010
4.117713692641354e-003	1.263455e+000	1.276090e-010
4.118713692641354e-003	1.263428e+000	1.276063e-010
4.119713692641355e-003	1.263401e+000	1.276035e-010
4.120713692641355e-003	1.263374e+000	1.276008e-010
4.121713692641355e-003	1.263347e+000	1.275980e-010
4.122713692641354e-003	1.263320e+000	1.275953e-010
4.123713692641354e-003	1.263293e+000	1.275926e-010
4.124713692641354e-003	1.263266e+000	1.275898e-010
4.125713692641355e-003	1.263239e+000	1.275871e-010
4.126713692641355e-003	1.263211e+000	1.275844e-010
4.127713692641355e-003	1.263184e+000	1.275816e-010
4.128713692641355e-003	1.263157e+000	1.275789e-010
4.129713692641354e-003	1.263130e+000	1.275761e-010
4.130713692641354e-003	1.263103e+000	1.275734e-010
4.131713692641354e-003	1.263076e+000	1.275707e-010
4.132713692641355e-003	1.263049e+000	1.275679e-010
4.133713692641355e-003	1.263022e+000	1.275652e-010
4.134713692641355e-003	1.262995e+000	1.275625e-010
4.135713692641355e-003	1.262968e+000	1.275597e-010
4.136713692641354e-003	1.262940e+000	1.275570e-010
4.137713692641354e-003	1.262913e+000	1.275542e-010
4.138713692641355e-003	1.262886e+000	1.275515e-010
4.139713692641355e-003	1.262859e+000	1.275488e-010
4.140713692641355e-003	1.262832e+000	1.275460e-010
4.141713692641355e-003	1.262805e+000	1.275433e-010
4.142713692641354e-003	1.262778e+000	1.275406e-010
4.143713692641354e-003	1.262751e+000	1.275378e-010
4.144713692641354e-003	1.262724e+000	1.275351e-010
4.145713692641355e-003	1.262697e+000	1.275323e-010
4.146713692641355e-003	1.262669e+000	1.275296e-010
4.147713692641355e-003	1.262642e+000	1.275269e-010
4.148713692641355e-003	1.262615e+000	1.275241e-010
4.149713692641354e-003	1.262588e+000	1.275214e-010
4.150713692641354e-003	1.262561e+000	1.275187e-010
4.151713692641354e-003	1.262534e+000	1.275159e-010
4.152713692641355e-003	1.262507e+000	1.275132e-010
4.153713692641355e-003	1.262480e+000	1.275105e-010
4.154713692641355e-003	1.262453e+000	1.275077e-010
4.155713692641354e-003	1.262426e+000	1.275050e-010
4.156713692641354e-003	1.262399e+000	1.275023e-010
4.157713692641354e-003	1.262372e+000	1.274995e-010
4.158713692641355e-003	1.262344e+000	1.274968e-010
4.159713692641355e-003	1.262317e+000	1.274940e-010
4.160713692641355e-003	1.262290e+000	1.274913e-010
4.161713692641355e-003	1.262263e+000	1.274886e-010
4.162713692641354e-003	1.262236e+000	1.274858e-010
4.163713692641354e-003	1.262209e+000	1.274831e-010
4.164713692641354e-003	1.262182e+000	1.274804e-010
4.165713692641355e-003	1.262155e+000	1.274776e-010
4.166713692641355e-003	1.262128e+000	1.274749e-010
4.167713692641355e-003	1.262101e+000	1.274722e-010
4.168713692641354e-003	1.262074e+000	1.274694e-010
4.169713692641354e-003	1.262046e+000	1.274667e-010
4.170713692641354e-003	1.262019e+000	1.274640e-010
4.171713692641355e-003	1.261992e+000	1.274612e-010
4.172713692641355e-003	1.261965e+000	1.274585e-010
4.173713692641355e-003	1.261938e+000	1.274558e-010
4.174713692641355e-003	1.261911e+000	1.274530e-010
4.175713692641354e-003	1.261884e+000	1.274503e-010
4.176713692641354e-003	1.261857e+000	1.274476e-010
4.177713692641354e-003	1.261830e+000	1.274448e-010
4.179713692641355e-003	1.261776e+000	1.274393e-010
4.180713692641355e-003	1.261749e+000	1.274366e-010
4.181713692641354e-003	1.261722e+000	1.274339e-010
4.182713692641354e-003	1.261695e+000	1.274311e-010
4.183713692641354e-003	1.261667e+000	1.274284e-010
4.184713692641355e-003	1.261640e+000	1.274257e-010
4.185713692641355e-003	1.261613e+000	1.274229e-010
4.186713692641355e-003	1.261586e+000	1.274202e-010
4.187713692641355e-003	1.261559e+000	1.274175e-010
4.188713692641354e-003	1.261532e+000	1.274147e-010
4.189713692641354e-003	1.261505e+000	1.274120e-010
4.190713692641354e-003	1.261478e+000	1.274093e-010
4.191713692641355e-003	1.261451e+000	1.274065e-010
4.192713692641355e-003	1.261424e+000	1.274038e-010
4.193713692641355e-003	1.261397e+000	1.274011e-010
4.194713692641354e-003	1.261370e+000	1.273983e-010
4.195713692641354e-003	1.261343e+000	1.273956e-010
4.196713692641354e-003	1.261316e+000	1.273929e-010
4.197713692641355e-003	1.261289e+000	1.273901e-010
4.198713692641355e-003	1.261261e+000	1.273874e-010
4.199713692641355e-003	1.261234e+000	1.273847e-010
4.200713692641355e-003	1.261207e+000	1.273819e-010
4.201713692641354e-003	1.261180e+000	1.273792e-010
4.202713692641354e-003	1.261153e+000	1.273765e-010
4.203713692641354e-003	1.261126e+000	1.273737e-010
4.204713692641355e-003	1.261099e+000	1.273710e-010
4.205713692641355e-003	1.261072e+000	1.273683e-010
4.206713692641355e-003	1.261045e+000	1.273655e-010
4.207713692641354e-003	1.261018e+000	1.273628e-010
4.208713692641354e-003	1.260991e+000	1.273601e-010
4.209713692641354e-003	1.260964e+000	1.273573e-010
4.210713692641355e-003	1.260937e+000	1.273546e-010
4.211713692641355e-003	1.260910e+000	1.273519e-010
4.212713692641355e-003	1.260883e+000	1.273491e-010
4.213713692641355e-003	1.260856e+000	1.273464e-010
4.214713692641354e-003	1.260828e+000	1.273437e-010
4.215713692641354e-003	1.260801e+000	1.273409e-010
4.216713692641354e-003	1.260774e+000	1.273382e-010
4.217713692641355e-003	1.260747e+000	1.273355e-010
4.218713692641355e-003	1.260720e+000	1.273328e-010
4.219713692641355e-003	1.260693e+000	1.273300e-010
4.220713692641355e-003	1.260666e+000	1.273273e-010
4.221713692641354e-003	1.260639e+000	1.273246e-010
4.222713692641354e-003	1.260612e+000	1.273218e-010
4.223713692641355e-003	1.260585e+000	1.273191e-010
4.224713692641355e-003	1.260558e+000	1.273164e-010
4.225713692641355e-003	1.260531e+000	1.273136e-010
4.226713692641355e-003	1.260504e+000	1.273109e-010
4.227713692641354e-003	1.260477e+000	1.273082e-010
4.228713692641354e-003	1.260450e+000	1.273054e-010
4.229713692641354e-003	1.260423e+000	1.273027e-010
4.230713692641355e-003	1.260396e+000	1.273000e-010
4.231713692641355e-003	1.260369e+000	1.272972e-010
4.232713692641355e-003	1.260342e+000	1.272945e-010
4.233713692641355e-003	1.260315e+000	1.272918e-010
4.234713692641354e-003	1.260288e+000	1.272890e-010
4.235713692641354e-003	1.260260e+000	1.272863e-010
4.236713692641355e-003	1.260233e+000	1.272836e-010
4.237713692641355e-003	1.260206e+000	1.272809e-010
4.238713692641355e-003	1.260179e+000	1.272781e-010
4.239713692641355e-003	1.260152e+000	1.272754e-010
4.240713692641354e-003	1.260125e+000	1.272727e-010
4.241713692641354e-003	1.260098e+000	1.272699e-010
4.242713692641354e-003	1.260071e+000	1.272672e-010
4.243713692641355e-003	1.260044e+000	1.272645e-010
4.244713692641355e-003	1.260017e+000	1.272617e-010
4.245713692641355e-003	1.259990e+000	1.272590e-010
4.246713692641355e-003	1.259963e+000	1.272563e-010
4.247713692641354e-003	1.259936e+000	1.272535e-010
4.248713692641354e-003	1.259909e+000	1.272508e-010
4.249713692641354e-003	1.259882e+000	1.272481e-010
4.250713692641355e-003	1.259855e+000	1.272454e-010
4.251713692641355e-003	1.259828e+000	1.272426e-010
4.252713692641355e-003	1.259801e+000	1.272399e-010
4.253713692641354e-003	1.259774e+000	1.272372e-010
4.254713692641354e-003	1.259747e+000	1.272344e-010
4.255713692641354e-003	1.259720e+000	1.272317e-010
4.256713692641355e-003	1.259693e+000	1.272290e-010
4.257713692641355e-003	1.259666e+000	1.272262e-010
4.258713692641355e-003	1.259639e+000	1.272235e-010
4.259713692641355e-003	1.259612e+000	1.272208e-010
4.260713692641354e-003	1.259585e+000	1.272181e-010
4.261713692641354e-003	1.259558e+000	1.272153e-010
4.262713692641354e-003	1.259531e+000	1.272126e-010
4.263713692641355e-003	1.259504e+000	1.272099e-010
4.264713692641355e-003	1.259477e+000	1.272071e-010
4.265713692641355e-003	1.259450e+000	1.272044e-010
4.266713692641354e-003	1.259423e+000	1.272017e-010
4.267713692641354e-003	1.259395e+000	1.271989e-010
4.268713692641354e-003	1.259368e+000	1.271962e-010
4.269713692641355e-003	1.259341e+000	1.271935e-010
4.270713692641355e-003	1.259314e+000	1.271908e-010
4.271713692641355e-003	1.259287e+000	1.271880e-010
4.272713692641355e-003	1.259260e+000	1.271853e-010
4.273713692641354e-003	1.259233e+000	1.271826e-010
4.274713692641354e-003	1.259206e+000	1.271798e-010
4.275713692641354e-003	1.259179e+000	1.271771e-010
4.276713692641355e-003	1.259152e+000	1.271744e-010
4.277713692641355e-003	1.259125e+000	1.271717e-010
4.278713692641355e-003	1.259098e+000	1.271689e-010
4.279713692641354e-003	1.259071e+000	1.271662e-010
4.280713692641354e-003	1.259044e+000	1.271635e-010
4.281713692641354e-003	1.259017e+000	1.271607e-010
4.282713692641355e-003	1.258990e+000	1.271580e-010
4.283713692641355e-003	1.258963e+000	1.271553e-010
4.284713692641355e-003	1.258936e+000	1.271526e-010
4.285713692641355e-003	1.258909e+000	1.271498e-010
4.286713692641354e-003	1.258882e+000	1.271471e-010
4.287713692641354e-003	1.258855e+000	1.271444e-010
4.288713692641354e-003	1.258828e+000	1.271416e-010
4.289713692641355e-003	1.258801e+000	1.271389e-010
4.290713692641355e-003	1.258774e+000	1.271362e-010
4.291713692641355e-003	1.258747e+000	1.271335e-010
4.292713692641355e-003	1.258720e+000	1.271307e-010
4.293713692641354e-003	1.258693e+000	1.271280e-010
4.294713692641354e-003	1.258666e+000	1.271253e-010
4.295713692641355e-003	1.258639e+000	1.271225e-010
4.296713692641355e-003	1.258612e+000	1.271198e-010
4.297713692641355e-003	1.258585e+000	1.271171e-010
4.298713692641355e-003	1.258558e+000	1.271144e-010
4.300713692641354e-003	1.258504e+000	1.271089e-010
4.301713692641354e-003	1.258477e+000	1.271062e-010
4.302713692641355e-003	1.258450e+000	1.271035e-010
4.303713692641355e-003	1.258423e+000	1.271007e-010
4.304713692641355e-003	1.258396e+000	1.270980e-010
4.305713692641355e-003	1.258369e+000	1.270953e-010
4.306713692641354e-003	1.258342e+000	1.270926e-010
4.307713692641354e-003	1.258315e+000	1.270898e-010
4.308713692641355e-003	1.258288e+000	1.270871e-010
4.309713692641355e-003	1.258261e+000	1.270844e-010
4.310713692641355e-003	1.258234e+000	1.270817e-010
4.312713692641354e-003	1.258180e+000	1.270762e-010
4.313713692641354e-003	1.258153e+000	1.270735e-010
4.314713692641354e-003	1.258126e+000	1.270707e-010
4.315713692641355e-003	1.258099e+000	1.270680e-010
4.316713692641355e-003	1.258072e+000	1.270653e-010
4.317713692641355e-003	1.258045e+000	1.270626e-010
4.318713692641355e-003	1.258018e+000	1.270598e-010
4.319713692641354e-003	1.257991e+000	1.270571e-010
4.320713692641354e-003	1.257964e+000	1.270544e-010
4.321713692641355e-003	1.257937e+000	1.270517e-010
4.322713692641355e-003	1.257910e+000	1.270489e-010
4.323713692641355e-003	1.257883e+000	1.270462e-010
4.324713692641355e-003	1.257856e+000	1.270435e-010
4.325713692641354e-003	1.257829e+000	1.270408e-010
4.326713692641354e-003	1.257802e+000	1.270380e-010
4.327713692641354e-003	1.257775e+000	1.270353e-010
4.328713692641355e-003	1.257748e+000	1.270326e-010
4.329713692641355e-003	1.257721e+000	1.270299e-010
4.330713692641355e-003	1.257694e+000	1.270271e-010
4.331713692641355e-003	1.257667e+000	1.270244e-010
4.332713692641354e-003	1.257640e+000	1.270217e-010
4.333713692641354e-003	1.257613e+000	1.270190e-010
4.334713692641354e-003	1.257586e+000	1.270162e-010
4.335713692641355e-003	1.257559e+000	1.270135e-010
4.336713692641355e-003	1.257532e+000	1.270108e-010
4.337713692641355e-003	1.257505e+000	1.270080e-010
4.338713692641354e-003	1.257478e+000	1.270053e-010
4.339713692641354e-003	1.257452e+000	1.270026e-010
4.340713692641354e-003	1.257424e+000	1.269999e-010
4.341713692641355e-003	1.257398e+000	1.269971e-010
4.342713692641355e-003	1.257370e+000	1.269944e-010
4.343713692641355e-003	1.257344e+000	1.269917e-010
4.344713692641355e-003	1.257317e+000	1.269890e-010
4.345713692641354e-003	1.257290e+000	1.269863e-010
4.346713692641354e-003	1.257263e+000	1.269835e-010
4.347713692641354e-003	1.257236e+000	1.269808e-010
4.348713692641355e-003	1.257209e+000	1.269781e-010
4.349713692641355e-003	1.257182e+000	1.269753e-010
4.350713692641355e-003	1.257155e+000	1.269726e-010
4.351713692641354e-003	1.257128e+000	1.269699e-010
4.352713692641354e-003	1.257101e+000	1.269672e-010
4.353713692641354e-003	1.257074e+000	1.269645e-010
4.354713692641355e-003	1.257047e+000	1.269617e-010
4.355713692641355e-003	1.257020e+000	1.269590e-010
4.356713692641355e-003	1.256993e+000	1.269563e-010
4.357713692641355e-003	1.256966e+000	1.269536e-010
4.358713692641354e-003	1.256939e+000	1.269508e-010
4.359713692641354e-003	1.256912e+000	1.269481e-010
4.360713692641354e-003	1.256885e+000	1.269454e-010
4.361713692641355e-003	1.256858e+000	1.269427e-010
4.362713692641355e-003	1.256831e+000	1.269399e-010
4.363713692641355e-003	1.256804e+000	1.269372e-010
4.364713692641355e-003	1.256777e+000	1.269345e-010
4.365713692641354e-003	1.256750e+000	1.269318e-010
4.366713692641354e-003	1.256723e+000	1.269291e-010
4.367713692641355e-003	1.256696e+000	1.269263e-010
4.368713692641355e-003	1.256669e+000	1.269236e-010
4.369713692641355e-003	1.256642e+000	1.269209e-010
4.370713692641355e-003	1.256615e+000	1.269182e-010
4.371713692641354e-003	1.256588e+000	1.269154e-010
4.372713692641354e-003	1.256562e+000	1.269127e-010
4.373713692641354e-003	1.256535e+000	1.269100e-010
4.374713692641355e-003	1.256508e+000	1.269073e-010
4.375713692641355e-003	1.256481e+000	1.269045e-010
4.376713692641355e-003	1.256454e+000	1.269018e-010
4.377713692641355e-003	1.256427e+000	1.268991e-010
4.378713692641354e-003	1.256400e+000	1.268964e-010
4.379713692641354e-003	1.256373e+000	1.268936e-010
4.380713692641355e-003	1.256346e+000	1.268909e-010
4.381713692641355e-003	1.256319e+000	1.268882e-010
4.382713692641355e-003	1.256292e+000	1.268855e-010
4.383713692641355e-003	1.256265e+000	1.268828e-010
4.384713692641354e-003	1.256238e+000	1.268800e-010
4.385713692641354e-003	1.256211e+000	1.268773e-010
4.386713692641354e-003	1.256184e+000	1.268746e-010
4.387713692641355e-003	1.256157e+000	1.268719e-010
4.388713692641355e-003	1.256130e+000	1.268691e-010
4.389713692641355e-003	1.256103e+000	1.268664e-010
4.390713692641355e-003	1.256076e+000	1.268637e-010
4.391713692641354e-003	1.256049e+000	1.268610e-010
4.392713692641354e-003	1.256022e+000	1.268583e-010
4.393713692641355e-003	1.255996e+000	1.268555e-010
4.394713692641355e-003	1.255968e+000	1.268528e-010
4.395713692641355e-003	1.255942e+000	1.268501e-010
4.396713692641355e-003	1.255915e+000	1.268474e-010
4.397713692641354e-003	1.255888e+000	1.268446e-010
4.398713692641354e-003	1.255861e+000	1.268419e-010
4.399713692641354e-003	1.255834e+000	1.268392e-010
4.400713692641355e-003	1.255807e+000	1.268365e-010
4.401713692641355e-003	1.255780e+000	1.268338e-010
4.402713692641355e-003	1.255753e+000	1.268310e-010
4.403713692641355e-003	1.255726e+000	1.268283e-010
4.404713692641354e-003	1.255699e+000	1.268256e-010
4.405713692641354e-003	1.255672e+000	1.268229e-010
4.406713692641355e-003	1.255645e+000	1.268202e-010
4.407713692641355e-003	1.255618e+000	1.268174e-010
4.409713692641355e-003	1.255564e+000	1.268120e-010
4.410713692641354e-003	1.255537e+000	1.268093e-010
4.411713692641354e-003	1.255510e+000	1.268066e-010
4.412713692641354e-003	1.255484e+000	1.268038e-010
4.413713692641355e-003	1.255457e+000	1.268011e-010
4.414713692641355e-003	1.255430e+000	1.267984e-010
4.415713692641355e-003	1.255403e+000	1.267957e-010
4.416713692641355e-003	1.255376e+000	1.267930e-010
4.417713692641354e-003	1.255349e+000	1.267902e-010
4.418713692641354e-003	1.255322e+000	1.267875e-010
4.419713692641355e-003	1.255295e+000	1.267848e-010
4.421713692641355e-003	1.255241e+000	1.267794e-010
4.422713692641355e-003	1.255214e+000	1.267766e-010
4.423713692641354e-003	1.255187e+000	1.267739e-010
4.424713692641354e-003	1.255160e+000	1.267712e-010
4.425713692641354e-003	1.255133e+000	1.267685e-010
4.426713692641355e-003	1.255106e+000	1.267658e-010
4.427713692641355e-003	1.255080e+000	1.267630e-010
4.428713692641355e-003	1.255053e+000	1.267603e-010
4.429713692641355e-003	1.255026e+000	1.267576e-010
4.430713692641354e-003	1.254999e+000	1.267549e-010
4.431713692641354e-003	1.254972e+000	1.267522e-010
4.433713692641355e-003	1.254918e+000	1.267467e-010
4.434713692641355e-003	1.254891e+000	1.267440e-010
4.435713692641355e-003	1.254864e+000	1.267413e-010
4.436713692641355e-003	1.254837e+000	1.267386e-010
4.437713692641354e-003	1.254810e+000	1.267358e-010
4.438713692641354e-003	1.254783e+000	1.267331e-010
4.439713692641355e-003	1.254756e+000	1.267304e-010
4.440713692641355e-003	1.254730e+000	1.267277e-010
4.441713692641355e-003	1.254703e+000	1.267250e-010
4.442713692641355e-003	1.254676e+000	1.267222e-010
4.443713692641354e-003	1.254649e+000	1.267195e-010
4.445713692641354e-003	1.254595e+000	1.267141e-010
4.446713692641355e-003	1.254568e+000	1.267114e-010
4.447713692641355e-003	1.254541e+000	1.267087e-010
4.448713692641355e-003	1.254514e+000	1.267059e-010
4.449713692641355e-003	1.254487e+000	1.267032e-010
4.450713692641354e-003	1.254460e+000	1.267005e-010
4.451713692641354e-003	1.254433e+000	1.266978e-010
4.452713692641355e-003	1.254406e+000	1.266951e-010
4.453713692641355e-003	1.254380e+000	1.266923e-010
4.454713692641355e-003	1.254353e+000	1.266896e-010
4.455713692641355e-003	1.254326e+000	1.266869e-010
4.457713692641354e-003	1.254272e+000	1.266815e-010
4.458713692641354e-003	1.254245e+000	1.266788e-010
4.459713692641355e-003	1.254218e+000	1.266760e-010
4.460713692641355e-003	1.254191e+000	1.266733e-010
4.461713692641355e-003	1.254164e+000	1.266706e-010
4.462713692641355e-003	1.254137e+000	1.266679e-010
4.463713692641354e-003	1.254110e+000	1.266652e-010
4.464713692641354e-003	1.254084e+000	1.266624e-010
4.465713692641355e-003	1.254057e+000	1.266597e-010
4.466713692641355e-003	1.254030e+000	1.266570e-010
4.467713692641355e-003	1.254003e+000	1.266543e-010
4.469713692641354e-003	1.253949e+000	1.266489e-010
4.470713692641354e-003	1.253922e+000	1.266461e-010
4.471713692641354e-003	1.253895e+000	1.266434e-010
4.472713692641355e-003	1.253868e+000	1.266407e-010
4.473713692641355e-003	1.253842e+000	1.266380e-010
4.474713692641355e-003	1.253815e+000	1.266353e-010
4.475713692641355e-003	1.253788e+000	1.266326e-010
4.476713692641354e-003	1.253761e+000	1.266298e-010
4.477713692641354e-003	1.253734e+000	1.266271e-010
4.478713692641355e-003	1.253707e+000	1.266244e-010
4.479713692641355e-003	1.253680e+000	1.266217e-010
4.482713692641354e-003	1.253599e+000	1.266135e-010
4.483713692641354e-003	1.253572e+000	1.266108e-010
4.484713692641354e-003	1.253546e+000	1.266081e-010
4.485713692641355e-003	1.253519e+000	1.266054e-010
4.486713692641355e-003	1.253492e+000	1.266027e-010
4.487713692641355e-003	1.253465e+000	1.266000e-010
4.488713692641355e-003	1.253438e+000	1.265972e-010
4.489713692641354e-003	1.253411e+000	1.265945e-010
4.490713692641354e-003	1.253384e+000	1.265918e-010
4.491713692641355e-003	1.253357e+000	1.265891e-010
4.494713692641355e-003	1.253277e+000	1.265809e-010
4.495713692641354e-003	1.253250e+000	1.265782e-010
4.496713692641354e-003	1.253223e+000	1.265755e-010
4.497713692641354e-003	1.253196e+000	1.265728e-010
4.498713692641355e-003	1.253169e+000	1.265701e-010
4.499713692641355e-003	1.253142e+000	1.265674e-010
4.500713692641355e-003	1.253115e+000	1.265646e-010
4.501713692641355e-003	1.253088e+000	1.265619e-010
4.502713692641354e-003	1.253062e+000	1.265592e-010
4.503713692641354e-003	1.253035e+000	1.265565e-010
4.506713692641355e-003	1.252954e+000	1.265484e-010
4.507713692641355e-003	1.252927e+000	1.265456e-010
4.508713692641354e-003	1.252900e+000	1.265429e-010
4.509713692641354e-003	1.252873e+000	1.265402e-010
4.510713692641354e-003	1.252846e+000	1.265375e-010
4.511713692641355e-003	1.252820e+000	1.265348e-010
4.512713692641355e-003	1.252793e+000	1.265321e-010
4.513713692641355e-003	1.252766e+000	1.265293e-010
4.514713692641355e-003	1.252739e+000	1.265266e-010
4.515713692641354e-003	1.252712e+000	1.265239e-010
4.518713692641355e-003	1.252631e+000	1.265158e-010
4.519713692641355e-003	1.252605e+000	1.265131e-010
4.520713692641355e-003	1.252578e+000	1.265103e-010
4.521713692641355e-003	1.252551e+000	1.265076e-010
4.522713692641354e-003	1.252524e+000	1.265049e-010
4.523713692641354e-003	1.252497e+000	1.265022e-010
4.524713692641355e-003	1.252470e+000	1.264995e-010
4.525713692641355e-003	1.252443e+000	1.264968e-010
4.526713692641355e-003	1.252416e+000	1.264941e-010
4.528713692641354e-003	1.252363e+000	1.264886e-010
4.531713692641355e-003	1.252282e+000	1.264805e-010
4.532713692641355e-003	1.252255e+000	1.264778e-010
4.533713692641355e-003	1.252228e+000	1.264751e-010
4.534713692641355e-003	1.252202e+000	1.264724e-010
4.535713692641354e-003	1.252175e+000	1.264696e-010
4.536713692641354e-003	1.252148e+000	1.264669e-010
4.537713692641355e-003	1.252121e+000	1.264642e-010
4.538713692641355e-003	1.252094e+000	1.264615e-010
4.540713692641355e-003	1.252040e+000	1.264561e-010
4.543713692641354e-003	1.251960e+000	1.264479e-010
4.544713692641355e-003	1.251933e+000	1.264452e-010
4.545713692641355e-003	1.251906e+000	1.264425e-010
4.546713692641355e-003	1.251879e+000	1.264398e-010
4.547713692641355e-003	1.251852e+000	1.264371e-010
4.548713692641354e-003	1.251825e+000	1.264344e-010
4.549713692641354e-003	1.251799e+000	1.264317e-010
4.550713692641355e-003	1.251772e+000	1.264290e-010
4.552713692641355e-003	1.251718e+000	1.264235e-010
4.555713692641354e-003	1.251637e+000	1.264154e-010
4.557713692641355e-003	1.251584e+000	1.264100e-010
4.558713692641355e-003	1.251557e+000	1.264073e-010
4.559713692641355e-003	1.251530e+000	1.264045e-010
4.560713692641355e-003	1.251503e+000	1.264018e-010
4.561713692641354e-003	1.251476e+000	1.263991e-010
4.563713692641355e-003	1.251423e+000	1.263937e-010
4.564427978355640e-003	1.251404e+000	1.263918e-010
4.565142264069926e-003	1.251384e+000	1.263898e-010
4.565856549784211e-003	1.251365e+000	1.263879e-010
4.566570835498498e-003	1.251346e+000	1.263859e-010
4.567285121212783e-003	1.251327e+000	1.263840e-010
4.567999406927069e-003	1.251308e+000	1.263821e-010
4.568713692641354e-003	1.251288e+000	1.263801e-010
4.570713692641355e-003	1.251235e+000	1.263747e-010
4.571713692641355e-003	1.251208e+000	1.263720e-010
4.572713692641355e-003	1.251181e+000	1.263693e-010
4.574713692641354e-003	1.251127e+000	1.263639e-010
4.577713692641355e-003	1.251047e+000	1.263557e-010
4.580713692641354e-003	1.250966e+000	1.263476e-010
4.582713692641354e-003	1.250913e+000	1.263422e-010
4.584713692641355e-003	1.250859e+000	1.263368e-010
4.586713692641355e-003	1.250805e+000	1.263313e-010
4.589713692641355e-003	1.250725e+000	1.263232e-010
4.592713692641355e-003	1.250644e+000	1.263151e-010
4.594713692641354e-003	1.250591e+000	1.263097e-010
4.596713692641355e-003	1.250537e+000	1.263042e-010
4.598713692641355e-003	1.250483e+000	1.262988e-010
4.599713692641355e-003	1.250456e+000	1.262961e-010
4.600713692641355e-003	1.250430e+000	1.262934e-010
4.601713692641355e-003	1.250403e+000	1.262907e-010
4.602713692641355e-003	1.250376e+000	1.262880e-010
4.603713692641355e-003	1.250349e+000	1.262853e-010
4.604713692641355e-003	1.250322e+000	1.262826e-010
4.605713692641355e-003	1.250296e+000	1.262798e-010
4.607713692641354e-003	1.250242e+000	1.262744e-010
4.609713692641355e-003	1.250188e+000	1.262690e-010
4.612713692641355e-003	1.250108e+000	1.262609e-010
4.613856549784212e-003	1.250077e+000	1.262578e-010
4.614999406927069e-003	1.250046e+000	1.262547e-010
4.616142264069926e-003	1.250016e+000	1.262516e-010
4.617285121212783e-003	1.249985e+000	1.262485e-010
4.618427978355640e-003	1.249954e+000	1.262454e-010
4.619570835498498e-003	1.249924e+000	1.262423e-010
4.620713692641354e-003	1.249893e+000	1.262392e-010
4.623713692641355e-003	1.249813e+000	1.262311e-010
4.624856549784212e-003	1.249782e+000	1.262280e-010
4.625999406927069e-003	1.249752e+000	1.262249e-010
4.627142264069926e-003	1.249721e+000	1.262218e-010
4.628285121212783e-003	1.249690e+000	1.262187e-010
4.629427978355641e-003	1.249660e+000	1.262156e-010
4.630570835498497e-003	1.249629e+000	1.262125e-010
4.631713692641355e-003	1.249598e+000	1.262094e-010
4.634713692641354e-003	1.249518e+000	1.262013e-010
4.635856549784212e-003	1.249487e+000	1.261982e-010
4.636999406927069e-003	1.249457e+000	1.261951e-010
4.638142264069926e-003	1.249426e+000	1.261920e-010
4.639285121212783e-003	1.249395e+000	1.261889e-010
4.640427978355640e-003	1.249365e+000	1.261858e-010
4.641570835498497e-003	1.249334e+000	1.261827e-010
4.642713692641355e-003	1.249303e+000	1.261797e-010
4.645713692641355e-003	1.249223e+000	1.261715e-010
4.646999406927069e-003	1.249189e+000	1.261681e-010
4.648285121212783e-003	1.249154e+000	1.261646e-010
4.649570835498497e-003	1.249120e+000	1.261611e-010
4.650856549784212e-003	1.249085e+000	1.261576e-010
4.652142264069926e-003	1.249051e+000	1.261541e-010
4.653427978355640e-003	1.249016e+000	1.261506e-010
4.654713692641354e-003	1.248982e+000	1.261472e-010
4.657713692641355e-003	1.248901e+000	1.261390e-010
4.658999406927069e-003	1.248867e+000	1.261356e-010
4.660285121212783e-003	1.248833e+000	1.261321e-010
4.661570835498497e-003	1.248798e+000	1.261286e-010
4.662856549784212e-003	1.248764e+000	1.261251e-010
4.664142264069926e-003	1.248729e+000	1.261217e-010
4.665427978355640e-003	1.248695e+000	1.261182e-010
4.666713692641354e-003	1.248660e+000	1.261147e-010
4.668142264069926e-003	1.248622e+000	1.261108e-010
4.669570835498497e-003	1.248584e+000	1.261070e-010
4.670999406927069e-003	1.248546e+000	1.261031e-010
4.672427978355640e-003	1.248507e+000	1.260992e-010
4.673856549784212e-003	1.248469e+000	1.260954e-010
4.675285121212783e-003	1.248431e+000	1.260915e-010
4.676713692641355e-003	1.248392e+000	1.260876e-010
4.678427978355640e-003	1.248347e+000	1.260830e-010
4.680142264069927e-003	1.248301e+000	1.260784e-010
4.681856549784212e-003	1.248255e+000	1.260737e-010
4.683570835498497e-003	1.248209e+000	1.260691e-010
4.685285121212783e-003	1.248163e+000	1.260645e-010
4.686999406927069e-003	1.248117e+000	1.260598e-010
4.688713692641355e-003	1.248071e+000	1.260552e-010
4.690570835498498e-003	1.248021e+000	1.260502e-010
4.692427978355640e-003	1.247972e+000	1.260451e-010
4.694285121212783e-003	1.247922e+000	1.260401e-010
4.696142264069926e-003	1.247872e+000	1.260351e-010
4.697999406927069e-003	1.247823e+000	1.260301e-010
4.699856549784212e-003	1.247773e+000	1.260251e-010
4.701713692641355e-003	1.247723e+000	1.260200e-010
4.703570835498497e-003	1.247673e+000	1.260150e-010
4.705427978355640e-003	1.247624e+000	1.260100e-010
4.707285121212783e-003	1.247574e+000	1.260050e-010
4.709142264069926e-003	1.247524e+000	1.259999e-010
4.710999406927069e-003	1.247475e+000	1.259949e-010
4.712856549784212e-003	1.247425e+000	1.259899e-010
4.714713692641355e-003	1.247375e+000	1.259849e-010
4.716570835498497e-003	1.247325e+000	1.259799e-010
4.718427978355640e-003	1.247276e+000	1.259749e-010
4.720285121212783e-003	1.247226e+000	1.259698e-010
4.722142264069926e-003	1.247176e+000	1.259648e-010
4.723999406927069e-003	1.247127e+000	1.259598e-010
4.725856549784212e-003	1.247077e+000	1.259548e-010
4.727713692641355e-003	1.247027e+000	1.259498e-010
4.729713692641355e-003	1.246974e+000	1.259444e-010
4.731713692641354e-003	1.246920e+000	1.259390e-010
4.733713692641355e-003	1.246867e+000	1.259336e-010
4.735713692641355e-003	1.246813e+000	1.259281e-010
4.737713692641355e-003	1.246760e+000	1.259227e-010
4.739713692641354e-003	1.246706e+000	1.259173e-010
4.741713692641355e-003	1.246653e+000	1.259119e-010
4.744285121212783e-003	1.246584e+000	1.259050e-010
4.746856549784212e-003	1.246515e+000	1.258980e-010
4.749427978355640e-003	1.246447e+000	1.258911e-010
4.751999406927069e-003	1.246378e+000	1.258842e-010
4.754570835498497e-003	1.246309e+000	1.258772e-010
4.757142264069926e-003	1.246240e+000	1.258703e-010
4.759713692641355e-003	1.246171e+000	1.258633e-010
4.762427978355640e-003	1.246099e+000	1.258560e-010
4.765142264069926e-003	1.246026e+000	1.258487e-010
4.767856549784211e-003	1.245954e+000	1.258413e-010
4.770570835498498e-003	1.245881e+000	1.258340e-010
4.773285121212783e-003	1.245809e+000	1.258267e-010
4.775999406927069e-003	1.245736e+000	1.258194e-010
4.778713692641354e-003	1.245664e+000	1.258120e-010
4.782427978355640e-003	1.245564e+000	1.258020e-010
4.786142264069926e-003	1.245465e+000	1.257920e-010
4.789856549784212e-003	1.245366e+000	1.257820e-010
4.793570835498497e-003	1.245267e+000	1.257719e-010
4.797285121212783e-003	1.245167e+000	1.257619e-010
4.800999406927069e-003	1.245068e+000	1.257519e-010
4.804713692641354e-003	1.244969e+000	1.257419e-010
4.808999406927069e-003	1.244855e+000	1.257303e-010
4.813285121212783e-003	1.244740e+000	1.257188e-010
4.817570835498498e-003	1.244626e+000	1.257072e-010
4.821856549784211e-003	1.244511e+000	1.256956e-010
4.826142264069926e-003	1.244397e+000	1.256841e-010
4.830427978355640e-003	1.244282e+000	1.256725e-010
4.834713692641355e-003	1.244168e+000	1.256610e-010
4.935713692641354e-003	1.241475e+000	1.253890e-010
4.997713692641355e-003	1.239825e+000	1.252223e-010
4.998713692641355e-003	1.239798e+000	1.252196e-010
4.999000000000000e-003	1.239791e+000	1.252189e-010
4.999427385282709e-003	1.239779e+000	1.252177e-010
5.000000000000000e-003	1.239764e+000	1.252162e-010
5.000964603740720e-003	1.239739e+000	1.252136e-010
5.053100949956761e-003	1.238353e+000	1.250736e-010
5.105237296172802e-003	1.236969e+000	1.249338e-010
5.157373642388843e-003	1.235586e+000	1.247942e-010
5.209509988604885e-003	1.234205e+000	1.246547e-010
5.261646334820926e-003	1.232825e+000	1.245153e-010
5.313782681036967e-003	1.231447e+000	1.243762e-010
5.365919027253008e-003	1.230071e+000	1.242371e-010
5.366849797260723e-003	1.230046e+000	1.242347e-010
5.367729317898121e-003	1.230023e+000	1.242323e-010
5.368454660220291e-003	1.230004e+000	1.242304e-010
5.369018864159477e-003	1.229989e+000	1.242289e-010
5.369341567119609e-003	1.229980e+000	1.242280e-010
5.369455677464511e-003	1.229978e+000	1.242278e-010
5.369484668125473e-003	1.229976e+000	1.242276e-010
5.369496192705738e-003	1.229978e+000	1.242278e-010
5.369500280652919e-003	1.229973e+000	1.242273e-010
5.369501854544299e-003	1.229982e+000	1.242282e-010
5.369502453290810e-003	1.229972e+000	1.242272e-010
5.369502693741597e-003	1.229974e+000	1.242274e-010
5.369502828977321e-003	1.229977e+000	1.242277e-010
5.369502993837925e-003	1.229976e+000	1.242276e-010
5.369503130201180e-003	1.229976e+000	1.242276e-010
5.369503270771005e-003	1.229976e+000	1.242276e-010
5.369503407418303e-003	1.229976e+000	1.242276e-010
5.369503556394677e-003	1.229976e+000	1.242276e-010
5.369503721371779e-003	1.229976e+000	1.242276e-010
5.369503909532647e-003	1.229976e+000	1.242276e-010
5.369504132383009e-003	1.229976e+000	1.242276e-010
5.369504397114235e-003	1.229976e+000	1.242276e-010
5.369504718789527e-003	1.229976e+000	1.242276e-010
5.369505111613895e-003	1.229976e+000	1.242276e-010
5.369505594937829e-003	1.229976e+000	1.242276e-010
5.369506221331988e-003	1.229976e+000	1.242276e-010
5.369507097633467e-003	1.229976e+000	1.242276e-010
5.369508407157450e-003	1.229976e+000	1.242276e-010
5.369510564909339e-003	1.229976e+000	1.242276e-010
5.369514551468268e-003	1.229976e+000	1.242276e-010
5.369522524586126e-003	1.229976e+000	1.242276e-010
5.369538470821843e-003	1.229975e+000	1.242275e-010
5.369570363293275e-003	1.229975e+000	1.242274e-010
5.369634148236140e-003	1.229973e+000	1.242273e-010
5.369761718121870e-003	1.229970e+000	1.242269e-010
5.370016857893329e-003	1.229963e+000	1.242262e-010
5.925527137436248e-003	1.215395e+000	1.227549e-010
6.949527137436248e-003	1.188997e+000	1.200887e-010
6.999527137436248e-003	1.187723e+000	1.199600e-010
7.000000000000000e-003	1.187721e+000	1.199598e-010
