time	V(vout)	-I(Rl)
0.000000000000000e+000	9.996057e+000	1.009602e-009
1.009638400021875e-003	9.996057e+000	1.009602e-009
2.000000000000000e-003	9.996057e+000	1.009602e-009
2.000000746295775e-003	9.472404e+000	6.140385e-001
2.000002238887326e-003	9.133357e+000	9.133357e-001
2.000002506122921e-003	9.146363e+000	9.146363e-001
2.000002668493849e-003	9.156927e+000	9.156927e-001
2.000002727205235e-003	9.156445e+000	9.156443e-001
2.000002806241439e-003	9.156517e+000	9.156517e-001
2.000002877466742e-003	9.156535e+000	9.156535e-001
2.000003019917348e-003	9.156548e+000	9.156547e-001
2.000003264177686e-003	9.156536e+000	9.156536e-001
2.000003700002276e-003	9.156542e+000	9.156541e-001
2.000004212882830e-003	9.156659e+000	9.156659e-001
2.000005086078174e-003	9.157260e+000	9.157260e-001
2.000006718993566e-003	9.159643e+000	9.159643e-001
2.000009061795561e-003	9.165689e+000	9.165689e-001
2.000012231980210e-003	9.178046e+000	9.178047e-001
2.000017323365372e-003	9.203163e+000	9.203163e-001
2.000022356240239e-003	9.230401e+000	9.230402e-001
2.000029103248603e-003	9.266939e+000	9.266939e-001
2.000036661381291e-003	9.305007e+000	9.305007e-001
2.000047606701362e-003	9.353846e+000	9.353846e-001
2.000058177245097e-003	9.393851e+000	9.393852e-001
2.000069813997106e-003	9.429900e+000	9.429901e-001
2.000080498581606e-003	9.456498e+000	9.456497e-001
2.000091787853262e-003	9.478813e+000	9.478813e-001
2.000102133151511e-003	9.495014e+000	9.495015e-001
2.000114421984207e-003	9.510249e+000	9.510250e-001
2.000127661378167e-003	9.523611e+000	9.523611e-001
2.000140501965348e-003	9.534788e+000	9.534788e-001
2.000152217970990e-003	9.544708e+000	9.544708e-001
2.000163053738240e-003	9.555258e+000	9.555258e-001
2.000174094084717e-003	9.569853e+000	9.569852e-001
2.000186619513370e-003	9.595305e+000	9.595306e-001
2.000201819856763e-003	9.642957e+000	9.642957e-001
2.000215505226503e-003	9.706447e+000	9.706447e-001
2.000233054234780e-003	9.816057e+000	9.816058e-001
2.000250415259891e-003	9.947605e+000	9.947605e-001
2.000268888687700e-003	1.010222e+001	1.010222e+000
2.000279348571499e-003	1.019079e+001	1.019079e+000
2.000292494856944e-003	1.029648e+001	1.029648e+000
2.000311532659629e-003	1.043411e+001	1.043411e+000
2.000329347979108e-003	1.053964e+001	1.053964e+000
2.000353335755886e-003	1.064007e+001	1.064007e+000
2.000379637466067e-003	1.070096e+001	1.070096e+000
2.000404084594263e-003	1.071634e+001	1.071634e+000
2.000422463663839e-003	1.070716e+001	1.070716e+000
2.000437009417266e-003	1.069272e+001	1.069273e+000
2.000450254743321e-003	1.067878e+001	1.067878e+000
2.000464650244320e-003	1.066469e+001	1.066469e+000
2.000480213409726e-003	1.065043e+001	1.065043e+000
2.000498621024495e-003	1.063419e+001	1.063419e+000
2.000517041860831e-003	1.061829e+001	1.061829e+000
2.000533718215437e-003	1.060416e+001	1.060416e+000
2.000548716340388e-003	1.059165e+001	1.059165e+000
2.000563392801092e-003	1.057960e+001	1.057960e+000
2.000576685822218e-003	1.056884e+001	1.056884e+000
2.000588840996744e-003	1.055917e+001	1.055917e+000
2.000600991170154e-003	1.055002e+001	1.055002e+000
2.000616263929105e-003	1.053997e+001	1.053997e+000
2.000633121842085e-003	1.053023e+001	1.053023e+000
2.000651295848723e-003	1.051958e+001	1.051958e+000
2.000672064875931e-003	1.050619e+001	1.050619e+000
2.000695783940755e-003	1.048981e+001	1.048981e+000
2.000724986769222e-003	1.046903e+001	1.046903e+000
2.000756763417168e-003	1.044637e+001	1.044637e+000
2.000786767496185e-003	1.042526e+001	1.042526e+000
2.000818516236333e-003	1.040337e+001	1.040337e+000
2.000853813047109e-003	1.037965e+001	1.037965e+000
2.000895132144687e-003	1.035274e+001	1.035274e+000
2.000960584459223e-003	1.031169e+001	1.031169e+000
2.001025766869647e-003	1.027248e+001	1.027248e+000
2.001089655121829e-003	1.023590e+001	1.023590e+000
2.001185881602749e-003	1.018395e+001	1.018395e+000
2.001323484623465e-003	1.011467e+001	1.011467e+000
2.001483123652178e-003	1.004186e+001	1.004186e+000
2.001802401709604e-003	9.913167e+000	9.913167e-001
2.002135140675570e-003	9.795225e+000	9.795225e-001
2.002278956508098e-003	9.752551e+000	9.752551e-001
2.002372550577208e-003	9.732194e+000	9.732194e-001
2.002450198254982e-003	9.722478e+000	9.722478e-001
2.002506715717456e-003	9.720167e+000	9.720168e-001
2.002539459357414e-003	9.720881e+000	9.720881e-001
2.002575559811590e-003	9.723086e+000	9.723087e-001
2.002617654900133e-003	9.726578e+000	9.726577e-001
2.002656862066285e-003	9.730291e+000	9.730291e-001
2.002704746461542e-003	9.734972e+000	9.734972e-001
2.002752549735663e-003	9.739467e+000	9.739467e-001
2.002805224825318e-003	9.744053e+000	9.744053e-001
2.002862305351412e-003	9.748610e+000	9.748611e-001
2.002916547904240e-003	9.752625e+000	9.752625e-001
2.002979925970646e-003	9.757070e+000	9.757070e-001
2.003062794289310e-003	9.762714e+000	9.762715e-001
2.003174621876214e-003	9.770209e+000	9.770209e-001
2.003286385416336e-003	9.777572e+000	9.777572e-001
2.003414488577807e-003	9.785756e+000	9.785756e-001
2.003604204478957e-003	9.797273e+000	9.797273e-001
2.003920580840359e-003	9.815260e+000	9.815260e-001
2.004223468545063e-003	9.830887e+000	9.830887e-001
2.004829243954471e-003	9.857941e+000	9.857941e-001
2.005682591776999e-003	9.889324e+000	9.889324e-001
2.006682591776999e-003	9.917872e+000	9.917872e-001
2.007682591776999e-003	9.939171e+000	9.939170e-001
2.008682591776999e-003	9.954754e+000	9.954754e-001
2.009682591776999e-003	9.966114e+000	9.966114e-001
2.010682591776999e-003	9.974370e+000	9.974369e-001
2.011682591776999e-003	9.980350e+000	9.980350e-001
2.012682591776999e-003	9.984665e+000	9.984665e-001
2.013682591776999e-003	9.987766e+000	9.987766e-001
2.014682591776999e-003	9.989983e+000	9.989982e-001
2.015682591776999e-003	9.991556e+000	9.991555e-001
2.016682591776999e-003	9.992662e+000	9.992663e-001
2.017682591776999e-003	9.993433e+000	9.993433e-001
2.018682591776999e-003	9.993959e+000	9.993960e-001
2.019682591776999e-003	9.994312e+000	9.994313e-001
2.020682591776999e-003	9.994541e+000	9.994541e-001
2.021682591776999e-003	9.994682e+000	9.994683e-001
2.022682591776999e-003	9.994762e+000	9.994762e-001
2.023682591776999e-003	9.994800e+000	9.994799e-001
2.024682591776999e-003	9.994807e+000	9.994807e-001
2.025682591776999e-003	9.994796e+000	9.994796e-001
2.026682591776999e-003	9.994773e+000	9.994773e-001
2.027682591776999e-003	9.994741e+000	9.994742e-001
2.028682591776999e-003	9.994707e+000	9.994707e-001
2.029682591776999e-003	9.994671e+000	9.994671e-001
2.030682591776999e-003	9.994636e+000	9.994635e-001
2.031682591776999e-003	9.994600e+000	9.994600e-001
2.032682591776999e-003	9.994567e+000	9.994568e-001
2.033682591776999e-003	9.994536e+000	9.994537e-001
2.034682591776999e-003	9.994508e+000	9.994508e-001
2.035682591776999e-003	9.994482e+000	9.994482e-001
2.036682591776999e-003	9.994457e+000	9.994458e-001
2.037682591776999e-003	9.994436e+000	9.994437e-001
2.038682591776999e-003	9.994417e+000	9.994417e-001
2.039682591776999e-003	9.994400e+000	9.994400e-001
2.040682591776999e-003	9.994385e+000	9.994384e-001
2.041682591776999e-003	9.994370e+000	9.994370e-001
2.042682591777000e-003	9.994358e+000	9.994358e-001
2.043682591776999e-003	9.994348e+000	9.994348e-001
2.044682591776999e-003	9.994339e+000	9.994339e-001
2.045682591776999e-003	9.994330e+000	9.994330e-001
2.046682591776999e-003	9.994324e+000	9.994323e-001
2.047682591776999e-003	9.994318e+000	9.994317e-001
2.048682591776999e-003	9.994312e+000	9.994312e-001
2.049682591776999e-003	9.994308e+000	9.994308e-001
2.050682591776999e-003	9.994304e+000	9.994304e-001
2.051682591776999e-003	9.994301e+000	9.994301e-001
2.052682591776999e-003	9.994298e+000	9.994298e-001
2.053682591776999e-003	9.994295e+000	9.994296e-001
2.054682591776999e-003	9.994294e+000	9.994294e-001
2.055682591776999e-003	9.994293e+000	9.994293e-001
2.056682591776999e-003	9.994292e+000	9.994292e-001
2.057682591776999e-003	9.994291e+000	9.994291e-001
2.058682591776999e-003	9.994291e+000	9.994291e-001
2.059682591776999e-003	9.994291e+000	9.994291e-001
2.060682591776999e-003	9.994291e+000	9.994291e-001
2.061682591776999e-003	9.994291e+000	9.994291e-001
2.062682591776999e-003	9.994292e+000	9.994292e-001
2.063682591776999e-003	9.994292e+000	9.994292e-001
2.064682591776999e-003	9.994293e+000	9.994293e-001
2.065682591776999e-003	9.994294e+000	9.994295e-001
2.066682591776999e-003	9.994295e+000	9.994295e-001
2.067682591776999e-003	9.994296e+000	9.994296e-001
2.068682591776999e-003	9.994298e+000	9.994298e-001
2.069682591776999e-003	9.994299e+000	9.994299e-001
2.070682591776999e-003	9.994301e+000	9.994300e-001
2.071682591776999e-003	9.994302e+000	9.994302e-001
2.072682591776999e-003	9.994303e+000	9.994303e-001
2.073682591776999e-003	9.994305e+000	9.994305e-001
2.074682591776999e-003	9.994307e+000	9.994306e-001
2.075682591776999e-003	9.994308e+000	9.994308e-001
2.076682591776999e-003	9.994309e+000	9.994309e-001
2.077682591776999e-003	9.994310e+000	9.994311e-001
2.078682591776999e-003	9.994312e+000	9.994312e-001
2.079682591776999e-003	9.994313e+000	9.994314e-001
2.080682591776999e-003	9.994315e+000	9.994315e-001
2.081682591776999e-003	9.994316e+000	9.994317e-001
2.082682591776999e-003	9.994318e+000	9.994318e-001
2.083682591776999e-003	9.994320e+000	9.994320e-001
2.084682591776999e-003	9.994322e+000	9.994321e-001
2.085682591776999e-003	9.994323e+000	9.994323e-001
2.086682591776999e-003	9.994325e+000	9.994324e-001
2.087682591776999e-003	9.994326e+000	9.994326e-001
2.088682591776999e-003	9.994328e+000	9.994327e-001
2.089682591776999e-003	9.994328e+000	9.994329e-001
2.090682591776999e-003	9.994330e+000	9.994330e-001
2.091682591777000e-003	9.994331e+000	9.994332e-001
2.092682591776999e-003	9.994333e+000	9.994333e-001
2.093682591776999e-003	9.994335e+000	9.994335e-001
2.094682591776999e-003	9.994337e+000	9.994336e-001
2.095682591776999e-003	9.994338e+000	9.994338e-001
2.096682591776999e-003	9.994340e+000	9.994339e-001
2.097682591776999e-003	9.994341e+000	9.994341e-001
2.098682591776999e-003	9.994343e+000	9.994342e-001
2.099682591776999e-003	9.994344e+000	9.994344e-001
2.100682591776999e-003	9.994345e+000	9.994345e-001
2.101682591776999e-003	9.994347e+000	9.994346e-001
2.102682591776999e-003	9.994348e+000	9.994348e-001
2.103682591776999e-003	9.994349e+000	9.994349e-001
2.104682591776999e-003	9.994350e+000	9.994351e-001
2.105682591776999e-003	9.994351e+000	9.994352e-001
2.106682591776999e-003	9.994353e+000	9.994353e-001
2.107682591776999e-003	9.994354e+000	9.994354e-001
2.109682591776999e-003	9.994356e+000	9.994357e-001
2.110682591776999e-003	9.994358e+000	9.994358e-001
2.111682591776999e-003	9.994359e+000	9.994359e-001
2.112682591776999e-003	9.994361e+000	9.994360e-001
2.113682591776999e-003	9.994362e+000	9.994362e-001
2.114682591776999e-003	9.994364e+000	9.994363e-001
2.115682591776999e-003	9.994364e+000	9.994364e-001
2.116682591776999e-003	9.994366e+000	9.994366e-001
2.117682591776999e-003	9.994367e+000	9.994367e-001
2.118682591776999e-003	9.994368e+000	9.994367e-001
2.119682591776999e-003	9.994370e+000	9.994369e-001
2.121682591776999e-003	9.994371e+000	9.994371e-001
2.122682591776999e-003	9.994372e+000	9.994372e-001
2.123682591776999e-003	9.994373e+000	9.994373e-001
2.124682591776999e-003	9.994375e+000	9.994375e-001
2.125682591776999e-003	9.994375e+000	9.994376e-001
2.126682591776999e-003	9.994377e+000	9.994376e-001
2.127682591776999e-003	9.994377e+000	9.994377e-001
2.128682591776999e-003	9.994379e+000	9.994379e-001
2.129682591776999e-003	9.994379e+000	9.994380e-001
2.130682591776999e-003	9.994381e+000	9.994380e-001
2.131682591776999e-003	9.994381e+000	9.994382e-001
2.132682591776999e-003	9.994383e+000	9.994383e-001
2.133682591776999e-003	9.994383e+000	9.994384e-001
2.134682591776999e-003	9.994385e+000	9.994385e-001
2.135682591776999e-003	9.994386e+000	9.994386e-001
2.136682591776999e-003	9.994387e+000	9.994386e-001
2.137682591776999e-003	9.994388e+000	9.994388e-001
2.138682591776999e-003	9.994389e+000	9.994388e-001
2.139682591776999e-003	9.994389e+000	9.994389e-001
2.140682591777000e-003	9.994390e+000	9.994390e-001
2.141682591776999e-003	9.994390e+000	9.994391e-001
2.142682591776999e-003	9.994392e+000	9.994392e-001
2.143682591776999e-003	9.994392e+000	9.994393e-001
2.144682591776999e-003	9.994394e+000	9.994394e-001
2.145682591776999e-003	9.994394e+000	9.994395e-001
2.146682591776999e-003	9.994396e+000	9.994395e-001
2.147682591776999e-003	9.994396e+000	9.994397e-001
2.148682591776999e-003	9.994398e+000	9.994397e-001
2.149682591776999e-003	9.994398e+000	9.994398e-001
2.150682591776999e-003	9.994399e+000	9.994399e-001
2.151682591776999e-003	9.994400e+000	9.994400e-001
2.152682591776999e-003	9.994400e+000	9.994401e-001
2.153682591776999e-003	9.994402e+000	9.994401e-001
2.154682591776999e-003	9.994402e+000	9.994402e-001
2.155682591776999e-003	9.994403e+000	9.994403e-001
2.156682591776999e-003	9.994404e+000	9.994404e-001
2.157682591776999e-003	9.994404e+000	9.994404e-001
2.158682591776999e-003	9.994406e+000	9.994405e-001
2.159682591776999e-003	9.994406e+000	9.994406e-001
2.160682591776999e-003	9.994407e+000	9.994407e-001
2.161682591776999e-003	9.994408e+000	9.994407e-001
2.162682591776999e-003	9.994408e+000	9.994408e-001
2.163682591776999e-003	9.994409e+000	9.994409e-001
2.164682591776999e-003	9.994410e+000	9.994410e-001
2.165682591776999e-003	9.994410e+000	9.994410e-001
2.166682591776999e-003	9.994411e+000	9.994411e-001
2.167682591776999e-003	9.994411e+000	9.994411e-001
2.168682591776999e-003	9.994412e+000	9.994413e-001
2.170682591776999e-003	9.994413e+000	9.994414e-001
2.171682591776999e-003	9.994414e+000	9.994414e-001
2.172682591776999e-003	9.994415e+000	9.994415e-001
2.173682591776999e-003	9.994415e+000	9.994416e-001
2.174682591776999e-003	9.994416e+000	9.994416e-001
2.175682591776999e-003	9.994417e+000	9.994417e-001
2.176682591776999e-003	9.994417e+000	9.994417e-001
2.177682591776999e-003	9.994418e+000	9.994419e-001
2.178682591776999e-003	9.994419e+000	9.994419e-001
2.179682591776999e-003	9.994419e+000	9.994420e-001
2.180682591776999e-003	9.994420e+000	9.994420e-001
2.182682591776999e-003	9.994421e+000	9.994421e-001
2.183682591776999e-003	9.994422e+000	9.994422e-001
2.184682591776999e-003	9.994423e+000	9.994422e-001
2.185682591776999e-003	9.994423e+000	9.994423e-001
2.186682591776999e-003	9.994424e+000	9.994423e-001
2.187682591776999e-003	9.994424e+000	9.994424e-001
2.188682591776999e-003	9.994425e+000	9.994425e-001
2.189682591777000e-003	9.994425e+000	9.994425e-001
2.190682591776999e-003	9.994426e+000	9.994426e-001
2.191682591776999e-003	9.994427e+000	9.994426e-001
2.192682591776999e-003	9.994427e+000	9.994427e-001
2.194682591776999e-003	9.994428e+000	9.994428e-001
2.195682591776999e-003	9.994429e+000	9.994429e-001
2.196682591776999e-003	9.994429e+000	9.994429e-001
2.197682591776999e-003	9.994430e+000	9.994429e-001
2.198682591776999e-003	9.994431e+000	9.994430e-001
2.199682591776999e-003	9.994431e+000	9.994431e-001
2.200682591776999e-003	9.994431e+000	9.994431e-001
2.201682591776999e-003	9.994431e+000	9.994432e-001
2.202682591776999e-003	9.994432e+000	9.994432e-001
2.203682591776999e-003	9.994432e+000	9.994432e-001
2.204682591776999e-003	9.994433e+000	9.994433e-001
2.206682591776999e-003	9.994434e+000	9.994434e-001
2.207682591776999e-003	9.994434e+000	9.994434e-001
2.208682591776999e-003	9.994435e+000	9.994435e-001
2.209682591776999e-003	9.994435e+000	9.994435e-001
2.210682591776999e-003	9.994436e+000	9.994436e-001
2.211682591776999e-003	9.994436e+000	9.994437e-001
2.212682591776999e-003	9.994436e+000	9.994437e-001
2.213682591776999e-003	9.994437e+000	9.994437e-001
2.214682591776999e-003	9.994437e+000	9.994437e-001
2.215682591776999e-003	9.994438e+000	9.994438e-001
2.216682591776999e-003	9.994438e+000	9.994438e-001
2.218682591776999e-003	9.994439e+000	9.994439e-001
2.219682591776999e-003	9.994439e+000	9.994439e-001
2.220682591776999e-003	9.994440e+000	9.994440e-001
2.221682591776999e-003	9.994440e+000	9.994441e-001
2.222682591776999e-003	9.994441e+000	9.994441e-001
2.223682591776999e-003	9.994441e+000	9.994441e-001
2.224682591776999e-003	9.994442e+000	9.994441e-001
2.225682591776999e-003	9.994442e+000	9.994442e-001
2.226682591776999e-003	9.994442e+000	9.994442e-001
2.227682591776999e-003	9.994443e+000	9.994442e-001
2.228682591776999e-003	9.994443e+000	9.994443e-001
2.231682591776999e-003	9.994444e+000	9.994444e-001
2.232682591776999e-003	9.994445e+000	9.994444e-001
2.233682591776999e-003	9.994445e+000	9.994445e-001
2.234682591776999e-003	9.994446e+000	9.994445e-001
2.235682591776999e-003	9.994446e+000	9.994445e-001
2.236682591776999e-003	9.994446e+000	9.994446e-001
2.237682591776999e-003	9.994446e+000	9.994446e-001
2.238682591777000e-003	9.994447e+000	9.994447e-001
2.239682591776999e-003	9.994447e+000	9.994447e-001
2.240682591776999e-003	9.994448e+000	9.994447e-001
2.243682591776999e-003	9.994448e+000	9.994448e-001
2.244682591776999e-003	9.994449e+000	9.994448e-001
2.245682591776999e-003	9.994449e+000	9.994449e-001
2.246682591776999e-003	9.994450e+000	9.994449e-001
2.247682591776999e-003	9.994450e+000	9.994450e-001
2.248682591776999e-003	9.994450e+000	9.994450e-001
2.249682591776999e-003	9.994450e+000	9.994450e-001
2.250682591776999e-003	9.994451e+000	9.994450e-001
2.251682591776999e-003	9.994451e+000	9.994451e-001
2.252682591776999e-003	9.994452e+000	9.994451e-001
2.255682591776999e-003	9.994452e+000	9.994452e-001
2.256682591776999e-003	9.994452e+000	9.994452e-001
2.257682591776999e-003	9.994452e+000	9.994453e-001
2.258682591776999e-003	9.994452e+000	9.994453e-001
2.259682591776999e-003	9.994453e+000	9.994453e-001
2.260682591776999e-003	9.994453e+000	9.994453e-001
2.261682591776999e-003	9.994453e+000	9.994454e-001
2.262682591776999e-003	9.994453e+000	9.994454e-001
2.263682591776999e-003	9.994453e+000	9.994454e-001
2.264682591776999e-003	9.994454e+000	9.994454e-001
2.266682591776999e-003	9.994455e+000	9.994454e-001
2.268682591776999e-003	9.994455e+000	9.994455e-001
2.269682591776999e-003	9.994455e+000	9.994456e-001
2.270682591776999e-003	9.994455e+000	9.994456e-001
2.271682591776999e-003	9.994455e+000	9.994456e-001
2.272682591776999e-003	9.994456e+000	9.994456e-001
2.273682591776999e-003	9.994456e+000	9.994457e-001
2.274682591776999e-003	9.994457e+000	9.994457e-001
2.275682591776999e-003	9.994457e+000	9.994457e-001
2.276682591776999e-003	9.994457e+000	9.994457e-001
2.278682591776999e-003	9.994457e+000	9.994457e-001
2.280682591776999e-003	9.994458e+000	9.994458e-001
2.281682591776999e-003	9.994458e+000	9.994459e-001
2.282682591776999e-003	9.994459e+000	9.994459e-001
2.283682591776999e-003	9.994459e+000	9.994459e-001
2.284682591776999e-003	9.994459e+000	9.994459e-001
2.285682591776999e-003	9.994459e+000	9.994459e-001
2.286682591776999e-003	9.994459e+000	9.994459e-001
2.287682591776999e-003	9.994459e+000	9.994460e-001
2.288682591776999e-003	9.994459e+000	9.994460e-001
2.290682591776999e-003	9.994460e+000	9.994460e-001
2.292682591776999e-003	9.994461e+000	9.994460e-001
2.293682591776999e-003	9.994461e+000	9.994461e-001
2.294682591776999e-003	9.994461e+000	9.994461e-001
2.295682591776999e-003	9.994461e+000	9.994461e-001
2.296682591776999e-003	9.994461e+000	9.994461e-001
2.297682591776999e-003	9.994461e+000	9.994462e-001
2.298682591776999e-003	9.994461e+000	9.994462e-001
2.299682591776999e-003	9.994461e+000	9.994462e-001
2.300682591776999e-003	9.994462e+000	9.994462e-001
2.302682591776999e-003	9.994463e+000	9.994462e-001
2.304682591776999e-003	9.994463e+000	9.994463e-001
2.305682591776999e-003	9.994463e+000	9.994463e-001
2.306682591776999e-003	9.994463e+000	9.994463e-001
2.307682591776999e-003	9.994463e+000	9.994463e-001
2.308682591776999e-003	9.994463e+000	9.994463e-001
2.309682591776999e-003	9.994463e+000	9.994464e-001
2.310682591776999e-003	9.994464e+000	9.994464e-001
2.311682591776999e-003	9.994464e+000	9.994464e-001
2.312682591776999e-003	9.994465e+000	9.994464e-001
2.314682591776999e-003	9.994465e+000	9.994465e-001
2.317682591776999e-003	9.994465e+000	9.994465e-001
2.318682591776999e-003	9.994465e+000	9.994465e-001
2.319682591776999e-003	9.994465e+000	9.994465e-001
2.320682591776999e-003	9.994465e+000	9.994465e-001
2.321682591776999e-003	9.994465e+000	9.994466e-001
2.322682591776999e-003	9.994465e+000	9.994466e-001
2.323682591776999e-003	9.994465e+000	9.994466e-001
2.325682591776999e-003	9.994466e+000	9.994466e-001
2.326396877491285e-003	9.994466e+000	9.994466e-001
2.327111163205571e-003	9.994466e+000	9.994466e-001
2.327825448919857e-003	9.994467e+000	9.994466e-001
2.328539734634142e-003	9.994467e+000	9.994466e-001
2.329254020348428e-003	9.994467e+000	9.994466e-001
2.329968306062713e-003	9.994467e+000	9.994466e-001
2.330682591776999e-003	9.994467e+000	9.994466e-001
2.331682591776999e-003	9.994467e+000	9.994467e-001
2.332682591776999e-003	9.994467e+000	9.994467e-001
2.333682591776999e-003	9.994467e+000	9.994467e-001
2.334682591776999e-003	9.994467e+000	9.994467e-001
2.336682591776999e-003	9.994467e+000	9.994467e-001
2.339682591776999e-003	9.994468e+000	9.994468e-001
2.342682591776999e-003	9.994469e+000	9.994468e-001
2.344682591776999e-003	9.994469e+000	9.994469e-001
2.346682591776999e-003	9.994469e+000	9.994469e-001
2.348682591776999e-003	9.994469e+000	9.994469e-001
2.351682591776999e-003	9.994469e+000	9.994469e-001
2.354682591776999e-003	9.994470e+000	9.994469e-001
2.356682591776999e-003	9.994470e+000	9.994470e-001
2.358682591776999e-003	9.994471e+000	9.994470e-001
2.360682591776999e-003	9.994471e+000	9.994470e-001
2.361682591776999e-003	9.994471e+000	9.994470e-001
2.362682591776999e-003	9.994471e+000	9.994470e-001
2.363682591776999e-003	9.994471e+000	9.994470e-001
2.364682591776999e-003	9.994471e+000	9.994471e-001
2.365682591776999e-003	9.994471e+000	9.994471e-001
2.366682591776999e-003	9.994471e+000	9.994471e-001
2.367682591776999e-003	9.994471e+000	9.994471e-001
2.369682591776999e-003	9.994471e+000	9.994471e-001
2.371682591776999e-003	9.994471e+000	9.994471e-001
2.374682591776999e-003	9.994472e+000	9.994471e-001
2.375825448919856e-003	9.994472e+000	9.994471e-001
2.376968306062714e-003	9.994472e+000	9.994471e-001
2.378111163205571e-003	9.994472e+000	9.994472e-001
2.379254020348428e-003	9.994473e+000	9.994472e-001
2.380396877491285e-003	9.994473e+000	9.994472e-001
2.381539734634142e-003	9.994473e+000	9.994472e-001
2.382682591776999e-003	9.994473e+000	9.994472e-001
2.385682591776999e-003	9.994473e+000	9.994472e-001
2.386825448919857e-003	9.994473e+000	9.994472e-001
2.387968306062714e-003	9.994473e+000	9.994472e-001
2.389111163205571e-003	9.994473e+000	9.994472e-001
2.390254020348428e-003	9.994473e+000	9.994472e-001
2.391396877491285e-003	9.994473e+000	9.994472e-001
2.392539734634142e-003	9.994473e+000	9.994473e-001
2.393682591776999e-003	9.994473e+000	9.994473e-001
2.396682591776999e-003	9.994473e+000	9.994473e-001
2.397825448919856e-003	9.994473e+000	9.994473e-001
2.398968306062713e-003	9.994473e+000	9.994473e-001
2.400111163205571e-003	9.994473e+000	9.994473e-001
2.401254020348428e-003	9.994474e+000	9.994473e-001
2.402396877491285e-003	9.994474e+000	9.994473e-001
2.403539734634142e-003	9.994474e+000	9.994473e-001
2.404682591776999e-003	9.994474e+000	9.994473e-001
2.407682591776999e-003	9.994474e+000	9.994473e-001
2.410682591776999e-003	9.994474e+000	9.994474e-001
2.412111163205571e-003	9.994474e+000	9.994474e-001
2.413539734634142e-003	9.994474e+000	9.994474e-001
2.414968306062714e-003	9.994474e+000	9.994475e-001
2.416396877491285e-003	9.994474e+000	9.994475e-001
2.417825448919856e-003	9.994474e+000	9.994475e-001
2.419254020348428e-003	9.994474e+000	9.994475e-001
2.420682591776999e-003	9.994474e+000	9.994475e-001
2.421968306062713e-003	9.994474e+000	9.994475e-001
2.423254020348428e-003	9.994474e+000	9.994475e-001
2.424539734634142e-003	9.994474e+000	9.994475e-001
2.425825448919857e-003	9.994474e+000	9.994475e-001
2.427111163205571e-003	9.994474e+000	9.994475e-001
2.428396877491285e-003	9.994474e+000	9.994475e-001
2.429682591776999e-003	9.994474e+000	9.994475e-001
2.432682591776999e-003	9.994475e+000	9.994475e-001
2.434111163205571e-003	9.994475e+000	9.994475e-001
2.435539734634142e-003	9.994475e+000	9.994476e-001
2.436968306062714e-003	9.994475e+000	9.994476e-001
2.438396877491285e-003	9.994475e+000	9.994476e-001
2.439825448919856e-003	9.994476e+000	9.994476e-001
2.441254020348428e-003	9.994476e+000	9.994476e-001
2.442682591776999e-003	9.994476e+000	9.994476e-001
2.444111163205571e-003	9.994476e+000	9.994476e-001
2.445539734634142e-003	9.994476e+000	9.994476e-001
2.446968306062714e-003	9.994476e+000	9.994476e-001
2.448396877491285e-003	9.994476e+000	9.994476e-001
2.449825448919856e-003	9.994476e+000	9.994476e-001
2.451254020348428e-003	9.994476e+000	9.994476e-001
2.452682591776999e-003	9.994476e+000	9.994476e-001
2.454396877491285e-003	9.994476e+000	9.994476e-001
2.456111163205571e-003	9.994476e+000	9.994476e-001
2.457825448919856e-003	9.994476e+000	9.994476e-001
2.459539734634142e-003	9.994476e+000	9.994476e-001
2.461254020348428e-003	9.994476e+000	9.994476e-001
2.462968306062713e-003	9.994476e+000	9.994476e-001
2.464682591776999e-003	9.994476e+000	9.994476e-001
2.466396877491285e-003	9.994476e+000	9.994477e-001
2.468111163205570e-003	9.994476e+000	9.994477e-001
2.469825448919856e-003	9.994476e+000	9.994477e-001
2.471539734634142e-003	9.994476e+000	9.994477e-001
2.473254020348428e-003	9.994476e+000	9.994477e-001
2.474968306062714e-003	9.994476e+000	9.994477e-001
2.476682591776999e-003	9.994476e+000	9.994477e-001
2.478539734634142e-003	9.994477e+000	9.994477e-001
2.480396877491285e-003	9.994477e+000	9.994477e-001
2.482254020348428e-003	9.994477e+000	9.994477e-001
2.484111163205571e-003	9.994477e+000	9.994477e-001
2.485968306062714e-003	9.994477e+000	9.994477e-001
2.487825448919857e-003	9.994477e+000	9.994477e-001
2.489682591776999e-003	9.994477e+000	9.994477e-001
2.491682591776999e-003	9.994477e+000	9.994477e-001
2.493682591777000e-003	9.994477e+000	9.994477e-001
2.495682591776999e-003	9.994477e+000	9.994477e-001
2.497682591776999e-003	9.994477e+000	9.994477e-001
2.499682591776999e-003	9.994478e+000	9.994477e-001
2.501682591776999e-003	9.994478e+000	9.994477e-001
2.503682591776999e-003	9.994478e+000	9.994478e-001
2.505825448919856e-003	9.994478e+000	9.994478e-001
2.507968306062714e-003	9.994478e+000	9.994478e-001
2.510111163205571e-003	9.994478e+000	9.994478e-001
2.512254020348428e-003	9.994478e+000	9.994478e-001
2.514396877491285e-003	9.994478e+000	9.994478e-001
2.516539734634142e-003	9.994478e+000	9.994478e-001
2.518682591776999e-003	9.994478e+000	9.994478e-001
2.521682591776999e-003	9.994478e+000	9.994478e-001
2.524682591776999e-003	9.994478e+000	9.994478e-001
2.527682591776999e-003	9.994478e+000	9.994478e-001
2.530682591776999e-003	9.994478e+000	9.994478e-001
2.533682591776999e-003	9.994478e+000	9.994478e-001
2.536682591776999e-003	9.994478e+000	9.994478e-001
2.539682591776999e-003	9.994478e+000	9.994478e-001
2.543539734634142e-003	9.994478e+000	9.994478e-001
2.547396877491285e-003	9.994478e+000	9.994478e-001
2.551254020348428e-003	9.994478e+000	9.994478e-001
2.555111163205571e-003	9.994478e+000	9.994478e-001
2.558968306062713e-003	9.994478e+000	9.994478e-001
2.562825448919857e-003	9.994478e+000	9.994478e-001
2.566682591776999e-003	9.994478e+000	9.994478e-001
2.570682591776999e-003	9.994479e+000	9.994479e-001
2.574682591776999e-003	9.994479e+000	9.994479e-001
2.578682591777000e-003	9.994479e+000	9.994479e-001
2.582682591776999e-003	9.994479e+000	9.994479e-001
2.586682591776999e-003	9.994479e+000	9.994480e-001
2.590682591776999e-003	9.994479e+000	9.994480e-001
2.594682591776999e-003	9.994479e+000	9.994479e-001
2.614111163205571e-003	9.994479e+000	9.994479e-001
2.633539734634142e-003	9.994479e+000	9.994479e-001
2.652968306062714e-003	9.994479e+000	9.994479e-001
2.672396877491285e-003	9.994479e+000	9.994479e-001
2.691825448919856e-003	9.994479e+000	9.994479e-001
2.711254020348428e-003	9.994480e+000	9.994479e-001
2.730682591776999e-003	9.994480e+000	9.994479e-001
2.763396877491285e-003	9.994480e+000	9.994480e-001
2.796111163205571e-003	9.994480e+000	9.994480e-001
2.828825448919856e-003	9.994480e+000	9.994480e-001
2.861539734634142e-003	9.994480e+000	9.994480e-001
2.894254020348428e-003	9.994480e+000	9.994480e-001
2.926968306062714e-003	9.994480e+000	9.994480e-001
2.959682591776999e-003	9.994480e+000	9.994480e-001
2.960682591776999e-003	9.994480e+000	9.994480e-001
3.106825448919856e-003	9.994480e+000	9.994480e-001
3.252968306062714e-003	9.994480e+000	9.994480e-001
3.399111163205571e-003	9.994480e+000	9.994480e-001
3.545254020348428e-003	9.994480e+000	9.994480e-001
3.691396877491285e-003	9.994480e+000	9.994480e-001
3.837539734634143e-003	9.994480e+000	9.994480e-001
3.983682591777000e-003	9.994480e+000	9.994480e-001
3.984682591777000e-003	9.994480e+000	9.994480e-001
3.997682591777000e-003	9.994480e+000	9.994480e-001
3.998682591776999e-003	9.994480e+000	9.994480e-001
3.999365183553999e-003	9.994480e+000	9.994480e-001
4.000000000000000e-003	1.036498e+001	5.935712e-001
4.000146778535288e-003	1.076670e+001	1.489270e-001
4.000209091256642e-003	1.089231e+001	1.100124e-009
4.000231927068427e-003	1.088581e+001	1.099467e-009
4.000239999065835e-003	1.088444e+001	1.099328e-009
4.000250685101419e-003	1.088365e+001	1.099249e-009
4.000261873976656e-003	1.088240e+001	1.099122e-009
4.000273177570725e-003	1.088071e+001	1.098951e-009
4.000284153070878e-003	1.087860e+001	1.098738e-009
4.000296250847301e-003	1.087587e+001	1.098463e-009
4.000309352966364e-003	1.087256e+001	1.098128e-009
4.000323046890436e-003	1.086884e+001	1.097753e-009
4.000338138811189e-003	1.086454e+001	1.097318e-009
4.000354815665938e-003	1.085965e+001	1.096824e-009
4.000374507096040e-003	1.085378e+001	1.096232e-009
4.000392923859918e-003	1.084827e+001	1.095675e-009
4.000410654873787e-003	1.084297e+001	1.095140e-009
4.000428560975575e-003	1.083766e+001	1.094604e-009
4.000447639559113e-003	1.083204e+001	1.094036e-009
4.000468819554225e-003	1.082588e+001	1.093414e-009
4.000494930964511e-003	1.081837e+001	1.092655e-009
4.000521557257682e-003	1.081082e+001	1.091893e-009
4.000545516084480e-003	1.080413e+001	1.091217e-009
4.000575850033923e-003	1.079579e+001	1.090375e-009
4.000604366545655e-003	1.078809e+001	1.089597e-009
4.000645814734586e-003	1.077715e+001	1.088492e-009
4.000705029186851e-003	1.076194e+001	1.086956e-009
4.000771184435373e-003	1.074550e+001	1.085296e-009
4.000845256135567e-003	1.072785e+001	1.083513e-009
4.000955054145660e-003	1.070317e+001	1.081020e-009
4.001147630249846e-003	1.066302e+001	1.076965e-009
4.001369304972913e-003	1.062181e+001	1.072803e-009
4.001812654419045e-003	1.055220e+001	1.065772e-009
4.002466834632425e-003	1.046898e+001	1.057367e-009
4.003134288880414e-003	1.040323e+001	1.050726e-009
4.003858476017260e-003	1.034963e+001	1.045313e-009
4.004638481967370e-003	1.030738e+001	1.041045e-009
4.005604302654697e-003	1.027054e+001	1.037325e-009
4.006546651080443e-003	1.024621e+001	1.034867e-009
4.007492751921408e-003	1.023043e+001	1.033274e-009
4.008470748499272e-003	1.022012e+001	1.032232e-009
4.009470748499272e-003	1.021358e+001	1.031572e-009
4.010470748499273e-003	1.020957e+001	1.031167e-009
4.011470748499273e-003	1.020712e+001	1.030919e-009
4.012470748499273e-003	1.020560e+001	1.030766e-009
4.013470748499273e-003	1.020464e+001	1.030669e-009
4.014470748499273e-003	1.020401e+001	1.030605e-009
4.015470748499272e-003	1.020351e+001	1.030554e-009
4.016470748499272e-003	1.020298e+001	1.030501e-009
4.017470748499273e-003	1.020246e+001	1.030448e-009
4.018470748499273e-003	1.020208e+001	1.030410e-009
4.019470748499273e-003	1.020183e+001	1.030385e-009
4.020470748499273e-003	1.020160e+001	1.030362e-009
4.021470748499272e-003	1.020138e+001	1.030340e-009
4.022470748499272e-003	1.020117e+001	1.030318e-009
4.023470748499273e-003	1.020096e+001	1.030297e-009
4.024470748499273e-003	1.020075e+001	1.030276e-009
4.025470748499273e-003	1.020054e+001	1.030255e-009
4.026470748499273e-003	1.020033e+001	1.030234e-009
4.027470748499273e-003	1.020012e+001	1.030213e-009
4.028470748499272e-003	1.019992e+001	1.030192e-009
4.029470748499272e-003	1.019971e+001	1.030171e-009
4.030470748499273e-003	1.019950e+001	1.030150e-009
4.031470748499273e-003	1.019930e+001	1.030129e-009
4.032470748499273e-003	1.019909e+001	1.030108e-009
4.033470748499273e-003	1.019888e+001	1.030087e-009
4.034470748499273e-003	1.019868e+001	1.030066e-009
4.035470748499272e-003	1.019847e+001	1.030046e-009
4.036470748499272e-003	1.019827e+001	1.030025e-009
4.037470748499273e-003	1.019806e+001	1.030004e-009
4.038470748499273e-003	1.019785e+001	1.029983e-009
4.039470748499273e-003	1.019765e+001	1.029962e-009
4.040470748499273e-003	1.019744e+001	1.029942e-009
4.041470748499272e-003	1.019724e+001	1.029921e-009
4.042470748499272e-003	1.019703e+001	1.029900e-009
4.043470748499273e-003	1.019683e+001	1.029879e-009
4.044470748499273e-003	1.019662e+001	1.029859e-009
4.045470748499273e-003	1.019641e+001	1.029838e-009
4.046470748499273e-003	1.019621e+001	1.029817e-009
4.047470748499273e-003	1.019600e+001	1.029796e-009
4.048470748499272e-003	1.019580e+001	1.029776e-009
4.049470748499272e-003	1.019559e+001	1.029755e-009
4.050470748499273e-003	1.019539e+001	1.029734e-009
4.051470748499273e-003	1.019519e+001	1.029714e-009
4.052470748499273e-003	1.019498e+001	1.029693e-009
4.053470748499273e-003	1.019478e+001	1.029672e-009
4.054470748499272e-003	1.019457e+001	1.029652e-009
4.055470748499272e-003	1.019437e+001	1.029631e-009
4.056470748499273e-003	1.019416e+001	1.029611e-009
4.057470748499273e-003	1.019396e+001	1.029590e-009
4.058470748499273e-003	1.019376e+001	1.029569e-009
4.059470748499273e-003	1.019355e+001	1.029549e-009
4.060470748499273e-003	1.019335e+001	1.029528e-009
4.061470748499272e-003	1.019314e+001	1.029508e-009
4.062470748499272e-003	1.019294e+001	1.029487e-009
4.063470748499273e-003	1.019274e+001	1.029467e-009
4.064470748499273e-003	1.019254e+001	1.029446e-009
4.065470748499273e-003	1.019233e+001	1.029425e-009
4.066470748499273e-003	1.019213e+001	1.029405e-009
4.067470748499272e-003	1.019193e+001	1.029384e-009
4.068470748499272e-003	1.019172e+001	1.029364e-009
4.069470748499273e-003	1.019152e+001	1.029343e-009
4.070470748499273e-003	1.019132e+001	1.029323e-009
4.071470748499273e-003	1.019111e+001	1.029303e-009
4.072470748499273e-003	1.019091e+001	1.029282e-009
4.073470748499273e-003	1.019071e+001	1.029262e-009
4.074470748499272e-003	1.019051e+001	1.029241e-009
4.075470748499272e-003	1.019030e+001	1.029221e-009
4.076470748499273e-003	1.019010e+001	1.029200e-009
4.077470748499273e-003	1.018990e+001	1.029180e-009
4.078470748499273e-003	1.018970e+001	1.029160e-009
4.079470748499273e-003	1.018950e+001	1.029139e-009
4.080470748499272e-003	1.018929e+001	1.029119e-009
4.081470748499272e-003	1.018909e+001	1.029098e-009
4.082470748499273e-003	1.018889e+001	1.029078e-009
4.083470748499273e-003	1.018869e+001	1.029058e-009
4.084470748499273e-003	1.018849e+001	1.029037e-009
4.085470748499273e-003	1.018829e+001	1.029017e-009
4.086470748499273e-003	1.018809e+001	1.028997e-009
4.087470748499272e-003	1.018789e+001	1.028976e-009
4.088470748499272e-003	1.018768e+001	1.028956e-009
4.089470748499273e-003	1.018748e+001	1.028936e-009
4.090470748499273e-003	1.018728e+001	1.028916e-009
4.091470748499273e-003	1.018708e+001	1.028895e-009
4.092470748499273e-003	1.018688e+001	1.028875e-009
4.093470748499272e-003	1.018668e+001	1.028855e-009
4.094470748499272e-003	1.018648e+001	1.028834e-009
4.095470748499273e-003	1.018628e+001	1.028814e-009
4.096470748499273e-003	1.018608e+001	1.028794e-009
4.097470748499273e-003	1.018588e+001	1.028774e-009
4.098470748499273e-003	1.018568e+001	1.028754e-009
4.099470748499273e-003	1.018548e+001	1.028733e-009
4.100470748499272e-003	1.018528e+001	1.028713e-009
4.101470748499272e-003	1.018508e+001	1.028693e-009
4.102470748499273e-003	1.018488e+001	1.028673e-009
4.103470748499273e-003	1.018468e+001	1.028653e-009
4.104470748499273e-003	1.018448e+001	1.028633e-009
4.105470748499273e-003	1.018428e+001	1.028612e-009
4.106470748499272e-003	1.018408e+001	1.028592e-009
4.107470748499272e-003	1.018388e+001	1.028572e-009
4.108470748499273e-003	1.018368e+001	1.028552e-009
4.109470748499273e-003	1.018349e+001	1.028532e-009
4.110470748499273e-003	1.018329e+001	1.028512e-009
4.111470748499273e-003	1.018309e+001	1.028492e-009
4.112470748499273e-003	1.018289e+001	1.028472e-009
4.113470748499272e-003	1.018269e+001	1.028452e-009
4.114470748499272e-003	1.018249e+001	1.028431e-009
4.115470748499273e-003	1.018229e+001	1.028411e-009
4.116470748499273e-003	1.018209e+001	1.028391e-009
4.117470748499273e-003	1.018190e+001	1.028371e-009
4.118470748499273e-003	1.018170e+001	1.028351e-009
4.119470748499273e-003	1.018150e+001	1.028331e-009
4.120470748499272e-003	1.018130e+001	1.028311e-009
4.121470748499273e-003	1.018110e+001	1.028291e-009
4.122470748499273e-003	1.018090e+001	1.028271e-009
4.123470748499273e-003	1.018071e+001	1.028251e-009
4.124470748499273e-003	1.018051e+001	1.028231e-009
4.125470748499273e-003	1.018031e+001	1.028211e-009
4.126470748499272e-003	1.018011e+001	1.028191e-009
4.127470748499272e-003	1.017992e+001	1.028171e-009
4.128470748499273e-003	1.017972e+001	1.028152e-009
4.129470748499273e-003	1.017952e+001	1.028132e-009
4.130470748499273e-003	1.017932e+001	1.028112e-009
4.131470748499273e-003	1.017913e+001	1.028092e-009
4.132470748499273e-003	1.017893e+001	1.028072e-009
4.133470748499272e-003	1.017873e+001	1.028052e-009
4.134470748499272e-003	1.017854e+001	1.028032e-009
4.135470748499273e-003	1.017834e+001	1.028012e-009
4.136470748499273e-003	1.017814e+001	1.027992e-009
4.137470748499273e-003	1.017795e+001	1.027972e-009
4.138470748499273e-003	1.017775e+001	1.027953e-009
4.139470748499272e-003	1.017755e+001	1.027933e-009
4.140470748499272e-003	1.017736e+001	1.027913e-009
4.141470748499273e-003	1.017716e+001	1.027893e-009
4.142470748499273e-003	1.017696e+001	1.027873e-009
4.143470748499273e-003	1.017677e+001	1.027853e-009
4.144470748499273e-003	1.017657e+001	1.027834e-009
4.145470748499273e-003	1.017638e+001	1.027814e-009
4.146470748499272e-003	1.017618e+001	1.027794e-009
4.147470748499272e-003	1.017598e+001	1.027774e-009
4.148470748499273e-003	1.017579e+001	1.027755e-009
4.149470748499273e-003	1.017559e+001	1.027735e-009
4.150470748499273e-003	1.017540e+001	1.027715e-009
4.151470748499273e-003	1.017520e+001	1.027695e-009
4.152470748499272e-003	1.017501e+001	1.027676e-009
4.153470748499272e-003	1.017481e+001	1.027656e-009
4.154470748499273e-003	1.017462e+001	1.027636e-009
4.155470748499273e-003	1.017442e+001	1.027616e-009
4.156470748499273e-003	1.017422e+001	1.027597e-009
4.157470748499273e-003	1.017403e+001	1.027577e-009
4.159470748499272e-003	1.017364e+001	1.027538e-009
4.160470748499272e-003	1.017345e+001	1.027518e-009
4.161470748499273e-003	1.017325e+001	1.027498e-009
4.162470748499273e-003	1.017306e+001	1.027479e-009
4.163470748499273e-003	1.017286e+001	1.027459e-009
4.164470748499273e-003	1.017267e+001	1.027439e-009
4.165470748499272e-003	1.017247e+001	1.027420e-009
4.166470748499272e-003	1.017228e+001	1.027400e-009
4.167470748499273e-003	1.017209e+001	1.027381e-009
4.168470748499273e-003	1.017189e+001	1.027361e-009
4.169470748499273e-003	1.017170e+001	1.027341e-009
4.170470748499273e-003	1.017150e+001	1.027322e-009
4.171470748499273e-003	1.017131e+001	1.027302e-009
4.172470748499272e-003	1.017112e+001	1.027283e-009
4.173470748499272e-003	1.017092e+001	1.027263e-009
4.174470748499273e-003	1.017073e+001	1.027244e-009
4.175470748499273e-003	1.017054e+001	1.027224e-009
4.176470748499273e-003	1.017034e+001	1.027205e-009
4.177470748499273e-003	1.017015e+001	1.027185e-009
4.178470748499272e-003	1.016996e+001	1.027166e-009
4.179470748499272e-003	1.016976e+001	1.027146e-009
4.180470748499273e-003	1.016957e+001	1.027126e-009
4.181470748499273e-003	1.016938e+001	1.027107e-009
4.182470748499273e-003	1.016918e+001	1.027088e-009
4.183470748499273e-003	1.016899e+001	1.027068e-009
4.184470748499273e-003	1.016880e+001	1.027049e-009
4.185470748499272e-003	1.016861e+001	1.027029e-009
4.186470748499272e-003	1.016841e+001	1.027010e-009
4.187470748499273e-003	1.016822e+001	1.026990e-009
4.188470748499273e-003	1.016803e+001	1.026971e-009
4.189470748499273e-003	1.016784e+001	1.026951e-009
4.190470748499273e-003	1.016764e+001	1.026932e-009
4.191470748499273e-003	1.016745e+001	1.026913e-009
4.192470748499272e-003	1.016726e+001	1.026893e-009
4.193470748499273e-003	1.016707e+001	1.026874e-009
4.194470748499273e-003	1.016688e+001	1.026854e-009
4.195470748499273e-003	1.016668e+001	1.026835e-009
4.196470748499273e-003	1.016649e+001	1.026816e-009
4.197470748499273e-003	1.016630e+001	1.026796e-009
4.198470748499272e-003	1.016611e+001	1.026777e-009
4.199470748499272e-003	1.016592e+001	1.026758e-009
4.200470748499273e-003	1.016573e+001	1.026738e-009
4.201470748499273e-003	1.016553e+001	1.026719e-009
4.202470748499273e-003	1.016534e+001	1.026700e-009
4.203470748499273e-003	1.016515e+001	1.026680e-009
4.204470748499273e-003	1.016496e+001	1.026661e-009
4.205470748499272e-003	1.016477e+001	1.026642e-009
4.206470748499273e-003	1.016458e+001	1.026622e-009
4.207470748499273e-003	1.016439e+001	1.026603e-009
4.208470748499273e-003	1.016420e+001	1.026584e-009
4.209470748499273e-003	1.016401e+001	1.026565e-009
4.210470748499273e-003	1.016382e+001	1.026545e-009
4.211470748499272e-003	1.016363e+001	1.026526e-009
4.212470748499272e-003	1.016343e+001	1.026507e-009
4.213470748499273e-003	1.016324e+001	1.026488e-009
4.214470748499273e-003	1.016305e+001	1.026468e-009
4.215470748499273e-003	1.016286e+001	1.026449e-009
4.216470748499273e-003	1.016267e+001	1.026430e-009
4.217470748499273e-003	1.016248e+001	1.026411e-009
4.218470748499272e-003	1.016229e+001	1.026392e-009
4.219470748499272e-003	1.016210e+001	1.026373e-009
4.220470748499273e-003	1.016191e+001	1.026353e-009
4.221470748499273e-003	1.016172e+001	1.026334e-009
4.222470748499273e-003	1.016153e+001	1.026315e-009
4.223470748499273e-003	1.016134e+001	1.026296e-009
4.224470748499272e-003	1.016116e+001	1.026277e-009
4.225470748499272e-003	1.016097e+001	1.026258e-009
4.226470748499273e-003	1.016078e+001	1.026238e-009
4.227470748499273e-003	1.016059e+001	1.026219e-009
4.228470748499273e-003	1.016040e+001	1.026200e-009
4.229470748499273e-003	1.016021e+001	1.026181e-009
4.230470748499273e-003	1.016002e+001	1.026162e-009
4.232470748499272e-003	1.015964e+001	1.026124e-009
4.233470748499273e-003	1.015945e+001	1.026105e-009
4.234470748499273e-003	1.015926e+001	1.026086e-009
4.235470748499273e-003	1.015908e+001	1.026067e-009
4.236470748499273e-003	1.015889e+001	1.026048e-009
4.237470748499272e-003	1.015870e+001	1.026029e-009
4.238470748499272e-003	1.015851e+001	1.026009e-009
4.239470748499273e-003	1.015832e+001	1.025991e-009
4.240470748499273e-003	1.015813e+001	1.025972e-009
4.241470748499273e-003	1.015795e+001	1.025952e-009
4.242470748499273e-003	1.015776e+001	1.025934e-009
4.244470748499272e-003	1.015738e+001	1.025896e-009
4.245470748499272e-003	1.015719e+001	1.025876e-009
4.246470748499273e-003	1.015701e+001	1.025858e-009
4.247470748499273e-003	1.015682e+001	1.025839e-009
4.248470748499273e-003	1.015663e+001	1.025820e-009
4.249470748499273e-003	1.015644e+001	1.025801e-009
4.250470748499272e-003	1.015625e+001	1.025782e-009
4.251470748499272e-003	1.015607e+001	1.025763e-009
4.252470748499273e-003	1.015588e+001	1.025744e-009
4.253470748499273e-003	1.015569e+001	1.025725e-009
4.254470748499273e-003	1.015551e+001	1.025706e-009
4.256470748499273e-003	1.015513e+001	1.025668e-009
4.257470748499272e-003	1.015495e+001	1.025649e-009
4.258470748499272e-003	1.015476e+001	1.025631e-009
4.259470748499273e-003	1.015457e+001	1.025612e-009
4.260470748499273e-003	1.015438e+001	1.025593e-009
4.261470748499273e-003	1.015420e+001	1.025574e-009
4.262470748499273e-003	1.015401e+001	1.025555e-009
4.263470748499273e-003	1.015382e+001	1.025536e-009
4.264470748499272e-003	1.015364e+001	1.025517e-009
4.265470748499273e-003	1.015345e+001	1.025499e-009
4.266470748499273e-003	1.015326e+001	1.025480e-009
4.268470748499273e-003	1.015289e+001	1.025442e-009
4.269470748499273e-003	1.015271e+001	1.025423e-009
4.270470748499272e-003	1.015252e+001	1.025405e-009
4.271470748499272e-003	1.015234e+001	1.025386e-009
4.272470748499273e-003	1.015215e+001	1.025367e-009
4.273470748499273e-003	1.015196e+001	1.025348e-009
4.274470748499273e-003	1.015178e+001	1.025330e-009
4.275470748499273e-003	1.015159e+001	1.025311e-009
4.276470748499273e-003	1.015141e+001	1.025292e-009
4.277470748499272e-003	1.015122e+001	1.025273e-009
4.278470748499273e-003	1.015104e+001	1.025255e-009
4.280470748499273e-003	1.015067e+001	1.025217e-009
4.281470748499273e-003	1.015048e+001	1.025198e-009
4.282470748499273e-003	1.015030e+001	1.025180e-009
4.283470748499272e-003	1.015011e+001	1.025161e-009
4.284470748499272e-003	1.014993e+001	1.025142e-009
4.285470748499273e-003	1.014974e+001	1.025124e-009
4.286470748499273e-003	1.014956e+001	1.025105e-009
4.287470748499273e-003	1.014937e+001	1.025086e-009
4.288470748499273e-003	1.014919e+001	1.025068e-009
4.289470748499273e-003	1.014900e+001	1.025049e-009
4.290470748499272e-003	1.014882e+001	1.025031e-009
4.291470748499273e-003	1.014863e+001	1.025012e-009
4.292470748499273e-003	1.014845e+001	1.024993e-009
4.293470748499273e-003	1.014826e+001	1.024975e-009
4.294470748499273e-003	1.014808e+001	1.024956e-009
4.295470748499273e-003	1.014790e+001	1.024937e-009
4.296470748499272e-003	1.014771e+001	1.024919e-009
4.297470748499272e-003	1.014753e+001	1.024900e-009
4.298470748499273e-003	1.014734e+001	1.024882e-009
4.299470748499273e-003	1.014716e+001	1.024863e-009
4.300470748499273e-003	1.014698e+001	1.024845e-009
4.301470748499273e-003	1.014679e+001	1.024826e-009
4.302470748499273e-003	1.014661e+001	1.024808e-009
4.303470748499272e-003	1.014643e+001	1.024789e-009
4.305470748499273e-003	1.014606e+001	1.024752e-009
4.306470748499273e-003	1.014588e+001	1.024734e-009
4.307470748499273e-003	1.014569e+001	1.024715e-009
4.308470748499273e-003	1.014551e+001	1.024696e-009
4.309470748499272e-003	1.014533e+001	1.024678e-009
4.310470748499272e-003	1.014514e+001	1.024659e-009
4.311470748499273e-003	1.014496e+001	1.024641e-009
4.312470748499273e-003	1.014478e+001	1.024623e-009
4.313470748499273e-003	1.014460e+001	1.024604e-009
4.314470748499273e-003	1.014441e+001	1.024586e-009
4.315470748499273e-003	1.014423e+001	1.024567e-009
4.317470748499272e-003	1.014386e+001	1.024530e-009
4.318470748499273e-003	1.014368e+001	1.024512e-009
4.319470748499273e-003	1.014350e+001	1.024494e-009
4.320470748499273e-003	1.014332e+001	1.024475e-009
4.321470748499273e-003	1.014314e+001	1.024457e-009
4.322470748499272e-003	1.014295e+001	1.024438e-009
4.323470748499272e-003	1.014277e+001	1.024420e-009
4.324470748499273e-003	1.014259e+001	1.024402e-009
4.325470748499273e-003	1.014241e+001	1.024383e-009
4.326470748499273e-003	1.014223e+001	1.024365e-009
4.327470748499273e-003	1.014204e+001	1.024346e-009
4.329470748499272e-003	1.014168e+001	1.024310e-009
4.330470748499272e-003	1.014150e+001	1.024292e-009
4.331470748499273e-003	1.014132e+001	1.024273e-009
4.332470748499273e-003	1.014114e+001	1.024255e-009
4.333470748499273e-003	1.014096e+001	1.024237e-009
4.334470748499273e-003	1.014077e+001	1.024218e-009
4.335470748499273e-003	1.014059e+001	1.024200e-009
4.336470748499272e-003	1.014041e+001	1.024182e-009
4.337470748499273e-003	1.014023e+001	1.024163e-009
4.338470748499273e-003	1.014005e+001	1.024145e-009
4.339470748499273e-003	1.013987e+001	1.024127e-009
4.341470748499273e-003	1.013951e+001	1.024090e-009
4.342470748499272e-003	1.013933e+001	1.024072e-009
4.343470748499272e-003	1.013915e+001	1.024054e-009
4.344470748499273e-003	1.013897e+001	1.024036e-009
4.345470748499273e-003	1.013879e+001	1.024017e-009
4.346470748499273e-003	1.013861e+001	1.023999e-009
4.347470748499273e-003	1.013843e+001	1.023981e-009
4.348470748499273e-003	1.013825e+001	1.023963e-009
4.349470748499272e-003	1.013807e+001	1.023945e-009
4.350470748499273e-003	1.013789e+001	1.023926e-009
4.351470748499273e-003	1.013770e+001	1.023908e-009
4.354470748499273e-003	1.013717e+001	1.023854e-009
4.355470748499272e-003	1.013699e+001	1.023836e-009
4.356470748499272e-003	1.013681e+001	1.023817e-009
4.357470748499273e-003	1.013663e+001	1.023799e-009
4.358470748499273e-003	1.013645e+001	1.023781e-009
4.359470748499273e-003	1.013627e+001	1.023763e-009
4.360470748499273e-003	1.013609e+001	1.023745e-009
4.361470748499273e-003	1.013591e+001	1.023727e-009
4.362470748499272e-003	1.013573e+001	1.023709e-009
4.364470748499273e-003	1.013537e+001	1.023673e-009
4.366470748499273e-003	1.013501e+001	1.023637e-009
4.367470748499273e-003	1.013484e+001	1.023618e-009
4.368470748499272e-003	1.013466e+001	1.023600e-009
4.369470748499272e-003	1.013448e+001	1.023582e-009
4.370470748499273e-003	1.013430e+001	1.023564e-009
4.371470748499273e-003	1.013412e+001	1.023546e-009
4.372470748499273e-003	1.013394e+001	1.023528e-009
4.373470748499273e-003	1.013376e+001	1.023510e-009
4.374470748499273e-003	1.013359e+001	1.023492e-009
4.376470748499273e-003	1.013323e+001	1.023456e-009
4.378470748499273e-003	1.013287e+001	1.023420e-009
4.379470748499273e-003	1.013270e+001	1.023402e-009
4.380470748499273e-003	1.013252e+001	1.023384e-009
4.381470748499272e-003	1.013234e+001	1.023366e-009
4.382470748499272e-003	1.013216e+001	1.023348e-009
4.383470748499273e-003	1.013198e+001	1.023331e-009
4.384470748499273e-003	1.013181e+001	1.023313e-009
4.385470748499273e-003	1.013163e+001	1.023295e-009
4.386470748499273e-003	1.013145e+001	1.023277e-009
4.388470748499272e-003	1.013110e+001	1.023241e-009
4.391470748499273e-003	1.013057e+001	1.023187e-009
4.392470748499273e-003	1.013039e+001	1.023169e-009
4.393470748499273e-003	1.013021e+001	1.023151e-009
4.394470748499272e-003	1.013004e+001	1.023134e-009
4.395470748499272e-003	1.012986e+001	1.023116e-009
4.396470748499273e-003	1.012968e+001	1.023098e-009
4.397470748499273e-003	1.012951e+001	1.023080e-009
4.398470748499273e-003	1.012933e+001	1.023062e-009
4.400470748499273e-003	1.012898e+001	1.023027e-009
4.403470748499273e-003	1.012845e+001	1.022973e-009
4.404470748499273e-003	1.012827e+001	1.022955e-009
4.405470748499273e-003	1.012809e+001	1.022938e-009
4.406470748499273e-003	1.012792e+001	1.022920e-009
4.407470748499272e-003	1.012774e+001	1.022902e-009
4.408470748499272e-003	1.012757e+001	1.022884e-009
4.409470748499273e-003	1.012739e+001	1.022866e-009
4.411470748499273e-003	1.012704e+001	1.022831e-009
4.412185034213558e-003	1.012691e+001	1.022818e-009
4.412899319927844e-003	1.012679e+001	1.022806e-009
4.413613605642130e-003	1.012666e+001	1.022793e-009
4.414327891356416e-003	1.012654e+001	1.022780e-009
4.415042177070701e-003	1.012641e+001	1.022768e-009
4.415756462784987e-003	1.012629e+001	1.022755e-009
4.416470748499273e-003	1.012616e+001	1.022742e-009
4.417470748499273e-003	1.012599e+001	1.022725e-009
4.418470748499273e-003	1.012581e+001	1.022707e-009
4.419470748499273e-003	1.012564e+001	1.022689e-009
4.420470748499273e-003	1.012546e+001	1.022672e-009
4.422470748499273e-003	1.012511e+001	1.022636e-009
4.425470748499273e-003	1.012459e+001	1.022583e-009
4.428470748499272e-003	1.012406e+001	1.022531e-009
4.430470748499273e-003	1.012372e+001	1.022495e-009
4.432470748499273e-003	1.012337e+001	1.022460e-009
4.434470748499272e-003	1.012302e+001	1.022425e-009
4.437470748499273e-003	1.012250e+001	1.022372e-009
4.440470748499272e-003	1.012198e+001	1.022320e-009
4.442470748499273e-003	1.012163e+001	1.022284e-009
4.444470748499273e-003	1.012128e+001	1.022250e-009
4.446470748499273e-003	1.012094e+001	1.022215e-009
4.449470748499273e-003	1.012042e+001	1.022162e-009
4.452470748499273e-003	1.011990e+001	1.022110e-009
4.454470748499272e-003	1.011955e+001	1.022075e-009
4.456470748499273e-003	1.011921e+001	1.022040e-009
4.458470748499273e-003	1.011886e+001	1.022005e-009
4.459470748499273e-003	1.011869e+001	1.021988e-009
4.460470748499273e-003	1.011852e+001	1.021970e-009
4.461470748499273e-003	1.011835e+001	1.021953e-009
4.462470748499273e-003	1.011817e+001	1.021936e-009
4.463470748499273e-003	1.011800e+001	1.021918e-009
4.464470748499273e-003	1.011783e+001	1.021901e-009
4.465470748499273e-003	1.011766e+001	1.021883e-009
4.467470748499272e-003	1.011731e+001	1.021849e-009
4.469470748499273e-003	1.011697e+001	1.021814e-009
4.472470748499273e-003	1.011646e+001	1.021762e-009
4.473613605642130e-003	1.011626e+001	1.021742e-009
4.474756462784987e-003	1.011607e+001	1.021723e-009
4.475899319927844e-003	1.011587e+001	1.021703e-009
4.477042177070702e-003	1.011567e+001	1.021683e-009
4.478185034213558e-003	1.011548e+001	1.021663e-009
4.479327891356416e-003	1.011528e+001	1.021644e-009
4.480470748499272e-003	1.011509e+001	1.021624e-009
4.483470748499273e-003	1.011458e+001	1.021572e-009
4.484613605642130e-003	1.011438e+001	1.021552e-009
4.485756462784987e-003	1.011419e+001	1.021533e-009
4.486899319927845e-003	1.011399e+001	1.021513e-009
4.488042177070701e-003	1.011380e+001	1.021494e-009
4.489185034213559e-003	1.011360e+001	1.021474e-009
4.490327891356415e-003	1.011341e+001	1.021454e-009
4.491470748499273e-003	1.011321e+001	1.021435e-009
4.494470748499273e-003	1.011270e+001	1.021383e-009
4.502470748499273e-003	1.011135e+001	1.021246e-009
4.505470748499273e-003	1.011084e+001	1.021195e-009
4.506756462784987e-003	1.011062e+001	1.021173e-009
4.508042177070701e-003	1.011040e+001	1.021151e-009
4.509327891356415e-003	1.011019e+001	1.021129e-009
4.510613605642130e-003	1.010997e+001	1.021107e-009
4.511899319927844e-003	1.010975e+001	1.021085e-009
4.513185034213559e-003	1.010954e+001	1.021063e-009
4.514470748499273e-003	1.010932e+001	1.021041e-009
4.517470748499273e-003	1.010882e+001	1.020990e-009
4.518899319927845e-003	1.010858e+001	1.020966e-009
4.520327891356416e-003	1.010833e+001	1.020942e-009
4.521756462784988e-003	1.010809e+001	1.020918e-009
4.523185034213558e-003	1.010786e+001	1.020893e-009
4.524613605642130e-003	1.010762e+001	1.020869e-009
4.526042177070701e-003	1.010738e+001	1.020845e-009
4.527470748499273e-003	1.010714e+001	1.020821e-009
4.529042177070702e-003	1.010687e+001	1.020794e-009
4.530613605642130e-003	1.010661e+001	1.020768e-009
4.532185034213558e-003	1.010635e+001	1.020741e-009
4.533756462784986e-003	1.010608e+001	1.020714e-009
4.535327891356415e-003	1.010582e+001	1.020688e-009
4.536899319927843e-003	1.010556e+001	1.020661e-009
4.538470748499272e-003	1.010530e+001	1.020635e-009
4.540185034213558e-003	1.010501e+001	1.020606e-009
4.541899319927844e-003	1.010473e+001	1.020577e-009
4.543613605642130e-003	1.010444e+001	1.020548e-009
4.545327891356416e-003	1.010415e+001	1.020520e-009
4.547042177070701e-003	1.010387e+001	1.020491e-009
4.548756462784988e-003	1.010358e+001	1.020462e-009
4.550470748499273e-003	1.010330e+001	1.020433e-009
4.552185034213559e-003	1.010301e+001	1.020404e-009
4.553899319927845e-003	1.010273e+001	1.020376e-009
4.555613605642130e-003	1.010245e+001	1.020347e-009
4.557327891356416e-003	1.010216e+001	1.020318e-009
4.559042177070701e-003	1.010188e+001	1.020290e-009
4.560756462784987e-003	1.010160e+001	1.020261e-009
4.562470748499273e-003	1.010131e+001	1.020232e-009
4.564327891356416e-003	1.010100e+001	1.020201e-009
4.566185034213559e-003	1.010070e+001	1.020170e-009
4.568042177070701e-003	1.010039e+001	1.020140e-009
4.569899319927844e-003	1.010009e+001	1.020109e-009
4.571756462784987e-003	1.009978e+001	1.020078e-009
4.573613605642130e-003	1.009947e+001	1.020047e-009
4.575470748499273e-003	1.009917e+001	1.020016e-009
4.577470748499273e-003	1.009884e+001	1.019983e-009
4.579470748499273e-003	1.009851e+001	1.019950e-009
4.581470748499273e-003	1.009818e+001	1.019917e-009
4.583470748499273e-003	1.009786e+001	1.019883e-009
4.585470748499273e-003	1.009753e+001	1.019850e-009
4.587470748499273e-003	1.009720e+001	1.019817e-009
4.589470748499273e-003	1.009687e+001	1.019784e-009
4.591756462784987e-003	1.009650e+001	1.019747e-009
4.594042177070701e-003	1.009613e+001	1.019709e-009
4.596327891356416e-003	1.009575e+001	1.019671e-009
4.598613605642130e-003	1.009538e+001	1.019634e-009
4.600899319927844e-003	1.009501e+001	1.019596e-009
4.603185034213558e-003	1.009464e+001	1.019558e-009
4.605470748499273e-003	1.009427e+001	1.019521e-009
4.608327891356416e-003	1.009380e+001	1.019474e-009
4.611185034213559e-003	1.009334e+001	1.019427e-009
4.614042177070702e-003	1.009288e+001	1.019381e-009
4.616899319927844e-003	1.009242e+001	1.019334e-009
4.619756462784987e-003	1.009195e+001	1.019287e-009
4.622613605642130e-003	1.009149e+001	1.019241e-009
4.625470748499273e-003	1.009103e+001	1.019194e-009
4.629327891356416e-003	1.009041e+001	1.019132e-009
4.633185034213558e-003	1.008979e+001	1.019069e-009
4.637042177070701e-003	1.008917e+001	1.019006e-009
4.640899319927844e-003	1.008855e+001	1.018944e-009
4.644756462784987e-003	1.008794e+001	1.018882e-009
4.648613605642130e-003	1.008732e+001	1.018819e-009
4.652470748499273e-003	1.008671e+001	1.018757e-009
4.656470748499272e-003	1.008607e+001	1.018693e-009
4.660470748499273e-003	1.008543e+001	1.018629e-009
4.664470748499273e-003	1.008480e+001	1.018565e-009
4.668470748499273e-003	1.008417e+001	1.018501e-009
4.672470748499273e-003	1.008353e+001	1.018437e-009
4.676470748499273e-003	1.008290e+001	1.018373e-009
4.680470748499273e-003	1.008227e+001	1.018309e-009
4.709327891356416e-003	1.007775e+001	1.017853e-009
4.738185034213559e-003	1.007328e+001	1.017402e-009
4.767042177070702e-003	1.006887e+001	1.016956e-009
4.795899319927844e-003	1.006450e+001	1.016515e-009
4.824756462784987e-003	1.006019e+001	1.016079e-009
4.853613605642130e-003	1.005592e+001	1.015648e-009
4.882470748499273e-003	1.005171e+001	1.015223e-009
4.895613605642130e-003	1.004981e+001	1.015031e-009
4.908756462784987e-003	1.004792e+001	1.014840e-009
4.921899319927844e-003	1.004603e+001	1.014649e-009
4.935042177070702e-003	1.004416e+001	1.014460e-009
4.948185034213559e-003	1.004230e+001	1.014272e-009
4.961327891356416e-003	1.004044e+001	1.014085e-009
4.974470748499273e-003	1.003860e+001	1.013899e-009
4.975470748499273e-003	1.003846e+001	1.013885e-009
4.978613605642130e-003	1.003802e+001	1.013840e-009
4.981756462784987e-003	1.003758e+001	1.013796e-009
4.984899319927844e-003	1.003715e+001	1.013752e-009
4.988042177070702e-003	1.003671e+001	1.013707e-009
4.991185034213559e-003	1.003627e+001	1.013663e-009
4.994327891356416e-003	1.003583e+001	1.013619e-009
4.997470748499273e-003	1.003540e+001	1.013575e-009
4.998470748499273e-003	1.003526e+001	1.013561e-009
4.999000000000000e-003	1.003519e+001	1.013554e-009
5.000000000000000e-003	1.003505e+001	1.013540e-009
5.008000000000000e-003	1.003394e+001	1.013428e-009
5.016000000000000e-003	1.003284e+001	1.013317e-009
5.024000000000000e-003	1.003174e+001	1.013206e-009
5.032000000000000e-003	1.003065e+001	1.013095e-009
5.040000000000000e-003	1.002955e+001	1.012985e-009
5.048000000000000e-003	1.002847e+001	1.012875e-009
5.056000000000000e-003	1.002738e+001	1.012766e-009
5.062571428571428e-003	1.002649e+001	1.012676e-009
5.069142857142857e-003	1.002561e+001	1.012586e-009
5.075714285714286e-003	1.002472e+001	1.012497e-009
5.082285714285714e-003	1.002384e+001	1.012408e-009
5.088857142857142e-003	1.002296e+001	1.012319e-009
5.095428571428571e-003	1.002209e+001	1.012231e-009
5.102000000000000e-003	1.002121e+001	1.012142e-009
5.107714285714286e-003	1.002045e+001	1.012066e-009
5.113428571428571e-003	1.001969e+001	1.011989e-009
5.119142857142857e-003	1.001894e+001	1.011913e-009
5.124857142857143e-003	1.001819e+001	1.011837e-009
5.130571428571429e-003	1.001743e+001	1.011761e-009
5.136285714285714e-003	1.001668e+001	1.011685e-009
5.142000000000000e-003	1.001593e+001	1.011609e-009
5.146714285714286e-003	1.001532e+001	1.011547e-009
5.151428571428572e-003	1.001470e+001	1.011485e-009
5.156142857142857e-003	1.001409e+001	1.011423e-009
5.160857142857142e-003	1.001348e+001	1.011361e-009
5.165571428571428e-003	1.001286e+001	1.011299e-009
5.170285714285714e-003	1.001225e+001	1.011238e-009
5.175000000000000e-003	1.001164e+001	1.011176e-009
5.179142857142857e-003	1.001111e+001	1.011122e-009
5.183285714285714e-003	1.001057e+001	1.011068e-009
5.187428571428571e-003	1.001004e+001	1.011014e-009
5.191571428571429e-003	1.000951e+001	1.010960e-009
5.195714285714286e-003	1.000898e+001	1.010907e-009
5.199857142857143e-003	1.000844e+001	1.010853e-009
5.204000000000000e-003	1.000791e+001	1.010799e-009
5.207857142857143e-003	1.000742e+001	1.010749e-009
5.211714285714286e-003	1.000693e+001	1.010700e-009
5.215571428571429e-003	1.000644e+001	1.010650e-009
5.219428571428572e-003	1.000594e+001	1.010600e-009
5.223285714285715e-003	1.000545e+001	1.010551e-009
5.227142857142857e-003	1.000496e+001	1.010501e-009
5.231000000000000e-003	1.000447e+001	1.010452e-009
5.235571428571429e-003	1.000389e+001	1.010393e-009
5.240142857142857e-003	1.000331e+001	1.010335e-009
5.244714285714286e-003	1.000273e+001	1.010276e-009
5.249285714285715e-003	1.000216e+001	1.010218e-009
5.253857142857143e-003	1.000158e+001	1.010159e-009
5.258428571428572e-003	1.000100e+001	1.010101e-009
5.263000000000000e-003	1.000042e+001	1.010043e-009
5.265000000000000e-003	1.000017e+001	1.010017e-009
5.267000000000000e-003	9.999919e+000	1.009992e-009
5.269000000000000e-003	9.999666e+000	1.009966e-009
5.271000000000000e-003	9.999414e+000	1.009941e-009
5.273000000000000e-003	9.999163e+000	1.009915e-009
5.275000000000000e-003	9.998910e+000	1.009890e-009
5.277000000000000e-003	9.998657e+000	1.009864e-009
5.279000000000000e-003	9.998405e+000	1.009839e-009
5.281000000000000e-003	9.998154e+000	1.009814e-009
5.283000000000000e-003	9.997902e+000	1.009788e-009
5.285000000000000e-003	9.997650e+000	1.009763e-009
5.287000000000000e-003	9.997398e+000	1.009737e-009
5.289000000000000e-003	9.997147e+000	1.009712e-009
5.291000000000000e-003	9.996895e+000	1.009686e-009
5.293000000000000e-003	9.996643e+000	1.009661e-009
5.295000000000000e-003	9.996391e+000	1.009636e-009
5.298000000000000e-003	9.996015e+000	1.009597e-009
5.301000000000000e-003	9.995637e+000	1.009559e-009
5.303428571428572e-003	9.995332e+000	1.009528e-009
5.305857142857143e-003	9.995027e+000	1.009498e-009
5.308285714285714e-003	9.994721e+000	1.009467e-009
5.310714285714286e-003	9.994416e+000	1.009436e-009
5.313142857142857e-003	9.994111e+000	1.009405e-009
5.315571428571428e-003	9.993806e+000	1.009374e-009
5.318000000000000e-003	9.993501e+000	1.009344e-009
5.325571428571429e-003	9.992551e+000	1.009248e-009
5.333142857142857e-003	9.991602e+000	1.009152e-009
5.340714285714285e-003	9.990653e+000	1.009056e-009
5.348285714285714e-003	9.989705e+000	1.008960e-009
5.355857142857143e-003	9.988758e+000	1.008865e-009
5.363428571428571e-003	9.987811e+000	1.008769e-009
5.371000000000000e-003	9.986864e+000	1.008673e-009
5.380428571428572e-003	9.985687e+000	1.008554e-009
5.389857142857142e-003	9.984512e+000	1.008436e-009
5.399285714285714e-003	9.983337e+000	1.008317e-009
5.408714285714286e-003	9.982165e+000	1.008199e-009
5.418142857142858e-003	9.980993e+000	1.008080e-009
5.427571428571428e-003	9.979823e+000	1.007962e-009
5.437000000000000e-003	9.978654e+000	1.007844e-009
5.441714285714286e-003	9.978070e+000	1.007785e-009
5.446428571428572e-003	9.977487e+000	1.007726e-009
5.451142857142858e-003	9.976904e+000	1.007667e-009
5.455857142857143e-003	9.976322e+000	1.007609e-009
5.460571428571428e-003	9.975740e+000	1.007550e-009
5.465285714285714e-003	9.975159e+000	1.007491e-009
5.470000000000000e-003	9.974579e+000	1.007432e-009
5.471000000000000e-003	9.974456e+000	1.007420e-009
5.472000000000000e-003	9.974334e+000	1.007408e-009
5.473000000000000e-003	9.974211e+000	1.007395e-009
5.474000000000000e-003	9.974088e+000	1.007383e-009
5.475000000000000e-003	9.973965e+000	1.007370e-009
5.476000000000000e-003	9.973843e+000	1.007358e-009
5.477000000000000e-003	9.973720e+000	1.007346e-009
5.478000000000000e-003	9.973597e+000	1.007333e-009
5.479000000000000e-003	9.973475e+000	1.007321e-009
5.480000000000001e-003	9.973351e+000	1.007308e-009
5.481000000000000e-003	9.973228e+000	1.007296e-009
5.482000000000000e-003	9.973106e+000	1.007284e-009
5.483000000000000e-003	9.972984e+000	1.007271e-009
5.484000000000000e-003	9.972861e+000	1.007259e-009
5.485000000000000e-003	9.972739e+000	1.007247e-009
5.486000000000000e-003	9.972617e+000	1.007234e-009
5.487000000000000e-003	9.972496e+000	1.007222e-009
5.488000000000000e-003	9.972374e+000	1.007210e-009
5.489000000000000e-003	9.972252e+000	1.007197e-009
5.490000000000000e-003	9.972130e+000	1.007185e-009
5.491000000000000e-003	9.972009e+000	1.007173e-009
5.492000000000000e-003	9.971889e+000	1.007161e-009
5.493000000000001e-003	9.971768e+000	1.007149e-009
5.494000000000000e-003	9.971649e+000	1.007137e-009
5.495000000000000e-003	9.971531e+000	1.007125e-009
5.496000000000000e-003	9.971414e+000	1.007113e-009
5.497000000000000e-003	9.971298e+000	1.007101e-009
5.498000000000000e-003	9.971186e+000	1.007090e-009
5.499000000000000e-003	9.971076e+000	1.007079e-009
5.500000000000000e-003	9.970971e+000	1.007068e-009
5.501000000000000e-003	9.970872e+000	1.007058e-009
5.502000000000000e-003	9.970781e+000	1.007049e-009
5.503000000000000e-003	9.970701e+000	1.007041e-009
5.504000000000000e-003	9.970638e+000	1.007034e-009
5.505000000000000e-003	9.970596e+000	1.007030e-009
5.506000000000001e-003	9.970581e+000	1.007029e-009
5.507000000000000e-003	9.970605e+000	1.007031e-009
5.508000000000000e-003	9.970680e+000	1.007039e-009
5.509000000000000e-003	9.970821e+000	1.007053e-009
5.510000000000000e-003	9.971046e+000	1.007076e-009
5.511000000000000e-003	9.971379e+000	1.007109e-009
5.512000000000000e-003	9.971842e+000	1.007156e-009
5.513000000000000e-003	9.972456e+000	1.007218e-009
5.514000000000000e-003	9.973240e+000	1.007297e-009
5.515000000000000e-003	9.974203e+000	1.007394e-009
5.516000000000000e-003	9.975344e+000	1.007510e-009
5.517000000000000e-003	9.976650e+000	1.007642e-009
5.518000000000000e-003	9.978093e+000	1.007787e-009
5.519000000000001e-003	9.979641e+000	1.007944e-009
5.520000000000000e-003	9.981260e+000	1.008107e-009
5.521000000000000e-003	9.982943e+000	1.008277e-009
5.522000000000000e-003	9.984747e+000	1.008459e-009
5.523000000000000e-003	9.986904e+000	1.008677e-009
5.524000000000000e-003	9.989897e+000	1.008980e-009
5.525000000000000e-003	9.994182e+000	1.009412e-009
5.526000000000000e-003	9.999439e+000	1.009943e-009
5.527000000000000e-003	1.000436e+001	1.010441e-009
5.528000000000000e-003	1.000769e+001	1.010776e-009
5.528964664443822e-003	1.000906e+001	1.010915e-009
5.529964664443822e-003	1.000904e+001	1.010913e-009
5.530964664443821e-003	1.000820e+001	1.010828e-009
5.531964664443822e-003	1.000700e+001	1.010707e-009
5.532964664443822e-003	1.000572e+001	1.010577e-009
5.533964664443822e-003	1.000449e+001	1.010454e-009
5.534964664443822e-003	1.000340e+001	1.010344e-009
5.535964664443822e-003	1.000247e+001	1.010250e-009
5.536964664443822e-003	1.000170e+001	1.010172e-009
5.537964664443821e-003	1.000106e+001	1.010107e-009
5.538964664443822e-003	1.000055e+001	1.010055e-009
5.539964664443822e-003	1.000013e+001	1.010013e-009
5.540964664443822e-003	9.999796e+000	1.009979e-009
5.541964664443822e-003	9.999527e+000	1.009952e-009
5.542964664443822e-003	9.999309e+000	1.009930e-009
5.543964664443822e-003	9.999129e+000	1.009912e-009
5.544964664443822e-003	9.998981e+000	1.009897e-009
5.545964664443822e-003	9.998856e+000	1.009884e-009
5.546964664443822e-003	9.998747e+000	1.009874e-009
5.547964664443822e-003	9.998652e+000	1.009864e-009
5.548964664443822e-003	9.998564e+000	1.009855e-009
5.549964664443822e-003	9.998484e+000	1.009847e-009
5.550964664443821e-003	9.998409e+000	1.009839e-009
5.551964664443822e-003	9.998337e+000	1.009832e-009
5.552964664443822e-003	9.998266e+000	1.009825e-009
5.553964664443822e-003	9.998198e+000	1.009818e-009
5.554964664443822e-003	9.998129e+000	1.009811e-009
5.555964664443822e-003	9.998060e+000	1.009804e-009
5.556964664443822e-003	9.997993e+000	1.009797e-009
5.557964664443822e-003	9.997924e+000	1.009790e-009
5.558964664443822e-003	9.997855e+000	1.009783e-009
5.559964664443822e-003	9.997786e+000	1.009776e-009
5.560964664443822e-003	9.997716e+000	1.009769e-009
5.561964664443822e-003	9.997646e+000	1.009762e-009
5.562964664443822e-003	9.997576e+000	1.009755e-009
5.563964664443821e-003	9.997504e+000	1.009748e-009
5.564964664443822e-003	9.997433e+000	1.009741e-009
5.565964664443822e-003	9.997361e+000	1.009733e-009
5.566964664443822e-003	9.997290e+000	1.009726e-009
5.567964664443822e-003	9.997217e+000	1.009719e-009
5.568964664443822e-003	9.997145e+000	1.009712e-009
5.569964664443822e-003	9.997072e+000	1.009704e-009
5.570964664443821e-003	9.996999e+000	1.009697e-009
5.571964664443822e-003	9.996926e+000	1.009690e-009
5.572964664443822e-003	9.996854e+000	1.009682e-009
5.573964664443822e-003	9.996780e+000	1.009675e-009
5.574964664443822e-003	9.996708e+000	1.009667e-009
5.575964664443822e-003	9.996634e+000	1.009660e-009
5.576964664443821e-003	9.996562e+000	1.009653e-009
5.577964664443822e-003	9.996490e+000	1.009645e-009
5.578964664443822e-003	9.996417e+000	1.009638e-009
5.579964664443822e-003	9.996345e+000	1.009631e-009
5.580964664443822e-003	9.996273e+000	1.009624e-009
5.581964664443822e-003	9.996202e+000	1.009616e-009
5.582964664443822e-003	9.996131e+000	1.009609e-009
5.583964664443821e-003	9.996059e+000	1.009602e-009
5.584964664443822e-003	9.995990e+000	1.009595e-009
5.585964664443822e-003	9.995920e+000	1.009588e-009
5.586964664443822e-003	9.995851e+000	1.009581e-009
5.587964664443822e-003	9.995782e+000	1.009574e-009
5.588964664443822e-003	9.995714e+000	1.009567e-009
5.589964664443821e-003	9.995647e+000	1.009560e-009
5.590964664443822e-003	9.995581e+000	1.009554e-009
5.591964664443822e-003	9.995515e+000	1.009547e-009
5.592964664443822e-003	9.995450e+000	1.009540e-009
5.593964664443822e-003	9.995386e+000	1.009534e-009
5.594964664443822e-003	9.995323e+000	1.009528e-009
5.595964664443822e-003	9.995260e+000	1.009521e-009
5.596964664443821e-003	9.995199e+000	1.009515e-009
5.597964664443822e-003	9.995140e+000	1.009509e-009
5.598964664443822e-003	9.995081e+000	1.009503e-009
5.599964664443822e-003	9.995024e+000	1.009497e-009
5.600964664443822e-003	9.994967e+000	1.009492e-009
5.601964664443822e-003	9.994912e+000	1.009486e-009
5.602964664443821e-003	9.994859e+000	1.009481e-009
5.603964664443822e-003	9.994806e+000	1.009475e-009
5.604964664443822e-003	9.994756e+000	1.009470e-009
5.605964664443822e-003	9.994706e+000	1.009465e-009
5.606964664443822e-003	9.994658e+000	1.009461e-009
5.607964664443822e-003	9.994613e+000	1.009456e-009
5.608964664443822e-003	9.994569e+000	1.009451e-009
5.609964664443821e-003	9.994526e+000	1.009447e-009
5.610964664443822e-003	9.994486e+000	1.009443e-009
5.611964664443822e-003	9.994447e+000	1.009439e-009
5.612964664443822e-003	9.994410e+000	1.009435e-009
5.614964664443822e-003	9.994342e+000	1.009429e-009
5.615964664443822e-003	9.994311e+000	1.009425e-009
5.616964664443822e-003	9.994283e+000	1.009423e-009
5.617964664443822e-003	9.994257e+000	1.009420e-009
5.618964664443822e-003	9.994232e+000	1.009417e-009
5.619964664443822e-003	9.994210e+000	1.009415e-009
5.620964664443822e-003	9.994191e+000	1.009413e-009
5.621964664443822e-003	9.994174e+000	1.009412e-009
5.622964664443821e-003	9.994160e+000	1.009410e-009
5.623964664443822e-003	9.994147e+000	1.009409e-009
5.624964664443822e-003	9.994137e+000	1.009408e-009
5.626964664443822e-003	9.994125e+000	1.009407e-009
5.627964664443822e-003	9.994123e+000	1.009406e-009
5.628964664443822e-003	9.994123e+000	1.009406e-009
5.629964664443822e-003	9.994125e+000	1.009407e-009
5.630964664443822e-003	9.994131e+000	1.009407e-009
5.631964664443822e-003	9.994139e+000	1.009408e-009
5.632964664443822e-003	9.994150e+000	1.009409e-009
5.633964664443822e-003	9.994163e+000	1.009410e-009
5.634964664443822e-003	9.994178e+000	1.009412e-009
5.635964664443821e-003	9.994196e+000	1.009414e-009
5.636964664443822e-003	9.994216e+000	1.009416e-009
5.637964664443822e-003	9.994238e+000	1.009418e-009
5.638964664443822e-003	9.994263e+000	1.009421e-009
5.639964664443822e-003	9.994290e+000	1.009423e-009
5.640964664443822e-003	9.994319e+000	1.009426e-009
5.641964664443822e-003	9.994350e+000	1.009429e-009
5.642964664443822e-003	9.994384e+000	1.009433e-009
5.643964664443822e-003	9.994419e+000	1.009436e-009
5.644964664443822e-003	9.994456e+000	1.009440e-009
5.645964664443822e-003	9.994494e+000	1.009444e-009
5.646964664443822e-003	9.994535e+000	1.009448e-009
5.647964664443822e-003	9.994577e+000	1.009452e-009
5.648964664443821e-003	9.994621e+000	1.009457e-009
5.650964664443822e-003	9.994711e+000	1.009466e-009
5.651964664443822e-003	9.994759e+000	1.009471e-009
5.652964664443822e-003	9.994806e+000	1.009475e-009
5.653964664443822e-003	9.994855e+000	1.009480e-009
5.654964664443822e-003	9.994905e+000	1.009485e-009
5.655964664443821e-003	9.994955e+000	1.009490e-009
5.656964664443822e-003	9.995006e+000	1.009496e-009
5.657964664443822e-003	9.995056e+000	1.009501e-009
5.658964664443822e-003	9.995108e+000	1.009506e-009
5.659964664443822e-003	9.995159e+000	1.009511e-009
5.660964664443822e-003	9.995211e+000	1.009516e-009
5.663964664443822e-003	9.995365e+000	1.009532e-009
5.664964664443822e-003	9.995415e+000	1.009537e-009
5.665964664443822e-003	9.995465e+000	1.009542e-009
5.666964664443822e-003	9.995515e+000	1.009547e-009
5.667964664443822e-003	9.995564e+000	1.009552e-009
5.668964664443821e-003	9.995611e+000	1.009557e-009
5.669964664443822e-003	9.995659e+000	1.009562e-009
5.670964664443822e-003	9.995706e+000	1.009566e-009
5.671964664443822e-003	9.995751e+000	1.009571e-009
5.672964664443822e-003	9.995796e+000	1.009575e-009
5.673964664443822e-003	9.995840e+000	1.009580e-009
5.674964664443821e-003	9.995882e+000	1.009584e-009
5.675964664443822e-003	9.995923e+000	1.009588e-009
5.676964664443822e-003	9.995963e+000	1.009592e-009
5.677964664443822e-003	9.996002e+000	1.009596e-009
5.678964664443822e-003	9.996039e+000	1.009600e-009
5.679964664443822e-003	9.996076e+000	1.009604e-009
5.680964664443822e-003	9.996111e+000	1.009607e-009
5.681964664443821e-003	9.996145e+000	1.009611e-009
5.682964664443822e-003	9.996178e+000	1.009614e-009
5.683964664443822e-003	9.996208e+000	1.009617e-009
5.684964664443822e-003	9.996237e+000	1.009620e-009
5.685964664443822e-003	9.996265e+000	1.009623e-009
5.686964664443822e-003	9.996292e+000	1.009625e-009
5.687964664443822e-003	9.996318e+000	1.009628e-009
5.688964664443822e-003	9.996342e+000	1.009631e-009
5.689964664443822e-003	9.996365e+000	1.009633e-009
5.690964664443822e-003	9.996387e+000	1.009635e-009
5.691964664443822e-003	9.996407e+000	1.009637e-009
5.692964664443822e-003	9.996426e+000	1.009639e-009
5.693964664443822e-003	9.996443e+000	1.009641e-009
5.694964664443821e-003	9.996458e+000	1.009642e-009
5.695964664443822e-003	9.996473e+000	1.009644e-009
5.696964664443822e-003	9.996487e+000	1.009645e-009
5.698964664443822e-003	9.996511e+000	1.009648e-009
5.700964664443822e-003	9.996529e+000	1.009649e-009
5.701964664443822e-003	9.996536e+000	1.009650e-009
5.702964664443822e-003	9.996543e+000	1.009651e-009
5.703964664443822e-003	9.996549e+000	1.009651e-009
5.704964664443822e-003	9.996552e+000	1.009652e-009
5.705964664443822e-003	9.996555e+000	1.009652e-009
5.706964664443822e-003	9.996558e+000	1.009652e-009
5.707964664443821e-003	9.996559e+000	1.009652e-009
5.708964664443822e-003	9.996560e+000	1.009652e-009
5.711964664443822e-003	9.996555e+000	1.009652e-009
5.712964664443822e-003	9.996552e+000	1.009652e-009
5.713964664443822e-003	9.996548e+000	1.009651e-009
5.714964664443822e-003	9.996543e+000	1.009651e-009
5.715964664443822e-003	9.996538e+000	1.009650e-009
5.716964664443822e-003	9.996531e+000	1.009650e-009
5.717964664443822e-003	9.996525e+000	1.009649e-009
5.718964664443822e-003	9.996517e+000	1.009648e-009
5.719964664443822e-003	9.996509e+000	1.009647e-009
5.720964664443821e-003	9.996500e+000	1.009646e-009
5.721964664443822e-003	9.996490e+000	1.009646e-009
5.722964664443822e-003	9.996481e+000	1.009645e-009
5.723964664443822e-003	9.996470e+000	1.009643e-009
5.724964664443822e-003	9.996460e+000	1.009642e-009
5.725964664443822e-003	9.996449e+000	1.009641e-009
5.726964664443822e-003	9.996436e+000	1.009640e-009
5.727964664443822e-003	9.996424e+000	1.009639e-009
5.728964664443822e-003	9.996411e+000	1.009638e-009
5.729964664443822e-003	9.996399e+000	1.009636e-009
5.730964664443822e-003	9.996386e+000	1.009635e-009
5.731964664443822e-003	9.996372e+000	1.009634e-009
5.733964664443821e-003	9.996344e+000	1.009631e-009
5.735964664443822e-003	9.996315e+000	1.009628e-009
5.737964664443822e-003	9.996285e+000	1.009625e-009
5.738964664443822e-003	9.996271e+000	1.009623e-009
5.739964664443822e-003	9.996256e+000	1.009622e-009
5.740964664443822e-003	9.996241e+000	1.009620e-009
5.741964664443822e-003	9.996225e+000	1.009619e-009
5.742964664443822e-003	9.996210e+000	1.009617e-009
5.744964664443822e-003	9.996180e+000	1.009614e-009
5.747964664443822e-003	9.996135e+000	1.009610e-009
5.749964664443822e-003	9.996105e+000	1.009607e-009
5.751964664443822e-003	9.996076e+000	1.009604e-009
5.752964664443822e-003	9.996061e+000	1.009602e-009
5.753964664443821e-003	9.996047e+000	1.009601e-009
5.755964664443822e-003	9.996018e+000	1.009598e-009
5.757964664443822e-003	9.995992e+000	1.009595e-009
5.759964664443821e-003	9.995966e+000	1.009593e-009
5.761964664443822e-003	9.995941e+000	1.009590e-009
5.763964664443822e-003	9.995916e+000	1.009588e-009
5.765964664443822e-003	9.995894e+000	1.009585e-009
5.767964664443822e-003	9.995873e+000	1.009583e-009
5.768964664443822e-003	9.995863e+000	1.009582e-009
5.769964664443822e-003	9.995853e+000	1.009581e-009
5.770964664443822e-003	9.995845e+000	1.009580e-009
5.771964664443822e-003	9.995836e+000	1.009579e-009
5.772964664443822e-003	9.995827e+000	1.009579e-009
5.773964664443822e-003	9.995819e+000	1.009578e-009
5.774964664443822e-003	9.995811e+000	1.009577e-009
5.776964664443822e-003	9.995798e+000	1.009576e-009
5.778964664443822e-003	9.995785e+000	1.009574e-009
5.780964664443822e-003	9.995775e+000	1.009573e-009
5.782964664443822e-003	9.995766e+000	1.009572e-009
5.785964664443822e-003	9.995756e+000	1.009571e-009
5.787964664443822e-003	9.995750e+000	1.009571e-009
5.789964664443822e-003	9.995749e+000	1.009571e-009
5.791964664443822e-003	9.995747e+000	1.009570e-009
5.794964664443822e-003	9.995748e+000	1.009571e-009
5.797964664443822e-003	9.995752e+000	1.009571e-009
5.799964664443822e-003	9.995756e+000	1.009571e-009
5.800964664443822e-003	9.995760e+000	1.009572e-009
5.801964664443822e-003	9.995763e+000	1.009572e-009
5.802964664443822e-003	9.995766e+000	1.009572e-009
5.803964664443822e-003	9.995770e+000	1.009573e-009
5.804964664443822e-003	9.995774e+000	1.009573e-009
5.805964664443821e-003	9.995778e+000	1.009574e-009
5.806964664443822e-003	9.995783e+000	1.009574e-009
5.808964664443822e-003	9.995792e+000	1.009575e-009
5.810964664443822e-003	9.995804e+000	1.009576e-009
5.812964664443822e-003	9.995815e+000	1.009577e-009
5.814964664443822e-003	9.995829e+000	1.009579e-009
5.816964664443822e-003	9.995841e+000	1.009580e-009
5.819964664443822e-003	9.995862e+000	1.009582e-009
5.822964664443822e-003	9.995883e+000	1.009584e-009
5.825964664443822e-003	9.995905e+000	1.009586e-009
5.828964664443822e-003	9.995927e+000	1.009589e-009
5.831964664443821e-003	9.995949e+000	1.009591e-009
5.834964664443822e-003	9.995970e+000	1.009593e-009
5.837964664443822e-003	9.995991e+000	1.009595e-009
5.840964664443822e-003	9.996011e+000	1.009597e-009
5.843964664443822e-003	9.996030e+000	1.009599e-009
5.846964664443822e-003	9.996048e+000	1.009601e-009
5.849964664443822e-003	9.996064e+000	1.009602e-009
5.851964664443821e-003	9.996074e+000	1.009603e-009
5.852964664443822e-003	9.996078e+000	1.009604e-009
5.853964664443822e-003	9.996082e+000	1.009604e-009
5.854964664443822e-003	9.996087e+000	1.009605e-009
5.855964664443822e-003	9.996092e+000	1.009605e-009
5.856964664443822e-003	9.996096e+000	1.009606e-009
5.857964664443822e-003	9.996099e+000	1.009606e-009
5.858964664443822e-003	9.996102e+000	1.009606e-009
5.860964664443822e-003	9.996109e+000	1.009607e-009
5.862964664443822e-003	9.996115e+000	1.009608e-009
5.864964664443821e-003	9.996120e+000	1.009608e-009
5.866964664443822e-003	9.996124e+000	1.009609e-009
5.868964664443822e-003	9.996128e+000	1.009609e-009
5.870964664443822e-003	9.996131e+000	1.009609e-009
5.873964664443822e-003	9.996134e+000	1.009610e-009
5.876964664443822e-003	9.996136e+000	1.009610e-009
5.879964664443822e-003	9.996136e+000	1.009610e-009
5.882964664443822e-003	9.996135e+000	1.009610e-009
5.884964664443822e-003	9.996134e+000	1.009609e-009
5.885964664443822e-003	9.996132e+000	1.009609e-009
5.886964664443822e-003	9.996131e+000	1.009609e-009
5.887964664443822e-003	9.996130e+000	1.009609e-009
5.888964664443822e-003	9.996129e+000	1.009609e-009
5.889964664443822e-003	9.996127e+000	1.009609e-009
5.890964664443821e-003	9.996126e+000	1.009609e-009
5.891964664443822e-003	9.996124e+000	1.009609e-009
5.892964664443822e-003	9.996122e+000	1.009608e-009
5.893964664443822e-003	9.996120e+000	1.009608e-009
5.894964664443822e-003	9.996119e+000	1.009608e-009
5.896964664443822e-003	9.996115e+000	1.009608e-009
5.898964664443822e-003	9.996111e+000	1.009607e-009
5.900964664443822e-003	9.996106e+000	1.009607e-009
5.902964664443822e-003	9.996101e+000	1.009606e-009
5.904964664443822e-003	9.996097e+000	1.009606e-009
5.907964664443822e-003	9.996090e+000	1.009605e-009
5.910964664443822e-003	9.996082e+000	1.009604e-009
5.913964664443822e-003	9.996074e+000	1.009604e-009
5.916964664443822e-003	9.996066e+000	1.009603e-009
5.919964664443822e-003	9.996059e+000	1.009602e-009
5.922964664443822e-003	9.996052e+000	1.009601e-009
5.925964664443822e-003	9.996045e+000	1.009601e-009
5.928964664443822e-003	9.996038e+000	1.009600e-009
5.931964664443822e-003	9.996033e+000	1.009599e-009
5.933964664443822e-003	9.996029e+000	1.009599e-009
5.935964664443822e-003	9.996025e+000	1.009599e-009
5.936964664443821e-003	9.996023e+000	1.009598e-009
5.937964664443822e-003	9.996022e+000	1.009598e-009
5.938964664443822e-003	9.996020e+000	1.009598e-009
5.939964664443822e-003	9.996019e+000	1.009598e-009
5.940964664443822e-003	9.996017e+000	1.009598e-009
5.941964664443822e-003	9.996017e+000	1.009598e-009
5.943964664443822e-003	9.996014e+000	1.009597e-009
5.945964664443822e-003	9.996012e+000	1.009597e-009
5.947964664443822e-003	9.996010e+000	1.009597e-009
5.949964664443821e-003	9.996009e+000	1.009597e-009
5.951964664443822e-003	9.996007e+000	1.009597e-009
5.954964664443822e-003	9.996006e+000	1.009597e-009
5.957964664443822e-003	9.996005e+000	1.009597e-009
5.960964664443822e-003	9.996005e+000	1.009596e-009
5.963964664443822e-003	9.996005e+000	1.009597e-009
5.966964664443822e-003	9.996006e+000	1.009597e-009
5.968964664443822e-003	9.996007e+000	1.009597e-009
5.969964664443822e-003	9.996008e+000	1.009597e-009
5.970964664443822e-003	9.996009e+000	1.009597e-009
5.971964664443822e-003	9.996009e+000	1.009597e-009
5.972964664443822e-003	9.996010e+000	1.009597e-009
5.973964664443822e-003	9.996010e+000	1.009597e-009
5.975964664443821e-003	9.996012e+000	1.009597e-009
5.977964664443822e-003	9.996014e+000	1.009597e-009
5.979964664443822e-003	9.996016e+000	1.009598e-009
5.981964664443822e-003	9.996017e+000	1.009598e-009
5.983964664443822e-003	9.996019e+000	1.009598e-009
5.986964664443822e-003	9.996023e+000	1.009598e-009
5.989964664443822e-003	9.996026e+000	1.009599e-009
5.992964664443822e-003	9.996029e+000	1.009599e-009
5.995964664443822e-003	9.996033e+000	1.009599e-009
5.998964664443822e-003	9.996037e+000	1.009600e-009
6.001964664443822e-003	9.996040e+000	1.009600e-009
6.004964664443822e-003	9.996044e+000	1.009600e-009
6.007964664443822e-003	9.996046e+000	1.009601e-009
6.010964664443822e-003	9.996050e+000	1.009601e-009
6.012536093015251e-003	9.996051e+000	1.009601e-009
6.014107521586679e-003	9.996053e+000	1.009601e-009
6.015678950158108e-003	9.996054e+000	1.009601e-009
6.017250378729536e-003	9.996055e+000	1.009602e-009
6.018821807300965e-003	9.996057e+000	1.009602e-009
6.020393235872393e-003	9.996058e+000	1.009602e-009
6.021964664443822e-003	9.996059e+000	1.009602e-009
6.022964664443822e-003	9.996060e+000	1.009602e-009
6.023964664443822e-003	9.996060e+000	1.009602e-009
6.024964664443822e-003	9.996061e+000	1.009602e-009
6.025964664443822e-003	9.996061e+000	1.009602e-009
6.026964664443822e-003	9.996062e+000	1.009602e-009
6.027964664443822e-003	9.996063e+000	1.009602e-009
6.029964664443822e-003	9.996064e+000	1.009603e-009
6.031964664443822e-003	9.996065e+000	1.009603e-009
6.033964664443822e-003	9.996066e+000	1.009603e-009
6.035964664443822e-003	9.996067e+000	1.009603e-009
6.037964664443822e-003	9.996067e+000	1.009603e-009
6.040964664443822e-003	9.996068e+000	1.009603e-009
6.043964664443822e-003	9.996068e+000	1.009603e-009
6.046964664443822e-003	9.996069e+000	1.009603e-009
6.049964664443822e-003	9.996069e+000	1.009603e-009
6.052964664443822e-003	9.996068e+000	1.009603e-009
6.054964664443822e-003	9.996068e+000	1.009603e-009
6.055964664443822e-003	9.996068e+000	1.009603e-009
6.056964664443822e-003	9.996068e+000	1.009603e-009
6.057964664443822e-003	9.996067e+000	1.009603e-009
6.058964664443822e-003	9.996067e+000	1.009603e-009
6.059964664443822e-003	9.996067e+000	1.009603e-009
6.060964664443821e-003	9.996067e+000	1.009603e-009
6.061964664443822e-003	9.996067e+000	1.009603e-009
6.063964664443822e-003	9.996066e+000	1.009603e-009
6.065964664443822e-003	9.996065e+000	1.009603e-009
6.067964664443822e-003	9.996064e+000	1.009603e-009
6.069964664443822e-003	9.996063e+000	1.009602e-009
6.071964664443822e-003	9.996063e+000	1.009602e-009
6.074964664443822e-003	9.996061e+000	1.009602e-009
6.077964664443822e-003	9.996060e+000	1.009602e-009
6.080964664443822e-003	9.996059e+000	1.009602e-009
6.083964664443822e-003	9.996058e+000	1.009602e-009
6.086964664443822e-003	9.996057e+000	1.009602e-009
6.089964664443822e-003	9.996056e+000	1.009602e-009
6.092964664443822e-003	9.996055e+000	1.009602e-009
6.095964664443822e-003	9.996054e+000	1.009601e-009
6.098964664443822e-003	9.996053e+000	1.009601e-009
6.101964664443822e-003	9.996052e+000	1.009601e-009
6.103964664443822e-003	9.996051e+000	1.009601e-009
6.105964664443822e-003	9.996051e+000	1.009601e-009
6.108964664443822e-003	9.996050e+000	1.009601e-009
6.111964664443822e-003	9.996049e+000	1.009601e-009
6.114964664443822e-003	9.996048e+000	1.009601e-009
6.117964664443822e-003	9.996048e+000	1.009601e-009
6.120964664443822e-003	9.996048e+000	1.009601e-009
6.123964664443822e-003	9.996048e+000	1.009601e-009
6.126964664443822e-003	9.996048e+000	1.009601e-009
6.128536093015250e-003	9.996048e+000	1.009601e-009
6.130107521586679e-003	9.996048e+000	1.009601e-009
6.131678950158107e-003	9.996048e+000	1.009601e-009
6.133250378729536e-003	9.996048e+000	1.009601e-009
6.134821807300965e-003	9.996048e+000	1.009601e-009
6.136393235872393e-003	9.996048e+000	1.009601e-009
6.137964664443822e-003	9.996048e+000	1.009601e-009
6.139964664443822e-003	9.996048e+000	1.009601e-009
6.141964664443822e-003	9.996048e+000	1.009601e-009
6.143964664443822e-003	9.996049e+000	1.009601e-009
6.145964664443822e-003	9.996049e+000	1.009601e-009
6.148964664443822e-003	9.996050e+000	1.009601e-009
6.151964664443822e-003	9.996050e+000	1.009601e-009
6.154964664443822e-003	9.996050e+000	1.009601e-009
6.157964664443822e-003	9.996051e+000	1.009601e-009
6.160964664443822e-003	9.996052e+000	1.009601e-009
6.163964664443822e-003	9.996052e+000	1.009601e-009
6.166964664443822e-003	9.996053e+000	1.009601e-009
6.169964664443822e-003	9.996054e+000	1.009601e-009
6.172536093015250e-003	9.996054e+000	1.009601e-009
6.175107521586679e-003	9.996054e+000	1.009601e-009
6.177678950158107e-003	9.996054e+000	1.009601e-009
6.180250378729536e-003	9.996055e+000	1.009602e-009
6.182821807300965e-003	9.996055e+000	1.009602e-009
6.185393235872394e-003	9.996056e+000	1.009602e-009
6.187964664443822e-003	9.996057e+000	1.009602e-009
6.190536093015250e-003	9.996057e+000	1.009602e-009
6.193107521586679e-003	9.996057e+000	1.009602e-009
6.195678950158107e-003	9.996057e+000	1.009602e-009
6.198250378729536e-003	9.996058e+000	1.009602e-009
6.200821807300964e-003	9.996058e+000	1.009602e-009
6.203393235872393e-003	9.996058e+000	1.009602e-009
6.205964664443822e-003	9.996058e+000	1.009602e-009
6.208964664443822e-003	9.996058e+000	1.009602e-009
6.211964664443822e-003	9.996058e+000	1.009602e-009
6.214964664443822e-003	9.996058e+000	1.009602e-009
6.217964664443822e-003	9.996058e+000	1.009602e-009
6.220964664443822e-003	9.996058e+000	1.009602e-009
6.223964664443822e-003	9.996058e+000	1.009602e-009
6.226964664443822e-003	9.996058e+000	1.009602e-009
6.229964664443822e-003	9.996058e+000	1.009602e-009
6.232964664443822e-003	9.996058e+000	1.009602e-009
6.235964664443822e-003	9.996058e+000	1.009602e-009
6.238964664443822e-003	9.996058e+000	1.009602e-009
6.241964664443822e-003	9.996058e+000	1.009602e-009
6.244964664443822e-003	9.996057e+000	1.009602e-009
6.247964664443822e-003	9.996057e+000	1.009602e-009
6.250678950158108e-003	9.996056e+000	1.009602e-009
6.253393235872393e-003	9.996056e+000	1.009602e-009
6.256107521586679e-003	9.996056e+000	1.009602e-009
6.258821807300965e-003	9.996056e+000	1.009602e-009
6.261536093015251e-003	9.996055e+000	1.009602e-009
6.264250378729536e-003	9.996056e+000	1.009602e-009
6.266964664443822e-003	9.996056e+000	1.009602e-009
6.269821807300965e-003	9.996056e+000	1.009602e-009
6.272678950158108e-003	9.996056e+000	1.009602e-009
6.275536093015251e-003	9.996056e+000	1.009602e-009
6.278393235872393e-003	9.996056e+000	1.009602e-009
6.281250378729536e-003	9.996056e+000	1.009602e-009
6.284107521586679e-003	9.996056e+000	1.009602e-009
6.286964664443822e-003	9.996056e+000	1.009602e-009
6.289536093015250e-003	9.996055e+000	1.009602e-009
6.292107521586679e-003	9.996055e+000	1.009602e-009
6.294678950158107e-003	9.996055e+000	1.009602e-009
6.297250378729536e-003	9.996055e+000	1.009602e-009
6.299821807300965e-003	9.996055e+000	1.009602e-009
6.302393235872394e-003	9.996055e+000	1.009602e-009
6.304964664443822e-003	9.996055e+000	1.009602e-009
6.308250378729536e-003	9.996055e+000	1.009602e-009
6.311536093015250e-003	9.996055e+000	1.009601e-009
6.314821807300965e-003	9.996056e+000	1.009602e-009
6.318107521586679e-003	9.996056e+000	1.009602e-009
6.321393235872394e-003	9.996056e+000	1.009602e-009
6.324678950158108e-003	9.996056e+000	1.009602e-009
6.327964664443822e-003	9.996056e+000	1.009602e-009
6.332107521586679e-003	9.996056e+000	1.009602e-009
6.336250378729536e-003	9.996056e+000	1.009602e-009
6.340393235872393e-003	9.996056e+000	1.009602e-009
6.344536093015251e-003	9.996056e+000	1.009602e-009
6.348678950158108e-003	9.996056e+000	1.009602e-009
6.352821807300965e-003	9.996056e+000	1.009602e-009
6.356964664443822e-003	9.996056e+000	1.009602e-009
6.360250378729536e-003	9.996056e+000	1.009602e-009
6.363536093015250e-003	9.996055e+000	1.009602e-009
6.366821807300965e-003	9.996056e+000	1.009602e-009
6.370107521586679e-003	9.996056e+000	1.009602e-009
6.373393235872393e-003	9.996056e+000	1.009602e-009
6.376678950158108e-003	9.996056e+000	1.009602e-009
6.379964664443822e-003	9.996057e+000	1.009602e-009
6.383964664443822e-003	9.996057e+000	1.009602e-009
6.387964664443822e-003	9.996057e+000	1.009602e-009
6.391964664443822e-003	9.996057e+000	1.009602e-009
6.395964664443822e-003	9.996056e+000	1.009602e-009
6.399964664443821e-003	9.996056e+000	1.009602e-009
6.403964664443822e-003	9.996056e+000	1.009602e-009
6.407964664443822e-003	9.996056e+000	1.009602e-009
6.413107521586679e-003	9.996056e+000	1.009602e-009
6.418250378729536e-003	9.996056e+000	1.009602e-009
6.423393235872393e-003	9.996056e+000	1.009602e-009
6.428536093015250e-003	9.996056e+000	1.009602e-009
6.433678950158108e-003	9.996056e+000	1.009602e-009
6.438821807300965e-003	9.996056e+000	1.009602e-009
6.443964664443822e-003	9.996056e+000	1.009602e-009
6.448250378729536e-003	9.996056e+000	1.009602e-009
6.452536093015250e-003	9.996056e+000	1.009602e-009
6.456821807300965e-003	9.996056e+000	1.009602e-009
6.461107521586679e-003	9.996056e+000	1.009602e-009
6.465393235872394e-003	9.996056e+000	1.009602e-009
6.469678950158107e-003	9.996056e+000	1.009602e-009
6.473964664443822e-003	9.996056e+000	1.009602e-009
6.481678950158107e-003	9.996056e+000	1.009602e-009
6.489393235872393e-003	9.996056e+000	1.009602e-009
6.497107521586679e-003	9.996056e+000	1.009602e-009
6.504821807300965e-003	9.996056e+000	1.009602e-009
6.512536093015250e-003	9.996056e+000	1.009602e-009
6.520250378729537e-003	9.996056e+000	1.009602e-009
6.527964664443822e-003	9.996056e+000	1.009602e-009
6.533964664443822e-003	9.996056e+000	1.009602e-009
6.539964664443822e-003	9.996056e+000	1.009602e-009
6.545964664443822e-003	9.996056e+000	1.009602e-009
6.551964664443822e-003	9.996056e+000	1.009602e-009
6.557964664443822e-003	9.996056e+000	1.009602e-009
6.563964664443822e-003	9.996056e+000	1.009602e-009
6.569964664443822e-003	9.996056e+000	1.009602e-009
6.578393235872394e-003	9.996056e+000	1.009602e-009
6.586821807300965e-003	9.996056e+000	1.009602e-009
6.595250378729537e-003	9.996056e+000	1.009602e-009
6.603678950158108e-003	9.996056e+000	1.009602e-009
6.612107521586679e-003	9.996056e+000	1.009602e-009
6.620536093015251e-003	9.996056e+000	1.009602e-009
6.628964664443822e-003	9.996056e+000	1.009602e-009
6.642393235872394e-003	9.996056e+000	1.009602e-009
6.655821807300965e-003	9.996056e+000	1.009602e-009
6.669250378729536e-003	9.996056e+000	1.009602e-009
6.682678950158108e-003	9.996056e+000	1.009602e-009
6.696107521586679e-003	9.996056e+000	1.009602e-009
6.709536093015250e-003	9.996056e+000	1.009602e-009
6.722964664443822e-003	9.996056e+000	1.009602e-009
6.738393235872393e-003	9.996056e+000	1.009602e-009
6.753821807300965e-003	9.996056e+000	1.009602e-009
6.769250378729537e-003	9.996056e+000	1.009602e-009
6.784678950158107e-003	9.996056e+000	1.009602e-009
6.800107521586679e-003	9.996056e+000	1.009602e-009
6.815536093015251e-003	9.996056e+000	1.009602e-009
6.830964664443822e-003	9.996056e+000	1.009602e-009
6.998964664443822e-003	9.996056e+000	1.009602e-009
6.999964664443822e-003	9.996057e+000	1.009602e-009
7.000000000000000e-003	9.996057e+000	1.009602e-009
