time	V(vout)	-I(Rl)
0.000000000000000e+000	1.027415e+000	1.037689e-010
9.999999960041972e-012	1.027415e+000	1.037689e-010
1.999999992008394e-011	1.027415e+000	1.037689e-010
2.749999989011542e-011	1.027415e+000	1.037715e-010
1.027499999890116e-009	1.027415e+000	1.045395e-010
2.027499999890116e-009	1.027415e+000	1.046251e-010
4.027499999890116e-009	1.027415e+000	1.041114e-010
8.027499999890116e-009	1.027415e+000	1.037689e-010
1.602749999989012e-008	1.027415e+000	1.037689e-010
6.402749999989012e-008	1.027415e+000	1.037689e-010
1.280274999998901e-007	1.027415e+000	1.037689e-010
2.560274999998901e-007	1.027415e+000	1.037689e-010
5.120274999998902e-007	1.027415e+000	1.037689e-010
1.024027499999890e-006	1.027415e+000	1.037689e-010
2.024027499999890e-006	1.027415e+000	1.037689e-010
3.024027499999890e-006	1.027415e+000	1.037689e-010
4.024027499999890e-006	1.027415e+000	1.037689e-010
8.024027499999890e-006	1.027415e+000	1.037689e-010
9.024027499999891e-006	1.027415e+000	1.037689e-010
1.002402749999989e-005	1.027415e+000	1.037689e-010
1.102402749999989e-005	1.027415e+000	1.037689e-010
1.202402749999989e-005	1.027415e+000	1.037689e-010
1.302402749999989e-005	1.027415e+000	1.037689e-010
1.402402749999989e-005	1.027415e+000	1.037689e-010
1.502402749999989e-005	1.027415e+000	1.037689e-010
1.702402749999989e-005	1.027415e+000	1.037689e-010
2.002402749999989e-005	1.027415e+000	1.037689e-010
2.102402749999989e-005	1.027415e+000	1.037689e-010
2.202402749999989e-005	1.027415e+000	1.037689e-010
2.302402749999989e-005	1.027415e+000	1.037689e-010
2.402402749999989e-005	1.027415e+000	1.037689e-010
2.502402749999989e-005	1.027415e+000	1.037689e-010
2.602402749999989e-005	1.027415e+000	1.037689e-010
2.702402749999989e-005	1.027415e+000	1.037689e-010
2.902402749999989e-005	1.027415e+000	1.037689e-010
3.202402749999989e-005	1.027415e+000	1.037689e-010
3.402402749999989e-005	1.027415e+000	1.037689e-010
3.502402749999989e-005	1.027415e+000	1.037689e-010
3.602402749999989e-005	1.027415e+000	1.037689e-010
3.702402749999989e-005	1.027415e+000	1.037689e-010
3.802402749999989e-005	1.027415e+000	1.037689e-010
4.002402749999989e-005	1.027415e+000	1.037689e-010
4.088117035714275e-005	1.027415e+000	1.037689e-010
4.173831321428560e-005	1.027415e+000	1.037689e-010
4.259545607142846e-005	1.027415e+000	1.037689e-010
4.345259892857132e-005	1.027415e+000	1.037689e-010
4.430974178571418e-005	1.027415e+000	1.037689e-010
4.516688464285704e-005	1.027415e+000	1.037689e-010
4.602402749999989e-005	1.027415e+000	1.037689e-010
4.802402749999989e-005	1.027415e+000	1.037689e-010
5.002402749999989e-005	1.027415e+000	1.037689e-010
5.202402749999989e-005	1.027415e+000	1.037689e-010
5.288117035714275e-005	1.027415e+000	1.037689e-010
5.373831321428561e-005	1.027415e+000	1.037689e-010
5.459545607142846e-005	1.027415e+000	1.037689e-010
5.545259892857132e-005	1.027415e+000	1.037689e-010
5.630974178571418e-005	1.027415e+000	1.037689e-010
5.716688464285703e-005	1.027415e+000	1.037689e-010
5.802402749999989e-005	1.027415e+000	1.037689e-010
6.002402749999989e-005	1.027415e+000	1.037689e-010
6.202402749999989e-005	1.027415e+000	1.037689e-010
6.402402749999989e-005	1.027415e+000	1.037689e-010
6.502402749999988e-005	1.027415e+000	1.037689e-010
6.602402749999989e-005	1.027415e+000	1.037689e-010
6.702402749999989e-005	1.027415e+000	1.037689e-010
6.802402749999989e-005	1.027415e+000	1.037689e-010
6.902402749999990e-005	1.027415e+000	1.037689e-010
7.002402749999990e-005	1.027415e+000	1.037689e-010
7.102402749999989e-005	1.027415e+000	1.037689e-010
7.302402749999989e-005	1.027415e+000	1.037689e-010
7.502402749999990e-005	1.027415e+000	1.037689e-010
7.802402749999989e-005	1.027415e+000	1.037689e-010
7.916688464285704e-005	1.027415e+000	1.037689e-010
8.030974178571417e-005	1.027415e+000	1.037689e-010
8.145259892857132e-005	1.027415e+000	1.037689e-010
8.259545607142846e-005	1.027415e+000	1.037689e-010
8.373831321428561e-005	1.027415e+000	1.037689e-010
8.488117035714276e-005	1.027415e+000	1.037689e-010
8.602402749999989e-005	1.027415e+000	1.037689e-010
8.902402749999990e-005	1.027415e+000	1.037689e-010
9.016688464285703e-005	1.027415e+000	1.037689e-010
9.130974178571418e-005	1.027415e+000	1.037689e-010
9.245259892857132e-005	1.027415e+000	1.037689e-010
9.359545607142847e-005	1.027415e+000	1.037689e-010
9.473831321428560e-005	1.027415e+000	1.037689e-010
9.588117035714275e-005	1.027415e+000	1.037689e-010
9.702402749999989e-005	1.027415e+000	1.037689e-010
1.000240274999999e-004	1.027415e+000	1.037689e-010
1.011668846428570e-004	1.027415e+000	1.037689e-010
1.023097417857142e-004	1.027415e+000	1.037689e-010
1.034525989285713e-004	1.027415e+000	1.037689e-010
1.045954560714285e-004	1.027415e+000	1.037689e-010
1.057383132142856e-004	1.027415e+000	1.037689e-010
1.068811703571428e-004	1.027415e+000	1.037689e-010
1.080240274999999e-004	1.027415e+000	1.037689e-010
1.110240274999999e-004	1.027415e+000	1.037689e-010
1.121668846428570e-004	1.027415e+000	1.037689e-010
1.133097417857142e-004	1.027415e+000	1.037689e-010
1.144525989285713e-004	1.027415e+000	1.037689e-010
1.155954560714285e-004	1.027415e+000	1.037689e-010
1.167383132142856e-004	1.027415e+000	1.037689e-010
1.178811703571428e-004	1.027415e+000	1.037689e-010
1.190240274999999e-004	1.027415e+000	1.037689e-010
1.220240274999999e-004	1.027415e+000	1.037689e-010
1.233097417857142e-004	1.027415e+000	1.037689e-010
1.245954560714285e-004	1.027415e+000	1.037689e-010
1.258811703571428e-004	1.027415e+000	1.037689e-010
1.271668846428571e-004	1.027415e+000	1.037689e-010
1.284525989285713e-004	1.027415e+000	1.037689e-010
1.297383132142856e-004	1.027415e+000	1.037689e-010
1.310240274999999e-004	1.027415e+000	1.037689e-010
1.340240274999999e-004	1.027415e+000	1.037689e-010
1.353097417857142e-004	1.027415e+000	1.037689e-010
1.365954560714285e-004	1.027415e+000	1.037689e-010
1.378811703571427e-004	1.027415e+000	1.037689e-010
1.391668846428570e-004	1.027415e+000	1.037689e-010
1.404525989285713e-004	1.027415e+000	1.037689e-010
1.417383132142856e-004	1.027415e+000	1.037689e-010
1.430240274999999e-004	1.027415e+000	1.037689e-010
1.445954560714285e-004	1.027415e+000	1.037689e-010
1.461668846428570e-004	1.027415e+000	1.037689e-010
1.477383132142856e-004	1.027415e+000	1.037689e-010
1.493097417857142e-004	1.027415e+000	1.037689e-010
1.508811703571428e-004	1.027415e+000	1.037689e-010
1.524525989285713e-004	1.027415e+000	1.037689e-010
1.540240274999999e-004	1.027415e+000	1.037689e-010
1.557383132142856e-004	1.027415e+000	1.037689e-010
1.574525989285713e-004	1.027415e+000	1.037689e-010
1.591668846428570e-004	1.027415e+000	1.037689e-010
1.608811703571428e-004	1.027415e+000	1.037689e-010
1.625954560714285e-004	1.027415e+000	1.037689e-010
1.643097417857142e-004	1.027415e+000	1.037689e-010
1.660240274999999e-004	1.027415e+000	1.037689e-010
1.678811703571427e-004	1.027415e+000	1.037689e-010
1.697383132142856e-004	1.027415e+000	1.037689e-010
1.715954560714285e-004	1.027415e+000	1.037689e-010
1.734525989285713e-004	1.027415e+000	1.037689e-010
1.753097417857142e-004	1.027415e+000	1.037689e-010
1.771668846428571e-004	1.027415e+000	1.037689e-010
1.790240274999999e-004	1.027415e+000	1.037689e-010
1.808811703571428e-004	1.027415e+000	1.037689e-010
1.827383132142856e-004	1.027415e+000	1.037689e-010
1.845954560714285e-004	1.027415e+000	1.037689e-010
1.864525989285713e-004	1.027415e+000	1.037689e-010
1.883097417857142e-004	1.027415e+000	1.037689e-010
1.901668846428570e-004	1.027415e+000	1.037689e-010
1.920240274999999e-004	1.027415e+000	1.037689e-010
1.940240274999999e-004	1.027415e+000	1.037689e-010
1.960240274999999e-004	1.027415e+000	1.037689e-010
1.980240274999999e-004	1.027415e+000	1.037689e-010
2.000240274999999e-004	1.027415e+000	1.037689e-010
2.020240274999999e-004	1.027415e+000	1.037689e-010
2.040240274999999e-004	1.027415e+000	1.037689e-010
2.060240274999999e-004	1.027415e+000	1.037689e-010
2.081668846428570e-004	1.027415e+000	1.037689e-010
2.103097417857142e-004	1.027415e+000	1.037689e-010
2.124525989285713e-004	1.027415e+000	1.037689e-010
2.145954560714285e-004	1.027415e+000	1.037689e-010
2.167383132142856e-004	1.027415e+000	1.037689e-010
2.188811703571428e-004	1.027415e+000	1.037689e-010
2.210240274999999e-004	1.027415e+000	1.037689e-010
2.240240274999999e-004	1.027415e+000	1.037689e-010
2.270240274999999e-004	1.027415e+000	1.037689e-010
2.300240274999999e-004	1.027415e+000	1.037689e-010
2.330240274999999e-004	1.027415e+000	1.037689e-010
2.360240274999999e-004	1.027415e+000	1.037689e-010
2.390240274999999e-004	1.027415e+000	1.037689e-010
2.420240274999999e-004	1.027415e+000	1.037689e-010
2.458811703571428e-004	1.027415e+000	1.037689e-010
2.497383132142856e-004	1.027415e+000	1.037689e-010
2.535954560714285e-004	1.027415e+000	1.037689e-010
2.574525989285713e-004	1.027415e+000	1.037689e-010
2.613097417857142e-004	1.027415e+000	1.037689e-010
2.651668846428570e-004	1.027415e+000	1.037689e-010
2.690240274999999e-004	1.027415e+000	1.037689e-010
2.728811703571427e-004	1.027415e+000	1.037689e-010
2.767383132142856e-004	1.027415e+000	1.037689e-010
2.805954560714285e-004	1.027415e+000	1.037689e-010
2.844525989285713e-004	1.027415e+000	1.037689e-010
2.883097417857142e-004	1.027415e+000	1.037689e-010
2.921668846428570e-004	1.027415e+000	1.037689e-010
2.960240274999999e-004	1.027415e+000	1.037689e-010
3.705954560714285e-004	1.027415e+000	1.037689e-010
4.451668846428571e-004	1.027415e+000	1.037689e-010
5.197383132142856e-004	1.027415e+000	1.037689e-010
5.943097417857142e-004	1.027415e+000	1.037689e-010
6.688811703571429e-004	1.027415e+000	1.037689e-010
7.434525989285714e-004	1.027415e+000	1.037689e-010
8.180240274999999e-004	1.027415e+000	1.037689e-010
1.009024027500000e-003	1.027415e+000	1.037689e-010
1.150452598928571e-003	1.027415e+000	1.037689e-010
1.291881170357143e-003	1.027415e+000	1.037689e-010
1.433309741785715e-003	1.027415e+000	1.037689e-010
1.574738313214286e-003	1.027415e+000	1.037689e-010
1.716166884642857e-003	1.027415e+000	1.037689e-010
1.857595456071429e-003	1.027415e+000	1.037689e-010
1.999024027500000e-003	1.027415e+000	1.037689e-010
2.000000000000000e-003	1.027415e+000	1.037689e-010
2.000001979042695e-003	7.028534e-001	3.603816e-001
2.000005937128086e-003	5.328660e-001	5.328660e-001
2.000006711376227e-003	5.342484e-001	5.342484e-001
2.000007235080833e-003	5.342956e-001	5.342956e-001
2.000007719609643e-003	5.344299e-001	5.344299e-001
2.000007934950763e-003	5.342149e-001	5.342149e-001
2.000008064287168e-003	5.339488e-001	5.339488e-001
2.000008166539115e-003	5.340853e-001	5.340853e-001
2.000008279164295e-003	5.340713e-001	5.340713e-001
2.000008432805791e-003	5.340671e-001	5.340671e-001
2.000008740088783e-003	5.340562e-001	5.340562e-001
2.000009354654766e-003	5.340424e-001	5.340424e-001
2.000010583786733e-003	5.340636e-001	5.340636e-001
2.000012615999390e-003	5.342717e-001	5.342717e-001
2.000014756058924e-003	5.348075e-001	5.348075e-001
2.000017561245356e-003	5.360990e-001	5.360990e-001
2.000020935541128e-003	5.385498e-001	5.385498e-001
2.000026079173531e-003	5.437027e-001	5.437027e-001
2.000031779219394e-003	5.506391e-001	5.506391e-001
2.000037461339495e-003	5.582861e-001	5.582861e-001
2.000042757440730e-003	5.656537e-001	5.656537e-001
2.000048611715843e-003	5.737587e-001	5.737587e-001
2.000054965315798e-003	5.823046e-001	5.823046e-001
2.000062293908275e-003	5.917029e-001	5.917029e-001
2.000070508022138e-003	6.015657e-001	6.015657e-001
2.000080233295295e-003	6.122918e-001	6.122918e-001
2.000091705322218e-003	6.236776e-001	6.236776e-001
2.000105280457616e-003	6.356265e-001	6.356265e-001
2.000117528539615e-003	6.450315e-001	6.450315e-001
2.000133176617795e-003	6.554211e-001	6.554211e-001
2.000147813237546e-003	6.638628e-001	6.638628e-001
2.000160637847795e-003	6.703135e-001	6.703135e-001
2.000171907855130e-003	6.753137e-001	6.753137e-001
2.000184680540649e-003	6.803648e-001	6.803648e-001
2.000197518757778e-003	6.848994e-001	6.848994e-001
2.000215169041574e-003	6.904954e-001	6.904954e-001
2.000234296023501e-003	6.961859e-001	6.961859e-001
2.000255878227297e-003	7.030175e-001	7.030175e-001
2.000275649309904e-003	7.113943e-001	7.113943e-001
2.000295168708355e-003	7.246397e-001	7.246397e-001
2.000313736429116e-003	7.454862e-001	7.454862e-001
2.000332783581913e-003	7.777926e-001	7.777926e-001
2.000351318463676e-003	8.193871e-001	8.193871e-001
2.000371987723762e-003	8.726838e-001	8.726838e-001
2.000391916129629e-003	9.249238e-001	9.249238e-001
2.000404675173006e-003	9.562408e-001	9.562408e-001
2.000413832559656e-003	9.763981e-001	9.763981e-001
2.000422405813580e-003	9.930261e-001	9.930261e-001
2.000431507146482e-003	1.008157e+000	1.008157e+000
2.000441431298352e-003	1.021833e+000	1.021833e+000
2.000449028010843e-003	1.030095e+000	1.030095e+000
2.000457042967076e-003	1.036524e+000	1.036524e+000
2.000465417011410e-003	1.040541e+000	1.040541e+000
2.000482165100078e-003	1.042765e+000	1.042765e+000
2.000499751237666e-003	1.040174e+000	1.040174e+000
2.000514033942632e-003	1.035961e+000	1.035961e+000
2.000526011913458e-003	1.032569e+000	1.032569e+000
2.000537523344685e-003	1.030156e+000	1.030156e+000
2.000550249967640e-003	1.028162e+000	1.028162e+000
2.000564148181449e-003	1.026245e+000	1.026245e+000
2.000576705414057e-003	1.024497e+000	1.024497e+000
2.000591069950021e-003	1.022377e+000	1.022377e+000
2.000604124477512e-003	1.020319e+000	1.020319e+000
2.000619456009232e-003	1.017756e+000	1.017756e+000
2.000634881516038e-003	1.015052e+000	1.015052e+000
2.000653584839726e-003	1.011647e+000	1.011647e+000
2.000672919432839e-003	1.008037e+000	1.008037e+000
2.000690532849010e-003	1.004693e+000	1.004693e+000
2.000709217167613e-003	1.001114e+000	1.001114e+000
2.000728117541840e-003	9.974831e-001	9.974831e-001
2.000749926191334e-003	9.932979e-001	9.932979e-001
2.000775672640402e-003	9.883833e-001	9.883833e-001
2.000805963056447e-003	9.826525e-001	9.826525e-001
2.000832977766534e-003	9.776089e-001	9.776089e-001
2.000866071298712e-003	9.715383e-001	9.715383e-001
2.000897871020283e-003	9.658626e-001	9.658626e-001
2.000945786022341e-003	9.577948e-001	9.577948e-001
2.001020948739772e-003	9.467196e-001	9.467196e-001
2.001100714527413e-003	9.379901e-001	9.379901e-001
2.001163757131740e-003	9.348944e-001	9.348944e-001
2.001230335855712e-003	9.361278e-001	9.361278e-001
2.001276017233318e-003	9.396996e-001	9.396996e-001
2.001320296949658e-003	9.451789e-001	9.451789e-001
2.001367686007426e-003	9.522762e-001	9.522762e-001
2.001415097483877e-003	9.598908e-001	9.598908e-001
2.001474347667403e-003	9.692573e-001	9.692573e-001
2.001535136174054e-003	9.780788e-001	9.780788e-001
2.001599451992355e-003	9.862030e-001	9.862030e-001
2.001668073795096e-003	9.935291e-001	9.935291e-001
2.001733271837434e-003	9.992926e-001	9.992926e-001
2.001812405794153e-003	1.004911e+000	1.004911e+000
2.001929934524332e-003	1.011387e+000	1.011387e+000
2.002054788062352e-003	1.016436e+000	1.016436e+000
2.002194234582728e-003	1.020245e+000	1.020245e+000
2.002363555180641e-003	1.023055e+000	1.023055e+000
2.002627615354140e-003	1.025380e+000	1.025380e+000
2.002910409819848e-003	1.026541e+000	1.026541e+000
2.003187937052751e-003	1.026982e+000	1.026982e+000
2.003525320338934e-003	1.027162e+000	1.027162e+000
2.004038146450666e-003	1.027233e+000	1.027233e+000
2.004873970915466e-003	1.027248e+000	1.027248e+000
2.005873970915467e-003	1.027242e+000	1.027242e+000
2.006873970915467e-003	1.027236e+000	1.027236e+000
2.007873970915466e-003	1.027231e+000	1.027231e+000
2.008873970915467e-003	1.027226e+000	1.027226e+000
2.009873970915467e-003	1.027222e+000	1.027222e+000
2.010873970915466e-003	1.027218e+000	1.027218e+000
2.011873970915467e-003	1.027215e+000	1.027215e+000
2.012873970915467e-003	1.027212e+000	1.027212e+000
2.013873970915467e-003	1.027210e+000	1.027210e+000
2.014873970915466e-003	1.027207e+000	1.027207e+000
2.015873970915467e-003	1.027205e+000	1.027205e+000
2.016873970915467e-003	1.027203e+000	1.027203e+000
2.017873970915466e-003	1.027202e+000	1.027202e+000
2.018873970915467e-003	1.027200e+000	1.027200e+000
2.019873970915467e-003	1.027199e+000	1.027199e+000
2.020873970915466e-003	1.027198e+000	1.027198e+000
2.021873970915467e-003	1.027197e+000	1.027197e+000
2.022873970915467e-003	1.027196e+000	1.027196e+000
2.023873970915466e-003	1.027195e+000	1.027195e+000
2.024873970915467e-003	1.027195e+000	1.027195e+000
2.025873970915467e-003	1.027194e+000	1.027194e+000
2.026873970915467e-003	1.027194e+000	1.027194e+000
2.027873970915466e-003	1.027193e+000	1.027193e+000
2.028873970915467e-003	1.027193e+000	1.027193e+000
2.029873970915467e-003	1.027193e+000	1.027193e+000
2.030873970915466e-003	1.027193e+000	1.027193e+000
2.031873970915467e-003	1.027193e+000	1.027193e+000
2.032873970915467e-003	1.027192e+000	1.027192e+000
2.033873970915466e-003	1.027192e+000	1.027192e+000
2.034873970915467e-003	1.027192e+000	1.027192e+000
2.035873970915467e-003	1.027192e+000	1.027192e+000
2.036873970915466e-003	1.027193e+000	1.027193e+000
2.037873970915467e-003	1.027193e+000	1.027193e+000
2.038873970915467e-003	1.027193e+000	1.027193e+000
2.039873970915467e-003	1.027193e+000	1.027193e+000
2.040873970915466e-003	1.027193e+000	1.027193e+000
2.041873970915467e-003	1.027193e+000	1.027193e+000
2.042873970915467e-003	1.027193e+000	1.027193e+000
2.043873970915466e-003	1.027193e+000	1.027193e+000
2.044873970915467e-003	1.027194e+000	1.027194e+000
2.045873970915467e-003	1.027194e+000	1.027194e+000
2.046873970915466e-003	1.027194e+000	1.027194e+000
2.047873970915467e-003	1.027194e+000	1.027194e+000
2.048873970915467e-003	1.027194e+000	1.027194e+000
2.049873970915467e-003	1.027195e+000	1.027195e+000
2.050873970915466e-003	1.027195e+000	1.027195e+000
2.051873970915467e-003	1.027195e+000	1.027195e+000
2.052873970915467e-003	1.027195e+000	1.027195e+000
2.053873970915466e-003	1.027196e+000	1.027196e+000
2.054873970915467e-003	1.027196e+000	1.027196e+000
2.055873970915467e-003	1.027196e+000	1.027196e+000
2.056873970915466e-003	1.027196e+000	1.027196e+000
2.057873970915467e-003	1.027197e+000	1.027197e+000
2.058873970915467e-003	1.027197e+000	1.027197e+000
2.059873970915466e-003	1.027197e+000	1.027197e+000
2.060873970915467e-003	1.027197e+000	1.027197e+000
2.061873970915467e-003	1.027197e+000	1.027197e+000
2.062873970915467e-003	1.027198e+000	1.027198e+000
2.063873970915466e-003	1.027198e+000	1.027198e+000
2.064873970915467e-003	1.027198e+000	1.027198e+000
2.065873970915467e-003	1.027198e+000	1.027198e+000
2.066873970915466e-003	1.027199e+000	1.027199e+000
2.067873970915467e-003	1.027199e+000	1.027199e+000
2.068873970915467e-003	1.027199e+000	1.027199e+000
2.069873970915466e-003	1.027199e+000	1.027199e+000
2.070873970915467e-003	1.027200e+000	1.027200e+000
2.071873970915467e-003	1.027200e+000	1.027200e+000
2.072873970915466e-003	1.027200e+000	1.027200e+000
2.073873970915467e-003	1.027200e+000	1.027200e+000
2.074873970915467e-003	1.027200e+000	1.027200e+000
2.075873970915467e-003	1.027201e+000	1.027201e+000
2.076873970915466e-003	1.027201e+000	1.027201e+000
2.077873970915467e-003	1.027201e+000	1.027201e+000
2.078873970915467e-003	1.027201e+000	1.027201e+000
2.079873970915466e-003	1.027201e+000	1.027201e+000
2.080873970915467e-003	1.027202e+000	1.027202e+000
2.081873970915467e-003	1.027202e+000	1.027202e+000
2.082873970915466e-003	1.027202e+000	1.027202e+000
2.083873970915467e-003	1.027202e+000	1.027202e+000
2.084873970915467e-003	1.027202e+000	1.027202e+000
2.085873970915466e-003	1.027203e+000	1.027203e+000
2.086873970915467e-003	1.027203e+000	1.027203e+000
2.087873970915467e-003	1.027203e+000	1.027203e+000
2.088873970915467e-003	1.027203e+000	1.027203e+000
2.089873970915466e-003	1.027203e+000	1.027203e+000
2.090873970915467e-003	1.027204e+000	1.027204e+000
2.091873970915467e-003	1.027204e+000	1.027204e+000
2.092873970915466e-003	1.027204e+000	1.027204e+000
2.093873970915467e-003	1.027204e+000	1.027204e+000
2.094873970915467e-003	1.027204e+000	1.027204e+000
2.095873970915466e-003	1.027204e+000	1.027204e+000
2.096873970915467e-003	1.027205e+000	1.027205e+000
2.097873970915467e-003	1.027205e+000	1.027205e+000
2.098873970915467e-003	1.027205e+000	1.027205e+000
2.099873970915466e-003	1.027205e+000	1.027205e+000
2.100873970915467e-003	1.027205e+000	1.027205e+000
2.101873970915467e-003	1.027205e+000	1.027205e+000
2.102873970915466e-003	1.027206e+000	1.027206e+000
2.103873970915467e-003	1.027206e+000	1.027206e+000
2.104873970915467e-003	1.027206e+000	1.027206e+000
2.105873970915466e-003	1.027206e+000	1.027206e+000
2.106873970915467e-003	1.027206e+000	1.027206e+000
2.107873970915467e-003	1.027206e+000	1.027206e+000
2.108873970915466e-003	1.027206e+000	1.027206e+000
2.109873970915467e-003	1.027207e+000	1.027207e+000
2.110873970915467e-003	1.027207e+000	1.027207e+000
2.111873970915467e-003	1.027207e+000	1.027207e+000
2.112873970915466e-003	1.027207e+000	1.027207e+000
2.113873970915467e-003	1.027207e+000	1.027207e+000
2.114873970915467e-003	1.027207e+000	1.027207e+000
2.115873970915466e-003	1.027207e+000	1.027207e+000
2.116873970915467e-003	1.027208e+000	1.027208e+000
2.117873970915467e-003	1.027208e+000	1.027208e+000
2.118873970915466e-003	1.027208e+000	1.027208e+000
2.119873970915467e-003	1.027208e+000	1.027208e+000
2.120873970915467e-003	1.027208e+000	1.027208e+000
2.121873970915466e-003	1.027208e+000	1.027208e+000
2.122873970915467e-003	1.027208e+000	1.027208e+000
2.123873970915467e-003	1.027208e+000	1.027208e+000
2.124873970915467e-003	1.027209e+000	1.027209e+000
2.125873970915466e-003	1.027209e+000	1.027209e+000
2.126873970915467e-003	1.027209e+000	1.027209e+000
2.127873970915467e-003	1.027209e+000	1.027209e+000
2.128873970915466e-003	1.027209e+000	1.027209e+000
2.130873970915467e-003	1.027209e+000	1.027209e+000
2.131873970915466e-003	1.027209e+000	1.027209e+000
2.132873970915467e-003	1.027210e+000	1.027210e+000
2.133873970915467e-003	1.027210e+000	1.027210e+000
2.134873970915466e-003	1.027210e+000	1.027210e+000
2.135873970915467e-003	1.027210e+000	1.027210e+000
2.136873970915467e-003	1.027210e+000	1.027210e+000
2.137873970915467e-003	1.027210e+000	1.027210e+000
2.138873970915466e-003	1.027210e+000	1.027210e+000
2.139873970915467e-003	1.027210e+000	1.027210e+000
2.140873970915467e-003	1.027210e+000	1.027210e+000
2.141873970915466e-003	1.027210e+000	1.027210e+000
2.142873970915467e-003	1.027211e+000	1.027211e+000
2.143873970915467e-003	1.027211e+000	1.027211e+000
2.144873970915466e-003	1.027211e+000	1.027211e+000
2.145873970915467e-003	1.027211e+000	1.027211e+000
2.146873970915467e-003	1.027211e+000	1.027211e+000
2.147873970915467e-003	1.027211e+000	1.027211e+000
2.148873970915466e-003	1.027211e+000	1.027211e+000
2.149873970915467e-003	1.027211e+000	1.027211e+000
2.150873970915467e-003	1.027211e+000	1.027211e+000
2.151873970915466e-003	1.027211e+000	1.027211e+000
2.152873970915467e-003	1.027212e+000	1.027212e+000
2.153873970915467e-003	1.027212e+000	1.027212e+000
2.154873970915466e-003	1.027212e+000	1.027212e+000
2.155873970915467e-003	1.027212e+000	1.027212e+000
2.156873970915467e-003	1.027212e+000	1.027212e+000
2.157873970915466e-003	1.027212e+000	1.027212e+000
2.158873970915467e-003	1.027212e+000	1.027212e+000
2.159873970915467e-003	1.027212e+000	1.027212e+000
2.160873970915467e-003	1.027212e+000	1.027212e+000
2.161873970915466e-003	1.027212e+000	1.027212e+000
2.162873970915467e-003	1.027212e+000	1.027212e+000
2.163873970915467e-003	1.027213e+000	1.027213e+000
2.164873970915466e-003	1.027213e+000	1.027213e+000
2.165873970915467e-003	1.027213e+000	1.027213e+000
2.166873970915467e-003	1.027213e+000	1.027213e+000
2.167873970915466e-003	1.027213e+000	1.027213e+000
2.168873970915467e-003	1.027213e+000	1.027213e+000
2.169873970915467e-003	1.027213e+000	1.027213e+000
2.170873970915466e-003	1.027213e+000	1.027213e+000
2.171873970915467e-003	1.027213e+000	1.027213e+000
2.172873970915467e-003	1.027213e+000	1.027213e+000
2.173873970915467e-003	1.027213e+000	1.027213e+000
2.174873970915466e-003	1.027213e+000	1.027213e+000
2.175873970915467e-003	1.027213e+000	1.027213e+000
2.176873970915467e-003	1.027213e+000	1.027213e+000
2.177873970915466e-003	1.027214e+000	1.027214e+000
2.178873970915467e-003	1.027214e+000	1.027214e+000
2.179873970915467e-003	1.027214e+000	1.027214e+000
2.180873970915466e-003	1.027214e+000	1.027214e+000
2.181873970915467e-003	1.027214e+000	1.027214e+000
2.182873970915467e-003	1.027214e+000	1.027214e+000
2.183873970915466e-003	1.027214e+000	1.027214e+000
2.184873970915467e-003	1.027214e+000	1.027214e+000
2.185873970915467e-003	1.027214e+000	1.027214e+000
2.186873970915467e-003	1.027214e+000	1.027214e+000
2.187873970915466e-003	1.027214e+000	1.027214e+000
2.188873970915467e-003	1.027214e+000	1.027214e+000
2.189873970915467e-003	1.027214e+000	1.027214e+000
2.191873970915467e-003	1.027215e+000	1.027215e+000
2.192873970915467e-003	1.027215e+000	1.027215e+000
2.193873970915466e-003	1.027215e+000	1.027215e+000
2.194873970915467e-003	1.027215e+000	1.027215e+000
2.195873970915467e-003	1.027215e+000	1.027215e+000
2.196873970915467e-003	1.027215e+000	1.027215e+000
2.197873970915466e-003	1.027215e+000	1.027215e+000
2.198873970915467e-003	1.027215e+000	1.027215e+000
2.199873970915467e-003	1.027215e+000	1.027215e+000
2.200873970915466e-003	1.027215e+000	1.027215e+000
2.201873970915467e-003	1.027215e+000	1.027215e+000
2.203873970915466e-003	1.027215e+000	1.027215e+000
2.204873970915467e-003	1.027215e+000	1.027215e+000
2.205873970915467e-003	1.027215e+000	1.027215e+000
2.206873970915466e-003	1.027215e+000	1.027215e+000
2.207873970915467e-003	1.027215e+000	1.027215e+000
2.208873970915467e-003	1.027215e+000	1.027215e+000
2.209873970915467e-003	1.027215e+000	1.027215e+000
2.210873970915466e-003	1.027215e+000	1.027215e+000
2.211873970915467e-003	1.027216e+000	1.027216e+000
2.212873970915467e-003	1.027216e+000	1.027216e+000
2.213873970915466e-003	1.027216e+000	1.027216e+000
2.215873970915467e-003	1.027216e+000	1.027216e+000
2.216873970915466e-003	1.027216e+000	1.027216e+000
2.217873970915467e-003	1.027216e+000	1.027216e+000
2.218873970915467e-003	1.027216e+000	1.027216e+000
2.219873970915466e-003	1.027216e+000	1.027216e+000
2.220873970915467e-003	1.027216e+000	1.027216e+000
2.221873970915467e-003	1.027216e+000	1.027216e+000
2.222873970915467e-003	1.027216e+000	1.027216e+000
2.223873970915466e-003	1.027216e+000	1.027216e+000
2.224873970915467e-003	1.027216e+000	1.027216e+000
2.225873970915467e-003	1.027216e+000	1.027216e+000
2.227873970915467e-003	1.027216e+000	1.027216e+000
2.228873970915467e-003	1.027216e+000	1.027216e+000
2.229873970915466e-003	1.027216e+000	1.027216e+000
2.230873970915467e-003	1.027216e+000	1.027216e+000
2.231873970915467e-003	1.027216e+000	1.027216e+000
2.232873970915466e-003	1.027217e+000	1.027217e+000
2.233873970915466e-003	1.027217e+000	1.027217e+000
2.234873970915467e-003	1.027217e+000	1.027217e+000
2.235873970915467e-003	1.027217e+000	1.027217e+000
2.236873970915466e-003	1.027217e+000	1.027217e+000
2.237873970915467e-003	1.027217e+000	1.027217e+000
2.239873970915466e-003	1.027217e+000	1.027217e+000
2.240873970915467e-003	1.027217e+000	1.027217e+000
2.241873970915467e-003	1.027217e+000	1.027217e+000
2.242873970915466e-003	1.027217e+000	1.027217e+000
2.243873970915467e-003	1.027217e+000	1.027217e+000
2.244873970915467e-003	1.027217e+000	1.027217e+000
2.245873970915467e-003	1.027217e+000	1.027217e+000
2.246873970915466e-003	1.027217e+000	1.027217e+000
2.247873970915467e-003	1.027217e+000	1.027217e+000
2.248873970915467e-003	1.027217e+000	1.027217e+000
2.249873970915466e-003	1.027217e+000	1.027217e+000
2.250873970915467e-003	1.027217e+000	1.027217e+000
2.252873970915466e-003	1.027217e+000	1.027217e+000
2.253873970915467e-003	1.027217e+000	1.027217e+000
2.254873970915467e-003	1.027217e+000	1.027217e+000
2.255873970915466e-003	1.027217e+000	1.027217e+000
2.256873970915467e-003	1.027217e+000	1.027217e+000
2.257873970915467e-003	1.027217e+000	1.027217e+000
2.258873970915467e-003	1.027217e+000	1.027217e+000
2.259873970915466e-003	1.027218e+000	1.027218e+000
2.260873970915467e-003	1.027218e+000	1.027218e+000
2.261873970915467e-003	1.027218e+000	1.027218e+000
2.262873970915466e-003	1.027218e+000	1.027218e+000
2.264873970915467e-003	1.027218e+000	1.027218e+000
2.265873970915466e-003	1.027218e+000	1.027218e+000
2.266873970915467e-003	1.027218e+000	1.027218e+000
2.267873970915467e-003	1.027218e+000	1.027218e+000
2.268873970915466e-003	1.027218e+000	1.027218e+000
2.269873970915467e-003	1.027218e+000	1.027218e+000
2.270873970915467e-003	1.027218e+000	1.027218e+000
2.271873970915467e-003	1.027218e+000	1.027218e+000
2.272873970915466e-003	1.027218e+000	1.027218e+000
2.273873970915467e-003	1.027218e+000	1.027218e+000
2.274873970915467e-003	1.027218e+000	1.027218e+000
2.276873970915467e-003	1.027218e+000	1.027218e+000
2.277873970915467e-003	1.027218e+000	1.027218e+000
2.278873970915466e-003	1.027218e+000	1.027218e+000
2.279873970915467e-003	1.027218e+000	1.027218e+000
2.280873970915467e-003	1.027218e+000	1.027218e+000
2.281873970915466e-003	1.027218e+000	1.027218e+000
2.282873970915466e-003	1.027218e+000	1.027218e+000
2.283873970915467e-003	1.027218e+000	1.027218e+000
2.284873970915467e-003	1.027218e+000	1.027218e+000
2.285873970915466e-003	1.027218e+000	1.027218e+000
2.286873970915467e-003	1.027218e+000	1.027218e+000
2.288873970915466e-003	1.027218e+000	1.027218e+000
2.289873970915467e-003	1.027218e+000	1.027218e+000
2.290873970915467e-003	1.027218e+000	1.027218e+000
2.291873970915466e-003	1.027218e+000	1.027218e+000
2.292873970915467e-003	1.027218e+000	1.027218e+000
2.293873970915467e-003	1.027218e+000	1.027218e+000
2.294873970915467e-003	1.027218e+000	1.027218e+000
2.295873970915466e-003	1.027218e+000	1.027218e+000
2.296873970915467e-003	1.027218e+000	1.027218e+000
2.297873970915467e-003	1.027218e+000	1.027218e+000
2.298873970915466e-003	1.027218e+000	1.027218e+000
2.301873970915466e-003	1.027219e+000	1.027219e+000
2.302873970915467e-003	1.027219e+000	1.027219e+000
2.303873970915467e-003	1.027219e+000	1.027219e+000
2.304873970915466e-003	1.027219e+000	1.027219e+000
2.305873970915467e-003	1.027219e+000	1.027219e+000
2.306873970915467e-003	1.027219e+000	1.027219e+000
2.307873970915467e-003	1.027219e+000	1.027219e+000
2.308873970915466e-003	1.027219e+000	1.027219e+000
2.309873970915467e-003	1.027219e+000	1.027219e+000
2.311873970915466e-003	1.027219e+000	1.027219e+000
2.313873970915467e-003	1.027219e+000	1.027219e+000
2.314873970915466e-003	1.027219e+000	1.027219e+000
2.315873970915467e-003	1.027219e+000	1.027219e+000
2.316873970915467e-003	1.027219e+000	1.027219e+000
2.317873970915466e-003	1.027219e+000	1.027219e+000
2.318873970915467e-003	1.027219e+000	1.027219e+000
2.319873970915467e-003	1.027219e+000	1.027219e+000
2.320873970915467e-003	1.027219e+000	1.027219e+000
2.321873970915466e-003	1.027219e+000	1.027219e+000
2.323873970915467e-003	1.027219e+000	1.027219e+000
2.325873970915467e-003	1.027219e+000	1.027219e+000
2.326873970915467e-003	1.027219e+000	1.027219e+000
2.327873970915466e-003	1.027219e+000	1.027219e+000
2.328873970915467e-003	1.027219e+000	1.027219e+000
2.329873970915467e-003	1.027219e+000	1.027219e+000
2.330873970915466e-003	1.027219e+000	1.027219e+000
2.331873970915466e-003	1.027219e+000	1.027219e+000
2.332873970915467e-003	1.027219e+000	1.027219e+000
2.333873970915467e-003	1.027219e+000	1.027219e+000
2.335873970915467e-003	1.027219e+000	1.027219e+000
2.337873970915466e-003	1.027219e+000	1.027219e+000
2.338873970915467e-003	1.027219e+000	1.027219e+000
2.339873970915467e-003	1.027219e+000	1.027219e+000
2.340873970915466e-003	1.027219e+000	1.027219e+000
2.341873970915467e-003	1.027219e+000	1.027219e+000
2.342873970915467e-003	1.027219e+000	1.027219e+000
2.343873970915467e-003	1.027219e+000	1.027219e+000
2.344873970915466e-003	1.027219e+000	1.027219e+000
2.345873970915467e-003	1.027219e+000	1.027219e+000
2.347873970915466e-003	1.027219e+000	1.027219e+000
2.350873970915466e-003	1.027219e+000	1.027219e+000
2.351873970915467e-003	1.027219e+000	1.027219e+000
2.352873970915467e-003	1.027219e+000	1.027219e+000
2.353873970915466e-003	1.027219e+000	1.027219e+000
2.354873970915467e-003	1.027219e+000	1.027219e+000
2.355873970915467e-003	1.027219e+000	1.027219e+000
2.356873970915467e-003	1.027219e+000	1.027219e+000
2.358873970915467e-003	1.027219e+000	1.027219e+000
2.359588256629752e-003	1.027219e+000	1.027219e+000
2.360302542344038e-003	1.027219e+000	1.027219e+000
2.361016828058324e-003	1.027220e+000	1.027220e+000
2.361731113772609e-003	1.027220e+000	1.027220e+000
2.362445399486895e-003	1.027220e+000	1.027220e+000
2.363159685201181e-003	1.027220e+000	1.027220e+000
2.363873970915466e-003	1.027220e+000	1.027220e+000
2.364873970915467e-003	1.027220e+000	1.027220e+000
2.365873970915467e-003	1.027220e+000	1.027220e+000
2.366873970915466e-003	1.027220e+000	1.027220e+000
2.367873970915467e-003	1.027220e+000	1.027220e+000
2.368873970915467e-003	1.027220e+000	1.027220e+000
2.370873970915466e-003	1.027220e+000	1.027220e+000
2.371731113772609e-003	1.027220e+000	1.027220e+000
2.372588256629752e-003	1.027220e+000	1.027220e+000
2.373445399486895e-003	1.027220e+000	1.027220e+000
2.374302542344038e-003	1.027220e+000	1.027220e+000
2.375159685201181e-003	1.027220e+000	1.027220e+000
2.376016828058324e-003	1.027220e+000	1.027220e+000
2.376873970915466e-003	1.027220e+000	1.027220e+000
2.378873970915467e-003	1.027220e+000	1.027220e+000
2.380873970915466e-003	1.027220e+000	1.027220e+000
2.382873970915467e-003	1.027220e+000	1.027220e+000
2.383731113772609e-003	1.027220e+000	1.027220e+000
2.384588256629753e-003	1.027220e+000	1.027220e+000
2.385445399486895e-003	1.027220e+000	1.027220e+000
2.386302542344038e-003	1.027220e+000	1.027220e+000
2.387159685201181e-003	1.027220e+000	1.027220e+000
2.388016828058324e-003	1.027220e+000	1.027220e+000
2.388873970915467e-003	1.027220e+000	1.027220e+000
2.390873970915467e-003	1.027220e+000	1.027220e+000
2.392873970915467e-003	1.027220e+000	1.027220e+000
2.394873970915467e-003	1.027220e+000	1.027220e+000
2.395873970915467e-003	1.027220e+000	1.027220e+000
2.396873970915466e-003	1.027220e+000	1.027220e+000
2.397873970915467e-003	1.027220e+000	1.027220e+000
2.398873970915467e-003	1.027220e+000	1.027220e+000
2.399873970915467e-003	1.027220e+000	1.027220e+000
2.400873970915467e-003	1.027220e+000	1.027220e+000
2.401873970915467e-003	1.027220e+000	1.027220e+000
2.403873970915467e-003	1.027220e+000	1.027220e+000
2.405873970915467e-003	1.027220e+000	1.027220e+000
2.408873970915467e-003	1.027220e+000	1.027220e+000
2.410159685201181e-003	1.027220e+000	1.027220e+000
2.411445399486895e-003	1.027220e+000	1.027220e+000
2.412731113772609e-003	1.027220e+000	1.027220e+000
2.414016828058324e-003	1.027220e+000	1.027220e+000
2.415302542344038e-003	1.027220e+000	1.027220e+000
2.416588256629753e-003	1.027220e+000	1.027220e+000
2.417873970915467e-003	1.027220e+000	1.027220e+000
2.418873970915467e-003	1.027220e+000	1.027220e+000
2.419873970915466e-003	1.027220e+000	1.027220e+000
2.420873970915467e-003	1.027220e+000	1.027220e+000
2.421873970915467e-003	1.027220e+000	1.027220e+000
2.422873970915467e-003	1.027220e+000	1.027220e+000
2.423873970915467e-003	1.027220e+000	1.027220e+000
2.424873970915467e-003	1.027220e+000	1.027220e+000
2.427873970915467e-003	1.027220e+000	1.027220e+000
2.430873970915467e-003	1.027220e+000	1.027220e+000
2.432016828058324e-003	1.027220e+000	1.027220e+000
2.433159685201181e-003	1.027220e+000	1.027220e+000
2.434302542344038e-003	1.027220e+000	1.027220e+000
2.435445399486895e-003	1.027220e+000	1.027220e+000
2.436588256629752e-003	1.027220e+000	1.027220e+000
2.437731113772609e-003	1.027220e+000	1.027220e+000
2.438873970915466e-003	1.027220e+000	1.027220e+000
2.441873970915467e-003	1.027220e+000	1.027220e+000
2.443016828058324e-003	1.027220e+000	1.027220e+000
2.444159685201181e-003	1.027220e+000	1.027220e+000
2.445302542344038e-003	1.027220e+000	1.027220e+000
2.446445399486895e-003	1.027220e+000	1.027220e+000
2.447588256629752e-003	1.027220e+000	1.027220e+000
2.448731113772609e-003	1.027220e+000	1.027220e+000
2.449873970915467e-003	1.027220e+000	1.027220e+000
2.452873970915467e-003	1.027220e+000	1.027220e+000
2.454159685201181e-003	1.027220e+000	1.027220e+000
2.455445399486895e-003	1.027220e+000	1.027220e+000
2.456731113772609e-003	1.027220e+000	1.027220e+000
2.458016828058324e-003	1.027220e+000	1.027220e+000
2.459302542344038e-003	1.027220e+000	1.027220e+000
2.460588256629752e-003	1.027220e+000	1.027220e+000
2.461873970915466e-003	1.027220e+000	1.027220e+000
2.464873970915466e-003	1.027220e+000	1.027220e+000
2.466302542344038e-003	1.027220e+000	1.027220e+000
2.467731113772609e-003	1.027220e+000	1.027220e+000
2.469159685201181e-003	1.027220e+000	1.027220e+000
2.470588256629752e-003	1.027220e+000	1.027220e+000
2.472016828058323e-003	1.027220e+000	1.027220e+000
2.473445399486895e-003	1.027220e+000	1.027220e+000
2.474873970915466e-003	1.027220e+000	1.027220e+000
2.476302542344038e-003	1.027220e+000	1.027220e+000
2.477731113772609e-003	1.027220e+000	1.027220e+000
2.479159685201181e-003	1.027220e+000	1.027220e+000
2.480588256629752e-003	1.027220e+000	1.027220e+000
2.482016828058323e-003	1.027220e+000	1.027220e+000
2.483445399486895e-003	1.027220e+000	1.027220e+000
2.484873970915466e-003	1.027220e+000	1.027220e+000
2.486588256629752e-003	1.027220e+000	1.027220e+000
2.488302542344038e-003	1.027220e+000	1.027220e+000
2.490016828058324e-003	1.027220e+000	1.027220e+000
2.491731113772610e-003	1.027220e+000	1.027220e+000
2.493445399486895e-003	1.027220e+000	1.027220e+000
2.495159685201181e-003	1.027220e+000	1.027220e+000
2.496873970915467e-003	1.027220e+000	1.027220e+000
2.498731113772610e-003	1.027220e+000	1.027220e+000
2.500588256629752e-003	1.027220e+000	1.027220e+000
2.502445399486895e-003	1.027220e+000	1.027220e+000
2.504302542344038e-003	1.027220e+000	1.027220e+000
2.506159685201181e-003	1.027220e+000	1.027220e+000
2.508016828058324e-003	1.027220e+000	1.027220e+000
2.509873970915467e-003	1.027220e+000	1.027220e+000
2.511731113772610e-003	1.027220e+000	1.027220e+000
2.513588256629752e-003	1.027220e+000	1.027220e+000
2.515445399486895e-003	1.027220e+000	1.027220e+000
2.517302542344038e-003	1.027220e+000	1.027220e+000
2.519159685201181e-003	1.027220e+000	1.027220e+000
2.521016828058324e-003	1.027220e+000	1.027220e+000
2.522873970915467e-003	1.027220e+000	1.027220e+000
2.524873970915467e-003	1.027220e+000	1.027220e+000
2.526873970915467e-003	1.027220e+000	1.027220e+000
2.528873970915467e-003	1.027220e+000	1.027220e+000
2.530873970915466e-003	1.027220e+000	1.027220e+000
2.532873970915466e-003	1.027220e+000	1.027220e+000
2.534873970915467e-003	1.027220e+000	1.027220e+000
2.536873970915466e-003	1.027220e+000	1.027220e+000
2.539016828058324e-003	1.027220e+000	1.027220e+000
2.541159685201181e-003	1.027220e+000	1.027220e+000
2.543302542344038e-003	1.027220e+000	1.027220e+000
2.545445399486895e-003	1.027220e+000	1.027220e+000
2.547588256629752e-003	1.027221e+000	1.027221e+000
2.549731113772609e-003	1.027220e+000	1.027220e+000
2.551873970915467e-003	1.027220e+000	1.027220e+000
2.554873970915467e-003	1.027220e+000	1.027220e+000
2.557873970915467e-003	1.027220e+000	1.027220e+000
2.560873970915467e-003	1.027220e+000	1.027220e+000
2.563873970915466e-003	1.027220e+000	1.027220e+000
2.566873970915466e-003	1.027220e+000	1.027220e+000
2.569873970915466e-003	1.027220e+000	1.027220e+000
2.572873970915466e-003	1.027220e+000	1.027220e+000
2.576731113772609e-003	1.027220e+000	1.027220e+000
2.580588256629752e-003	1.027220e+000	1.027220e+000
2.584445399486895e-003	1.027220e+000	1.027220e+000
2.588302542344038e-003	1.027220e+000	1.027220e+000
2.592159685201181e-003	1.027220e+000	1.027220e+000
2.596016828058324e-003	1.027220e+000	1.027220e+000
2.599873970915467e-003	1.027220e+000	1.027220e+000
2.603731113772609e-003	1.027220e+000	1.027220e+000
2.607588256629752e-003	1.027220e+000	1.027220e+000
2.611445399486895e-003	1.027220e+000	1.027220e+000
2.615302542344038e-003	1.027220e+000	1.027220e+000
2.619159685201181e-003	1.027220e+000	1.027220e+000
2.623016828058324e-003	1.027220e+000	1.027220e+000
2.626873970915467e-003	1.027220e+000	1.027220e+000
2.674445399486895e-003	1.027221e+000	1.027221e+000
2.722016828058324e-003	1.027221e+000	1.027221e+000
2.769588256629752e-003	1.027221e+000	1.027221e+000
2.817159685201181e-003	1.027221e+000	1.027221e+000
2.864731113772610e-003	1.027221e+000	1.027221e+000
2.912302542344038e-003	1.027221e+000	1.027221e+000
2.959873970915467e-003	1.027220e+000	1.027220e+000
2.960873970915467e-003	1.027220e+000	1.027220e+000
3.984873970915467e-003	1.027221e+000	1.027221e+000
3.997873970915467e-003	1.027221e+000	1.027221e+000
3.998873970915466e-003	1.027221e+000	1.027221e+000
3.999252058169067e-003	1.027221e+000	1.027221e+000
3.999495883661866e-003	1.027221e+000	1.027221e+000
3.999512349014403e-003	1.027221e+000	1.027221e+000
3.999545279719476e-003	1.027221e+000	1.027221e+000
3.999611141129622e-003	1.027221e+000	1.027221e+000
3.999742863949916e-003	1.027221e+000	1.027221e+000
4.000000000000000e-003	1.418204e+000	6.087145e-001
4.000058425838779e-003	1.835715e+000	1.653350e-001
4.000086161078713e-003	1.990318e+000	2.010221e-010
4.000094240103317e-003	1.986711e+000	2.006578e-010
4.000097494116387e-003	1.985459e+000	2.005314e-010
4.000100135187072e-003	1.984949e+000	2.004799e-010
4.000101952750154e-003	1.984484e+000	2.004329e-010
4.000103951153154e-003	1.983988e+000	2.003828e-010
4.000105945951435e-003	1.983399e+000	2.003233e-010
4.000108333462531e-003	1.982779e+000	2.002607e-010
4.000111257810210e-003	1.981947e+000	2.001767e-010
4.000114220499998e-003	1.981138e+000	2.000949e-010
4.000117623359716e-003	1.980185e+000	1.999986e-010
4.000121302936855e-003	1.979176e+000	1.998967e-010
4.000125390979242e-003	1.978043e+000	1.997823e-010
4.000130038781266e-003	1.976772e+000	1.996540e-010
4.000135271070496e-003	1.975336e+000	1.995089e-010
4.000141349417827e-003	1.973684e+000	1.993421e-010
4.000148384029765e-003	1.971776e+000	1.991493e-010
4.000156669506771e-003	1.969550e+000	1.989246e-010
4.000166469375877e-003	1.966953e+000	1.986623e-010
4.000178170661059e-003	1.964088e+000	1.983729e-010
4.000192198927125e-003	1.961577e+000	1.981192e-010
4.000206653535742e-003	1.960315e+000	1.979918e-010
4.000220418724837e-003	1.959600e+000	1.979196e-010
4.000233747658575e-003	1.958454e+000	1.978038e-010
4.000246179383496e-003	1.956749e+000	1.976316e-010
4.000259724562349e-003	1.954325e+000	1.973868e-010
4.000274443246188e-003	1.951232e+000	1.970745e-010
4.000291678672031e-003	1.947235e+000	1.966707e-010
4.000308126945992e-003	1.943191e+000	1.962623e-010
4.000324254461380e-003	1.939096e+000	1.958487e-010
4.000340632438139e-003	1.934874e+000	1.954223e-010
4.000357813865444e-003	1.930420e+000	1.949724e-010
4.000376366009265e-003	1.925609e+000	1.944865e-010
4.000397839197374e-003	1.920069e+000	1.939269e-010
4.000428016992106e-003	1.912338e+000	1.931462e-010
4.000449152282121e-003	1.906973e+000	1.926043e-010
4.000471215604090e-003	1.901429e+000	1.920443e-010
4.000495961147443e-003	1.895276e+000	1.914229e-010
4.000525476365015e-003	1.888029e+000	1.906909e-010
4.000565145529569e-003	1.878438e+000	1.897223e-010
4.000614029710945e-003	1.866850e+000	1.885518e-010
4.000678315395843e-003	1.851953e+000	1.870473e-010
4.000737242455488e-003	1.838691e+000	1.857078e-010
4.000842391547451e-003	1.815961e+000	1.834121e-010
4.001002388591029e-003	1.783103e+000	1.800934e-010
4.001183404043915e-003	1.748745e+000	1.766232e-010
4.001545434949687e-003	1.688469e+000	1.705353e-010
4.002269496761230e-003	1.587077e+000	1.602948e-010
4.002928004120012e-003	1.513019e+000	1.528149e-010
4.003674450246222e-003	1.448409e+000	1.462893e-010
4.004456380515989e-003	1.395274e+000	1.409227e-010
4.004876207282578e-003	1.372515e+000	1.386240e-010
4.005254126616952e-003	1.355724e+000	1.369281e-010
4.005603816580692e-003	1.342278e+000	1.355701e-010
4.005851722851826e-003	1.333902e+000	1.347241e-010
4.006134293527621e-003	1.325560e+000	1.338816e-010
4.006546019657148e-003	1.315089e+000	1.328239e-010
4.006993816965543e-003	1.305562e+000	1.318617e-010
4.007470440335234e-003	1.297538e+000	1.310514e-010
4.008215838922876e-003	1.288186e+000	1.301068e-010
4.009095128675384e-003	1.280503e+000	1.293308e-010
4.010095128675384e-003	1.274888e+000	1.287637e-010
4.011095128675384e-003	1.271433e+000	1.284147e-010
4.012095128675384e-003	1.269359e+000	1.282053e-010
4.013095128675384e-003	1.268115e+000	1.280796e-010
4.014095128675384e-003	1.267365e+000	1.280039e-010
4.015095128675384e-003	1.266910e+000	1.279579e-010
4.016095128675384e-003	1.266630e+000	1.279296e-010
4.017095128675384e-003	1.266453e+000	1.279118e-010
4.018095128675384e-003	1.266338e+000	1.279002e-010
4.019095128675384e-003	1.266260e+000	1.278923e-010
4.020095128675384e-003	1.266203e+000	1.278865e-010
4.021095128675384e-003	1.266158e+000	1.278820e-010
4.022095128675384e-003	1.266121e+000	1.278783e-010
4.023095128675384e-003	1.266089e+000	1.278749e-010
4.024095128675384e-003	1.266058e+000	1.278719e-010
4.025095128675384e-003	1.266029e+000	1.278689e-010
4.026095128675384e-003	1.266001e+000	1.278661e-010
4.027095128675384e-003	1.265973e+000	1.278633e-010
4.028095128675384e-003	1.265945e+000	1.278605e-010
4.029095128675384e-003	1.265918e+000	1.278577e-010
4.030095128675384e-003	1.265891e+000	1.278550e-010
4.031095128675384e-003	1.265864e+000	1.278522e-010
4.032095128675384e-003	1.265836e+000	1.278495e-010
4.033095128675384e-003	1.265809e+000	1.278467e-010
4.034095128675384e-003	1.265782e+000	1.278440e-010
4.035095128675384e-003	1.265755e+000	1.278413e-010
4.036095128675384e-003	1.265728e+000	1.278385e-010
4.037095128675384e-003	1.265701e+000	1.278358e-010
4.038095128675384e-003	1.265674e+000	1.278330e-010
4.039095128675384e-003	1.265646e+000	1.278303e-010
4.040095128675384e-003	1.265619e+000	1.278276e-010
4.041095128675384e-003	1.265592e+000	1.278248e-010
4.042095128675384e-003	1.265565e+000	1.278221e-010
4.043095128675384e-003	1.265538e+000	1.278193e-010
4.044095128675384e-003	1.265511e+000	1.278166e-010
4.045095128675384e-003	1.265484e+000	1.278138e-010
4.046095128675384e-003	1.265456e+000	1.278111e-010
4.047095128675384e-003	1.265429e+000	1.278084e-010
4.048095128675384e-003	1.265402e+000	1.278056e-010
4.049095128675384e-003	1.265375e+000	1.278029e-010
4.050095128675384e-003	1.265348e+000	1.278001e-010
4.051095128675384e-003	1.265321e+000	1.277974e-010
4.052095128675384e-003	1.265294e+000	1.277946e-010
4.053095128675384e-003	1.265266e+000	1.277919e-010
4.054095128675384e-003	1.265239e+000	1.277892e-010
4.055095128675384e-003	1.265212e+000	1.277864e-010
4.056095128675384e-003	1.265185e+000	1.277837e-010
4.057095128675384e-003	1.265158e+000	1.277809e-010
4.058095128675384e-003	1.265131e+000	1.277782e-010
4.059095128675384e-003	1.265104e+000	1.277755e-010
4.060095128675384e-003	1.265077e+000	1.277727e-010
4.061095128675384e-003	1.265049e+000	1.277700e-010
4.062095128675384e-003	1.265022e+000	1.277672e-010
4.063095128675384e-003	1.264995e+000	1.277645e-010
4.064095128675384e-003	1.264968e+000	1.277618e-010
4.065095128675384e-003	1.264941e+000	1.277590e-010
4.066095128675384e-003	1.264914e+000	1.277563e-010
4.067095128675384e-003	1.264886e+000	1.277535e-010
4.068095128675384e-003	1.264859e+000	1.277508e-010
4.069095128675384e-003	1.264832e+000	1.277480e-010
4.070095128675384e-003	1.264805e+000	1.277453e-010
4.071095128675384e-003	1.264778e+000	1.277426e-010
4.072095128675384e-003	1.264751e+000	1.277398e-010
4.073095128675384e-003	1.264724e+000	1.277371e-010
4.074095128675384e-003	1.264696e+000	1.277344e-010
4.075095128675384e-003	1.264669e+000	1.277316e-010
4.076095128675384e-003	1.264642e+000	1.277289e-010
4.077095128675384e-003	1.264615e+000	1.277261e-010
4.078095128675384e-003	1.264588e+000	1.277234e-010
4.079095128675384e-003	1.264561e+000	1.277206e-010
4.080095128675384e-003	1.264534e+000	1.277179e-010
4.081095128675384e-003	1.264507e+000	1.277152e-010
4.082095128675384e-003	1.264479e+000	1.277124e-010
4.083095128675384e-003	1.264452e+000	1.277097e-010
4.084095128675384e-003	1.264425e+000	1.277069e-010
4.085095128675384e-003	1.264398e+000	1.277042e-010
4.086095128675384e-003	1.264371e+000	1.277015e-010
4.087095128675384e-003	1.264344e+000	1.276987e-010
4.088095128675384e-003	1.264317e+000	1.276960e-010
4.089095128675384e-003	1.264289e+000	1.276932e-010
4.090095128675384e-003	1.264262e+000	1.276905e-010
4.091095128675384e-003	1.264235e+000	1.276877e-010
4.092095128675384e-003	1.264208e+000	1.276850e-010
4.093095128675384e-003	1.264181e+000	1.276823e-010
4.094095128675384e-003	1.264154e+000	1.276795e-010
4.095095128675384e-003	1.264127e+000	1.276768e-010
4.096095128675384e-003	1.264100e+000	1.276741e-010
4.097095128675384e-003	1.264073e+000	1.276713e-010
4.098095128675384e-003	1.264045e+000	1.276686e-010
4.099095128675384e-003	1.264018e+000	1.276659e-010
4.100095128675384e-003	1.263991e+000	1.276631e-010
4.101095128675384e-003	1.263964e+000	1.276604e-010
4.102095128675384e-003	1.263937e+000	1.276576e-010
4.103095128675384e-003	1.263910e+000	1.276549e-010
4.104095128675384e-003	1.263883e+000	1.276522e-010
4.105095128675384e-003	1.263855e+000	1.276494e-010
4.106095128675384e-003	1.263828e+000	1.276467e-010
4.107095128675384e-003	1.263801e+000	1.276439e-010
4.108095128675384e-003	1.263774e+000	1.276412e-010
4.109095128675384e-003	1.263747e+000	1.276385e-010
4.110095128675384e-003	1.263720e+000	1.276357e-010
4.111095128675384e-003	1.263693e+000	1.276330e-010
4.112095128675384e-003	1.263666e+000	1.276302e-010
4.113095128675384e-003	1.263639e+000	1.276275e-010
4.114095128675384e-003	1.263612e+000	1.276248e-010
4.115095128675384e-003	1.263584e+000	1.276220e-010
4.116095128675384e-003	1.263557e+000	1.276193e-010
4.117095128675384e-003	1.263530e+000	1.276165e-010
4.118095128675384e-003	1.263503e+000	1.276138e-010
4.119095128675384e-003	1.263476e+000	1.276111e-010
4.120095128675384e-003	1.263449e+000	1.276083e-010
4.121095128675384e-003	1.263422e+000	1.276056e-010
4.122095128675384e-003	1.263395e+000	1.276028e-010
4.123095128675384e-003	1.263367e+000	1.276001e-010
4.124095128675384e-003	1.263340e+000	1.275974e-010
4.125095128675384e-003	1.263313e+000	1.275946e-010
4.126095128675384e-003	1.263286e+000	1.275919e-010
4.127095128675384e-003	1.263259e+000	1.275892e-010
4.128095128675384e-003	1.263232e+000	1.275864e-010
4.129095128675384e-003	1.263205e+000	1.275837e-010
4.130095128675384e-003	1.263178e+000	1.275810e-010
4.131095128675384e-003	1.263151e+000	1.275782e-010
4.132095128675384e-003	1.263124e+000	1.275755e-010
4.133095128675384e-003	1.263096e+000	1.275727e-010
4.134095128675384e-003	1.263069e+000	1.275700e-010
4.135095128675384e-003	1.263042e+000	1.275673e-010
4.136095128675384e-003	1.263015e+000	1.275645e-010
4.137095128675384e-003	1.262988e+000	1.275618e-010
4.138095128675384e-003	1.262961e+000	1.275591e-010
4.139095128675384e-003	1.262934e+000	1.275563e-010
4.140095128675384e-003	1.262907e+000	1.275536e-010
4.141095128675384e-003	1.262880e+000	1.275508e-010
4.142095128675384e-003	1.262853e+000	1.275481e-010
4.143095128675384e-003	1.262825e+000	1.275454e-010
4.144095128675384e-003	1.262798e+000	1.275426e-010
4.145095128675384e-003	1.262771e+000	1.275399e-010
4.146095128675384e-003	1.262744e+000	1.275372e-010
4.147095128675384e-003	1.262717e+000	1.275344e-010
4.148095128675384e-003	1.262690e+000	1.275317e-010
4.149095128675384e-003	1.262663e+000	1.275290e-010
4.150095128675384e-003	1.262636e+000	1.275262e-010
4.151095128675384e-003	1.262609e+000	1.275235e-010
4.152095128675384e-003	1.262582e+000	1.275207e-010
4.153095128675384e-003	1.262555e+000	1.275180e-010
4.154095128675384e-003	1.262527e+000	1.275153e-010
4.155095128675384e-003	1.262500e+000	1.275125e-010
4.156095128675384e-003	1.262473e+000	1.275098e-010
4.157095128675384e-003	1.262446e+000	1.275071e-010
4.158095128675384e-003	1.262419e+000	1.275043e-010
4.159095128675384e-003	1.262392e+000	1.275016e-010
4.160095128675384e-003	1.262365e+000	1.274989e-010
4.161095128675384e-003	1.262338e+000	1.274961e-010
4.162095128675384e-003	1.262311e+000	1.274934e-010
4.163095128675384e-003	1.262284e+000	1.274906e-010
4.164095128675384e-003	1.262257e+000	1.274879e-010
4.165095128675384e-003	1.262229e+000	1.274852e-010
4.166095128675385e-003	1.262202e+000	1.274824e-010
4.167095128675384e-003	1.262175e+000	1.274797e-010
4.168095128675384e-003	1.262148e+000	1.274770e-010
4.169095128675384e-003	1.262121e+000	1.274742e-010
4.170095128675384e-003	1.262094e+000	1.274715e-010
4.171095128675384e-003	1.262067e+000	1.274688e-010
4.172095128675384e-003	1.262040e+000	1.274660e-010
4.173095128675384e-003	1.262013e+000	1.274633e-010
4.174095128675384e-003	1.261986e+000	1.274606e-010
4.175095128675384e-003	1.261959e+000	1.274578e-010
4.176095128675384e-003	1.261932e+000	1.274551e-010
4.177095128675384e-003	1.261904e+000	1.274524e-010
4.178095128675384e-003	1.261877e+000	1.274496e-010
4.179095128675384e-003	1.261850e+000	1.274469e-010
4.180095128675384e-003	1.261823e+000	1.274442e-010
4.181095128675384e-003	1.261796e+000	1.274414e-010
4.182095128675384e-003	1.261769e+000	1.274387e-010
4.183095128675384e-003	1.261742e+000	1.274360e-010
4.184095128675384e-003	1.261715e+000	1.274332e-010
4.185095128675384e-003	1.261688e+000	1.274305e-010
4.186095128675384e-003	1.261661e+000	1.274277e-010
4.187095128675384e-003	1.261634e+000	1.274250e-010
4.188095128675384e-003	1.261607e+000	1.274223e-010
4.189095128675384e-003	1.261580e+000	1.274195e-010
4.190095128675384e-003	1.261553e+000	1.274168e-010
4.191095128675384e-003	1.261526e+000	1.274141e-010
4.192095128675384e-003	1.261498e+000	1.274113e-010
4.193095128675384e-003	1.261471e+000	1.274086e-010
4.194095128675384e-003	1.261444e+000	1.274059e-010
4.195095128675384e-003	1.261417e+000	1.274031e-010
4.196095128675384e-003	1.261390e+000	1.274004e-010
4.197095128675384e-003	1.261363e+000	1.273977e-010
4.198095128675384e-003	1.261336e+000	1.273949e-010
4.199095128675384e-003	1.261309e+000	1.273922e-010
4.200095128675384e-003	1.261282e+000	1.273895e-010
4.201095128675384e-003	1.261255e+000	1.273867e-010
4.202095128675384e-003	1.261228e+000	1.273840e-010
4.203095128675384e-003	1.261201e+000	1.273813e-010
4.204095128675384e-003	1.261174e+000	1.273786e-010
4.205095128675384e-003	1.261147e+000	1.273758e-010
4.206095128675384e-003	1.261120e+000	1.273731e-010
4.207095128675384e-003	1.261093e+000	1.273704e-010
4.208095128675384e-003	1.261065e+000	1.273676e-010
4.209095128675384e-003	1.261038e+000	1.273649e-010
4.210095128675384e-003	1.261011e+000	1.273621e-010
4.211095128675384e-003	1.260984e+000	1.273594e-010
4.212095128675384e-003	1.260957e+000	1.273567e-010
4.213095128675384e-003	1.260930e+000	1.273539e-010
4.214095128675384e-003	1.260903e+000	1.273512e-010
4.215095128675384e-003	1.260876e+000	1.273485e-010
4.216095128675384e-003	1.260849e+000	1.273457e-010
4.217095128675384e-003	1.260822e+000	1.273430e-010
4.218095128675384e-003	1.260795e+000	1.273403e-010
4.219095128675384e-003	1.260768e+000	1.273376e-010
4.220095128675384e-003	1.260741e+000	1.273348e-010
4.221095128675384e-003	1.260714e+000	1.273321e-010
4.222095128675384e-003	1.260687e+000	1.273294e-010
4.223095128675384e-003	1.260660e+000	1.273266e-010
4.224095128675384e-003	1.260633e+000	1.273239e-010
4.225095128675384e-003	1.260606e+000	1.273212e-010
4.226095128675384e-003	1.260579e+000	1.273184e-010
4.228095128675384e-003	1.260524e+000	1.273130e-010
4.229095128675384e-003	1.260497e+000	1.273102e-010
4.230095128675384e-003	1.260470e+000	1.273075e-010
4.231095128675384e-003	1.260443e+000	1.273048e-010
4.232095128675384e-003	1.260416e+000	1.273020e-010
4.233095128675384e-003	1.260389e+000	1.272993e-010
4.234095128675384e-003	1.260362e+000	1.272966e-010
4.235095128675384e-003	1.260335e+000	1.272938e-010
4.236095128675384e-003	1.260308e+000	1.272911e-010
4.237095128675384e-003	1.260281e+000	1.272884e-010
4.238095128675384e-003	1.260254e+000	1.272857e-010
4.239095128675384e-003	1.260227e+000	1.272829e-010
4.240095128675384e-003	1.260200e+000	1.272802e-010
4.241095128675384e-003	1.260173e+000	1.272775e-010
4.242095128675384e-003	1.260146e+000	1.272747e-010
4.243095128675384e-003	1.260119e+000	1.272720e-010
4.244095128675384e-003	1.260092e+000	1.272693e-010
4.245095128675384e-003	1.260065e+000	1.272665e-010
4.246095128675384e-003	1.260038e+000	1.272638e-010
4.247095128675384e-003	1.260011e+000	1.272611e-010
4.248095128675384e-003	1.259984e+000	1.272583e-010
4.249095128675384e-003	1.259957e+000	1.272556e-010
4.250095128675384e-003	1.259930e+000	1.272529e-010
4.251095128675385e-003	1.259902e+000	1.272502e-010
4.252095128675384e-003	1.259876e+000	1.272474e-010
4.253095128675384e-003	1.259848e+000	1.272447e-010
4.254095128675384e-003	1.259821e+000	1.272420e-010
4.255095128675384e-003	1.259794e+000	1.272392e-010
4.256095128675384e-003	1.259767e+000	1.272365e-010
4.257095128675384e-003	1.259740e+000	1.272338e-010
4.258095128675384e-003	1.259713e+000	1.272310e-010
4.259095128675384e-003	1.259686e+000	1.272283e-010
4.260095128675384e-003	1.259659e+000	1.272256e-010
4.261095128675384e-003	1.259632e+000	1.272228e-010
4.262095128675384e-003	1.259605e+000	1.272201e-010
4.263095128675384e-003	1.259578e+000	1.272174e-010
4.264095128675384e-003	1.259551e+000	1.272147e-010
4.265095128675384e-003	1.259524e+000	1.272119e-010
4.266095128675384e-003	1.259497e+000	1.272092e-010
4.267095128675384e-003	1.259470e+000	1.272065e-010
4.268095128675384e-003	1.259443e+000	1.272037e-010
4.269095128675384e-003	1.259416e+000	1.272010e-010
4.270095128675384e-003	1.259389e+000	1.271983e-010
4.271095128675384e-003	1.259362e+000	1.271956e-010
4.272095128675384e-003	1.259335e+000	1.271928e-010
4.273095128675384e-003	1.259308e+000	1.271901e-010
4.274095128675384e-003	1.259281e+000	1.271874e-010
4.275095128675384e-003	1.259254e+000	1.271846e-010
4.276095128675384e-003	1.259227e+000	1.271819e-010
4.277095128675384e-003	1.259200e+000	1.271792e-010
4.278095128675384e-003	1.259173e+000	1.271765e-010
4.279095128675384e-003	1.259146e+000	1.271737e-010
4.280095128675384e-003	1.259119e+000	1.271710e-010
4.281095128675384e-003	1.259092e+000	1.271683e-010
4.282095128675384e-003	1.259065e+000	1.271655e-010
4.283095128675384e-003	1.259038e+000	1.271628e-010
4.284095128675384e-003	1.259011e+000	1.271601e-010
4.285095128675384e-003	1.258984e+000	1.271574e-010
4.286095128675384e-003	1.258957e+000	1.271546e-010
4.287095128675384e-003	1.258930e+000	1.271519e-010
4.288095128675384e-003	1.258903e+000	1.271492e-010
4.289095128675384e-003	1.258876e+000	1.271464e-010
4.290095128675384e-003	1.258849e+000	1.271437e-010
4.291095128675384e-003	1.258822e+000	1.271410e-010
4.292095128675384e-003	1.258795e+000	1.271383e-010
4.293095128675384e-003	1.258768e+000	1.271355e-010
4.294095128675384e-003	1.258741e+000	1.271328e-010
4.295095128675384e-003	1.258714e+000	1.271301e-010
4.296095128675384e-003	1.258687e+000	1.271274e-010
4.297095128675384e-003	1.258660e+000	1.271246e-010
4.298095128675384e-003	1.258633e+000	1.271219e-010
4.299095128675384e-003	1.258606e+000	1.271192e-010
4.300095128675384e-003	1.258579e+000	1.271164e-010
4.301095128675384e-003	1.258552e+000	1.271137e-010
4.302095128675384e-003	1.258525e+000	1.271110e-010
4.303095128675384e-003	1.258498e+000	1.271083e-010
4.304095128675384e-003	1.258471e+000	1.271055e-010
4.305095128675384e-003	1.258444e+000	1.271028e-010
4.306095128675384e-003	1.258417e+000	1.271001e-010
4.307095128675384e-003	1.258390e+000	1.270974e-010
4.308095128675384e-003	1.258363e+000	1.270946e-010
4.309095128675384e-003	1.258336e+000	1.270919e-010
4.310095128675384e-003	1.258309e+000	1.270892e-010
4.311095128675384e-003	1.258282e+000	1.270864e-010
4.312095128675384e-003	1.258255e+000	1.270837e-010
4.313095128675384e-003	1.258228e+000	1.270810e-010
4.314095128675384e-003	1.258201e+000	1.270783e-010
4.315095128675384e-003	1.258174e+000	1.270755e-010
4.316095128675384e-003	1.258147e+000	1.270728e-010
4.317095128675384e-003	1.258120e+000	1.270701e-010
4.318095128675384e-003	1.258093e+000	1.270674e-010
4.319095128675384e-003	1.258066e+000	1.270646e-010
4.320095128675384e-003	1.258039e+000	1.270619e-010
4.321095128675384e-003	1.258012e+000	1.270592e-010
4.322095128675384e-003	1.257985e+000	1.270564e-010
4.323095128675385e-003	1.257958e+000	1.270537e-010
4.324095128675384e-003	1.257931e+000	1.270510e-010
4.325095128675384e-003	1.257904e+000	1.270483e-010
4.326095128675384e-003	1.257877e+000	1.270455e-010
4.327095128675384e-003	1.257850e+000	1.270428e-010
4.328095128675384e-003	1.257823e+000	1.270401e-010
4.329095128675384e-003	1.257796e+000	1.270374e-010
4.330095128675384e-003	1.257769e+000	1.270346e-010
4.331095128675384e-003	1.257742e+000	1.270319e-010
4.332095128675384e-003	1.257715e+000	1.270292e-010
4.333095128675384e-003	1.257688e+000	1.270265e-010
4.334095128675384e-003	1.257661e+000	1.270237e-010
4.335095128675384e-003	1.257634e+000	1.270210e-010
4.336095128675385e-003	1.257607e+000	1.270183e-010
4.337095128675384e-003	1.257580e+000	1.270156e-010
4.338095128675384e-003	1.257553e+000	1.270128e-010
4.339095128675384e-003	1.257526e+000	1.270101e-010
4.340095128675384e-003	1.257499e+000	1.270074e-010
4.341095128675384e-003	1.257472e+000	1.270047e-010
4.342095128675384e-003	1.257445e+000	1.270019e-010
4.343095128675384e-003	1.257418e+000	1.269992e-010
4.344095128675384e-003	1.257391e+000	1.269965e-010
4.345095128675384e-003	1.257364e+000	1.269938e-010
4.346095128675384e-003	1.257337e+000	1.269910e-010
4.347095128675384e-003	1.257310e+000	1.269883e-010
4.349095128675385e-003	1.257256e+000	1.269829e-010
4.350095128675384e-003	1.257229e+000	1.269801e-010
4.351095128675384e-003	1.257202e+000	1.269774e-010
4.352095128675384e-003	1.257175e+000	1.269747e-010
4.353095128675384e-003	1.257148e+000	1.269720e-010
4.354095128675384e-003	1.257121e+000	1.269692e-010
4.355095128675384e-003	1.257094e+000	1.269665e-010
4.356095128675384e-003	1.257067e+000	1.269638e-010
4.357095128675384e-003	1.257040e+000	1.269611e-010
4.358095128675384e-003	1.257013e+000	1.269583e-010
4.359095128675384e-003	1.256986e+000	1.269556e-010
4.361095128675384e-003	1.256932e+000	1.269502e-010
4.362095128675384e-003	1.256905e+000	1.269475e-010
4.363095128675384e-003	1.256878e+000	1.269447e-010
4.364095128675384e-003	1.256852e+000	1.269420e-010
4.365095128675384e-003	1.256825e+000	1.269393e-010
4.366095128675384e-003	1.256798e+000	1.269366e-010
4.367095128675384e-003	1.256771e+000	1.269338e-010
4.368095128675384e-003	1.256744e+000	1.269311e-010
4.369095128675384e-003	1.256717e+000	1.269284e-010
4.370095128675384e-003	1.256690e+000	1.269257e-010
4.371095128675384e-003	1.256663e+000	1.269229e-010
4.373095128675384e-003	1.256609e+000	1.269175e-010
4.374095128675384e-003	1.256582e+000	1.269148e-010
4.375095128675384e-003	1.256555e+000	1.269121e-010
4.376095128675384e-003	1.256528e+000	1.269093e-010
4.377095128675384e-003	1.256501e+000	1.269066e-010
4.378095128675384e-003	1.256474e+000	1.269039e-010
4.379095128675384e-003	1.256447e+000	1.269012e-010
4.380095128675384e-003	1.256420e+000	1.268984e-010
4.381095128675384e-003	1.256393e+000	1.268957e-010
4.382095128675384e-003	1.256366e+000	1.268930e-010
4.383095128675384e-003	1.256339e+000	1.268903e-010
4.384095128675384e-003	1.256312e+000	1.268875e-010
4.385095128675384e-003	1.256285e+000	1.268848e-010
4.386095128675384e-003	1.256258e+000	1.268821e-010
4.387095128675384e-003	1.256231e+000	1.268794e-010
4.388095128675384e-003	1.256204e+000	1.268767e-010
4.389095128675384e-003	1.256178e+000	1.268739e-010
4.390095128675384e-003	1.256151e+000	1.268712e-010
4.391095128675384e-003	1.256124e+000	1.268685e-010
4.392095128675384e-003	1.256097e+000	1.268658e-010
4.393095128675384e-003	1.256070e+000	1.268630e-010
4.394095128675384e-003	1.256043e+000	1.268603e-010
4.395095128675385e-003	1.256016e+000	1.268576e-010
4.396095128675384e-003	1.255989e+000	1.268549e-010
4.397095128675384e-003	1.255962e+000	1.268522e-010
4.398095128675384e-003	1.255935e+000	1.268494e-010
4.399095128675384e-003	1.255908e+000	1.268467e-010
4.400095128675384e-003	1.255881e+000	1.268440e-010
4.401095128675384e-003	1.255854e+000	1.268413e-010
4.402095128675384e-003	1.255827e+000	1.268386e-010
4.403095128675384e-003	1.255800e+000	1.268358e-010
4.404095128675384e-003	1.255773e+000	1.268331e-010
4.405095128675384e-003	1.255746e+000	1.268304e-010
4.406095128675384e-003	1.255719e+000	1.268277e-010
4.407095128675384e-003	1.255692e+000	1.268249e-010
4.408095128675385e-003	1.255666e+000	1.268222e-010
4.409095128675384e-003	1.255639e+000	1.268195e-010
4.410095128675384e-003	1.255612e+000	1.268168e-010
4.411095128675384e-003	1.255585e+000	1.268141e-010
4.412095128675384e-003	1.255558e+000	1.268113e-010
4.413095128675384e-003	1.255531e+000	1.268086e-010
4.414095128675384e-003	1.255504e+000	1.268059e-010
4.415095128675384e-003	1.255477e+000	1.268032e-010
4.416095128675384e-003	1.255450e+000	1.268005e-010
4.417095128675384e-003	1.255423e+000	1.267977e-010
4.418095128675384e-003	1.255396e+000	1.267950e-010
4.419095128675384e-003	1.255369e+000	1.267923e-010
4.420095128675384e-003	1.255342e+000	1.267896e-010
4.421095128675385e-003	1.255315e+000	1.267869e-010
4.422095128675384e-003	1.255288e+000	1.267841e-010
4.423095128675384e-003	1.255262e+000	1.267814e-010
4.424095128675384e-003	1.255235e+000	1.267787e-010
4.425095128675384e-003	1.255208e+000	1.267760e-010
4.426095128675384e-003	1.255181e+000	1.267733e-010
4.427095128675384e-003	1.255154e+000	1.267705e-010
4.428095128675384e-003	1.255127e+000	1.267678e-010
4.429095128675384e-003	1.255100e+000	1.267651e-010
4.430095128675384e-003	1.255073e+000	1.267624e-010
4.431095128675384e-003	1.255046e+000	1.267597e-010
4.432095128675384e-003	1.255019e+000	1.267569e-010
4.434095128675385e-003	1.254965e+000	1.267515e-010
4.435095128675384e-003	1.254938e+000	1.267488e-010
4.436095128675384e-003	1.254911e+000	1.267461e-010
4.437095128675384e-003	1.254884e+000	1.267433e-010
4.438095128675384e-003	1.254858e+000	1.267406e-010
4.439095128675384e-003	1.254831e+000	1.267379e-010
4.440095128675384e-003	1.254804e+000	1.267352e-010
4.441095128675384e-003	1.254777e+000	1.267325e-010
4.442095128675384e-003	1.254750e+000	1.267297e-010
4.443095128675384e-003	1.254723e+000	1.267270e-010
4.444095128675384e-003	1.254696e+000	1.267243e-010
4.446095128675384e-003	1.254642e+000	1.267189e-010
4.447095128675385e-003	1.254615e+000	1.267162e-010
4.448095128675384e-003	1.254588e+000	1.267134e-010
4.449095128675384e-003	1.254561e+000	1.267107e-010
4.450095128675384e-003	1.254535e+000	1.267080e-010
4.451095128675384e-003	1.254508e+000	1.267053e-010
4.452095128675384e-003	1.254481e+000	1.267026e-010
4.453095128675384e-003	1.254454e+000	1.266998e-010
4.454095128675384e-003	1.254427e+000	1.266971e-010
4.455095128675384e-003	1.254400e+000	1.266944e-010
4.456095128675384e-003	1.254373e+000	1.266917e-010
4.458095128675384e-003	1.254319e+000	1.266862e-010
4.459095128675384e-003	1.254292e+000	1.266835e-010
4.460095128675384e-003	1.254265e+000	1.266808e-010
4.461095128675384e-003	1.254239e+000	1.266781e-010
4.462095128675384e-003	1.254212e+000	1.266754e-010
4.463095128675384e-003	1.254185e+000	1.266727e-010
4.464095128675384e-003	1.254158e+000	1.266699e-010
4.465095128675384e-003	1.254131e+000	1.266672e-010
4.466095128675384e-003	1.254104e+000	1.266645e-010
4.467095128675385e-003	1.254077e+000	1.266618e-010
4.468095128675384e-003	1.254050e+000	1.266591e-010
4.470095128675384e-003	1.253996e+000	1.266536e-010
4.471095128675384e-003	1.253969e+000	1.266509e-010
4.472095128675384e-003	1.253942e+000	1.266482e-010
4.473095128675384e-003	1.253916e+000	1.266455e-010
4.474095128675384e-003	1.253889e+000	1.266428e-010
4.475095128675384e-003	1.253862e+000	1.266400e-010
4.476095128675384e-003	1.253835e+000	1.266373e-010
4.477095128675384e-003	1.253808e+000	1.266346e-010
4.478095128675384e-003	1.253781e+000	1.266319e-010
4.479095128675384e-003	1.253754e+000	1.266292e-010
4.480095128675385e-003	1.253727e+000	1.266265e-010
4.482095128675384e-003	1.253674e+000	1.266210e-010
4.483095128675384e-003	1.253647e+000	1.266183e-010
4.484095128675384e-003	1.253620e+000	1.266156e-010
4.485095128675384e-003	1.253593e+000	1.266129e-010
4.486095128675384e-003	1.253566e+000	1.266102e-010
4.487095128675384e-003	1.253539e+000	1.266074e-010
4.488095128675384e-003	1.253512e+000	1.266047e-010
4.489095128675384e-003	1.253485e+000	1.266020e-010
4.490095128675384e-003	1.253458e+000	1.265993e-010
4.491095128675384e-003	1.253431e+000	1.265966e-010
4.492095128675384e-003	1.253405e+000	1.265939e-010
4.494095128675384e-003	1.253351e+000	1.265884e-010
4.495095128675384e-003	1.253324e+000	1.265857e-010
4.496095128675384e-003	1.253297e+000	1.265830e-010
4.497095128675384e-003	1.253270e+000	1.265803e-010
4.498095128675384e-003	1.253243e+000	1.265776e-010
4.499095128675384e-003	1.253216e+000	1.265749e-010
4.500095128675384e-003	1.253189e+000	1.265721e-010
4.501095128675384e-003	1.253163e+000	1.265694e-010
4.502095128675384e-003	1.253136e+000	1.265667e-010
4.503095128675384e-003	1.253109e+000	1.265640e-010
4.505095128675384e-003	1.253055e+000	1.265586e-010
4.507095128675384e-003	1.253001e+000	1.265531e-010
4.508095128675384e-003	1.252974e+000	1.265504e-010
4.509095128675384e-003	1.252948e+000	1.265477e-010
4.510095128675384e-003	1.252921e+000	1.265450e-010
4.511095128675384e-003	1.252894e+000	1.265423e-010
4.512095128675384e-003	1.252867e+000	1.265396e-010
4.513095128675384e-003	1.252840e+000	1.265368e-010
4.514095128675384e-003	1.252813e+000	1.265341e-010
4.515095128675384e-003	1.252786e+000	1.265314e-010
4.517095128675384e-003	1.252733e+000	1.265260e-010
4.519095128675385e-003	1.252679e+000	1.265205e-010
4.520095128675384e-003	1.252652e+000	1.265178e-010
4.521095128675384e-003	1.252625e+000	1.265151e-010
4.522095128675384e-003	1.252598e+000	1.265124e-010
4.523095128675384e-003	1.252571e+000	1.265097e-010
4.524095128675384e-003	1.252544e+000	1.265070e-010
4.525095128675384e-003	1.252517e+000	1.265043e-010
4.526095128675384e-003	1.252491e+000	1.265016e-010
4.527095128675384e-003	1.252464e+000	1.264988e-010
4.529095128675384e-003	1.252410e+000	1.264934e-010
4.531095128675384e-003	1.252356e+000	1.264880e-010
4.532095128675385e-003	1.252329e+000	1.264853e-010
4.533095128675384e-003	1.252303e+000	1.264825e-010
4.534095128675384e-003	1.252276e+000	1.264798e-010
4.535095128675384e-003	1.252249e+000	1.264771e-010
4.536095128675384e-003	1.252222e+000	1.264744e-010
4.537095128675384e-003	1.252195e+000	1.264717e-010
4.538095128675384e-003	1.252168e+000	1.264690e-010
4.539095128675384e-003	1.252141e+000	1.264663e-010
4.541095128675384e-003	1.252088e+000	1.264608e-010
4.543095128675384e-003	1.252034e+000	1.264554e-010
4.545095128675384e-003	1.251980e+000	1.264500e-010
4.546095128675384e-003	1.251953e+000	1.264473e-010
4.547095128675384e-003	1.251926e+000	1.264446e-010
4.548095128675384e-003	1.251900e+000	1.264419e-010
4.549095128675384e-003	1.251873e+000	1.264391e-010
4.550095128675384e-003	1.251846e+000	1.264364e-010
4.552095128675385e-003	1.251792e+000	1.264310e-010
4.552809414389670e-003	1.251773e+000	1.264291e-010
4.553523700103956e-003	1.251754e+000	1.264271e-010
4.554237985818241e-003	1.251735e+000	1.264252e-010
4.554952271532528e-003	1.251715e+000	1.264233e-010
4.555666557246813e-003	1.251696e+000	1.264213e-010
4.556380842961099e-003	1.251677e+000	1.264194e-010
4.557095128675384e-003	1.251658e+000	1.264174e-010
4.558095128675384e-003	1.251631e+000	1.264147e-010
4.559095128675384e-003	1.251604e+000	1.264120e-010
4.560095128675384e-003	1.251577e+000	1.264093e-010
4.561095128675384e-003	1.251550e+000	1.264066e-010
4.562095128675384e-003	1.251524e+000	1.264039e-010
4.564095128675384e-003	1.251470e+000	1.263985e-010
4.564952271532527e-003	1.251447e+000	1.263961e-010
4.565809414389670e-003	1.251424e+000	1.263938e-010
4.566666557246813e-003	1.251401e+000	1.263915e-010
4.567523700103956e-003	1.251378e+000	1.263892e-010
4.568380842961099e-003	1.251355e+000	1.263868e-010
4.569237985818242e-003	1.251332e+000	1.263845e-010
4.570095128675384e-003	1.251309e+000	1.263822e-010
4.571095128675384e-003	1.251282e+000	1.263795e-010
4.572095128675384e-003	1.251255e+000	1.263768e-010
4.574095128675384e-003	1.251201e+000	1.263713e-010
4.576095128675384e-003	1.251148e+000	1.263659e-010
4.576952271532527e-003	1.251125e+000	1.263636e-010
4.577809414389670e-003	1.251102e+000	1.263613e-010
4.578666557246812e-003	1.251079e+000	1.263589e-010
4.579523700103956e-003	1.251056e+000	1.263566e-010
4.580380842961099e-003	1.251033e+000	1.263543e-010
4.581237985818241e-003	1.251010e+000	1.263520e-010
4.582095128675384e-003	1.250987e+000	1.263497e-010
4.584095128675384e-003	1.250933e+000	1.263442e-010
4.586095128675384e-003	1.250879e+000	1.263388e-010
4.588095128675384e-003	1.250826e+000	1.263334e-010
4.589095128675384e-003	1.250799e+000	1.263307e-010
4.590095128675384e-003	1.250772e+000	1.263280e-010
4.591095128675385e-003	1.250745e+000	1.263253e-010
4.592095128675384e-003	1.250718e+000	1.263225e-010
4.593095128675384e-003	1.250691e+000	1.263198e-010
4.594095128675384e-003	1.250665e+000	1.263171e-010
4.595095128675384e-003	1.250638e+000	1.263144e-010
4.597095128675384e-003	1.250584e+000	1.263090e-010
4.599095128675384e-003	1.250530e+000	1.263036e-010
4.600095128675384e-003	1.250504e+000	1.263009e-010
4.601095128675384e-003	1.250477e+000	1.262982e-010
4.602095128675384e-003	1.250450e+000	1.262955e-010
4.603095128675384e-003	1.250423e+000	1.262927e-010
4.604095128675384e-003	1.250396e+000	1.262900e-010
4.605095128675384e-003	1.250370e+000	1.262873e-010
4.606095128675384e-003	1.250343e+000	1.262846e-010
4.608095128675384e-003	1.250289e+000	1.262792e-010
4.610095128675384e-003	1.250235e+000	1.262738e-010
4.613095128675384e-003	1.250155e+000	1.262657e-010
4.614237985818242e-003	1.250124e+000	1.262626e-010
4.615380842961098e-003	1.250094e+000	1.262595e-010
4.616523700103956e-003	1.250063e+000	1.262564e-010
4.617666557246812e-003	1.250032e+000	1.262533e-010
4.618809414389670e-003	1.250002e+000	1.262502e-010
4.619952271532527e-003	1.249971e+000	1.262471e-010
4.621095128675384e-003	1.249940e+000	1.262440e-010
4.624095128675385e-003	1.249860e+000	1.262359e-010
4.625237985818241e-003	1.249829e+000	1.262328e-010
4.626380842961099e-003	1.249799e+000	1.262297e-010
4.627523700103955e-003	1.249768e+000	1.262266e-010
4.628666557246813e-003	1.249737e+000	1.262235e-010
4.629809414389670e-003	1.249707e+000	1.262204e-010
4.630952271532527e-003	1.249676e+000	1.262173e-010
4.632095128675384e-003	1.249645e+000	1.262142e-010
4.635095128675384e-003	1.249565e+000	1.262061e-010
4.636237985818242e-003	1.249534e+000	1.262030e-010
4.637380842961099e-003	1.249504e+000	1.261999e-010
4.638523700103956e-003	1.249473e+000	1.261968e-010
4.639666557246813e-003	1.249443e+000	1.261937e-010
4.640809414389670e-003	1.249412e+000	1.261906e-010
4.641952271532527e-003	1.249381e+000	1.261875e-010
4.643095128675384e-003	1.249351e+000	1.261844e-010
4.646095128675384e-003	1.249270e+000	1.261763e-010
4.647380842961098e-003	1.249236e+000	1.261728e-010
4.648666557246813e-003	1.249201e+000	1.261693e-010
4.649952271532527e-003	1.249167e+000	1.261658e-010
4.651237985818241e-003	1.249132e+000	1.261624e-010
4.652523700103955e-003	1.249098e+000	1.261589e-010
4.653809414389670e-003	1.249063e+000	1.261554e-010
4.655095128675384e-003	1.249029e+000	1.261519e-010
4.658095128675384e-003	1.248949e+000	1.261438e-010
4.659380842961098e-003	1.248914e+000	1.261403e-010
4.660666557246813e-003	1.248880e+000	1.261369e-010
4.661952271532527e-003	1.248845e+000	1.261334e-010
4.663237985818241e-003	1.248811e+000	1.261299e-010
4.664523700103955e-003	1.248776e+000	1.261264e-010
4.665809414389670e-003	1.248742e+000	1.261229e-010
4.667095128675384e-003	1.248708e+000	1.261194e-010
4.668523700103956e-003	1.248669e+000	1.261156e-010
4.669952271532527e-003	1.248631e+000	1.261117e-010
4.671380842961099e-003	1.248593e+000	1.261078e-010
4.672809414389669e-003	1.248554e+000	1.261040e-010
4.674237985818241e-003	1.248516e+000	1.261001e-010
4.675666557246812e-003	1.248478e+000	1.260963e-010
4.677095128675384e-003	1.248440e+000	1.260924e-010
4.678809414389669e-003	1.248394e+000	1.260878e-010
4.680523700103956e-003	1.248348e+000	1.260831e-010
4.682237985818241e-003	1.248302e+000	1.260785e-010
4.683952271532527e-003	1.248256e+000	1.260738e-010
4.685666557246813e-003	1.248210e+000	1.260692e-010
4.687380842961099e-003	1.248164e+000	1.260646e-010
4.689095128675385e-003	1.248118e+000	1.260599e-010
4.690952271532527e-003	1.248068e+000	1.260549e-010
4.692809414389670e-003	1.248019e+000	1.260499e-010
4.694666557246813e-003	1.247969e+000	1.260449e-010
4.696523700103956e-003	1.247919e+000	1.260398e-010
4.698380842961099e-003	1.247870e+000	1.260348e-010
4.700237985818242e-003	1.247820e+000	1.260298e-010
4.702095128675385e-003	1.247770e+000	1.260248e-010
4.703952271532527e-003	1.247720e+000	1.260198e-010
4.705809414389670e-003	1.247671e+000	1.260147e-010
4.707666557246813e-003	1.247621e+000	1.260097e-010
4.709523700103956e-003	1.247571e+000	1.260047e-010
4.711380842961099e-003	1.247522e+000	1.259997e-010
4.713237985818242e-003	1.247472e+000	1.259947e-010
4.715095128675385e-003	1.247422e+000	1.259896e-010
4.716952271532527e-003	1.247373e+000	1.259846e-010
4.718809414389670e-003	1.247323e+000	1.259796e-010
4.720666557246813e-003	1.247273e+000	1.259746e-010
4.722523700103956e-003	1.247223e+000	1.259696e-010
4.724380842961099e-003	1.247174e+000	1.259645e-010
4.726237985818242e-003	1.247124e+000	1.259595e-010
4.728095128675385e-003	1.247074e+000	1.259545e-010
4.730095128675385e-003	1.247021e+000	1.259491e-010
4.732095128675384e-003	1.246967e+000	1.259437e-010
4.734095128675384e-003	1.246914e+000	1.259383e-010
4.736095128675384e-003	1.246860e+000	1.259329e-010
4.738095128675384e-003	1.246807e+000	1.259275e-010
4.740095128675383e-003	1.246753e+000	1.259221e-010
4.742095128675384e-003	1.246700e+000	1.259167e-010
4.745380842961098e-003	1.246612e+000	1.259078e-010
4.748666557246812e-003	1.246524e+000	1.258989e-010
4.751952271532527e-003	1.246436e+000	1.258901e-010
4.755237985818241e-003	1.246348e+000	1.258812e-010
4.758523700103956e-003	1.246260e+000	1.258723e-010
4.761809414389670e-003	1.246173e+000	1.258634e-010
4.765095128675384e-003	1.246085e+000	1.258546e-010
4.768952271532527e-003	1.245982e+000	1.258442e-010
4.772809414389670e-003	1.245879e+000	1.258337e-010
4.776666557246813e-003	1.245776e+000	1.258233e-010
4.780523700103956e-003	1.245672e+000	1.258129e-010
4.784380842961099e-003	1.245569e+000	1.258025e-010
4.788237985818241e-003	1.245466e+000	1.257921e-010
4.792095128675384e-003	1.245363e+000	1.257817e-010
4.795809414389670e-003	1.245264e+000	1.257717e-010
4.799523700103956e-003	1.245165e+000	1.257616e-010
4.803237985818241e-003	1.245066e+000	1.257516e-010
4.806952271532527e-003	1.244966e+000	1.257416e-010
4.810666557246813e-003	1.244867e+000	1.257316e-010
4.814380842961099e-003	1.244768e+000	1.257216e-010
4.818095128675384e-003	1.244669e+000	1.257116e-010
4.832809414389670e-003	1.244276e+000	1.256719e-010
4.847523700103956e-003	1.243883e+000	1.256322e-010
4.862237985818241e-003	1.243491e+000	1.255926e-010
4.876952271532527e-003	1.243098e+000	1.255529e-010
4.891666557246812e-003	1.242706e+000	1.255133e-010
4.906380842961099e-003	1.242314e+000	1.254737e-010
4.921095128675384e-003	1.241922e+000	1.254341e-010
4.949095128675384e-003	1.241176e+000	1.253588e-010
4.998095128675384e-003	1.239872e+000	1.252271e-010
4.999095128675384e-003	1.239845e+000	1.252244e-010
5.000000000000000e-003	1.239821e+000	1.252219e-010
5.001000000000000e-003	1.239794e+000	1.252193e-010
5.973000000000000e-003	1.214214e+000	1.226356e-010
6.997000000000001e-003	1.187842e+000	1.199720e-010
6.999000000000000e-003	1.187791e+000	1.199668e-010
7.000000000000000e-003	1.187778e+000	1.199656e-010
