time	V(vout)	-I(Rl)
0.000000000000000e+000	9.996057e+000	1.009602e-009
1.009638400021875e-003	9.996057e+000	1.009602e-009
2.000000000000000e-003	9.996057e+000	1.009602e-009
2.000000686880260e-003	9.476600e+000	6.144581e-001
2.000002060640779e-003	9.131221e+000	9.131221e-001
2.000002302497983e-003	9.144084e+000	9.144084e-001
2.000002450923062e-003	9.156242e+000	9.156242e-001
2.000002505948513e-003	9.156211e+000	9.156212e-001
2.000002578527382e-003	9.156446e+000	9.156446e-001
2.000002653676024e-003	9.156569e+000	9.156568e-001
2.000002803973308e-003	9.156687e+000	9.156687e-001
2.000002987947680e-003	9.156727e+000	9.156727e-001
2.000003298138574e-003	9.156739e+000	9.156739e-001
2.000003680461928e-003	9.156803e+000	9.156803e-001
2.000004445108637e-003	9.157180e+000	9.157180e-001
2.000005410672765e-003	9.158081e+000	9.158081e-001
2.000006392000132e-003	9.159519e+000	9.159520e-001
2.000007287558037e-003	9.161360e+000	9.161360e-001
2.000008311455897e-003	9.164101e+000	9.164100e-001
2.000009541694859e-003	9.168313e+000	9.168313e-001
2.000011944843910e-003	9.178454e+000	9.178454e-001
2.000014429707861e-003	9.190754e+000	9.190754e-001
2.000017948646255e-003	9.210088e+000	9.210088e-001
2.000021307510221e-003	9.229326e+000	9.229327e-001
2.000026349425369e-003	9.258197e+000	9.258197e-001
2.000031315802246e-003	9.285631e+000	9.285632e-001
2.000036695210386e-003	9.313633e+000	9.313633e-001
2.000041923910397e-003	9.338838e+000	9.338838e-001
2.000047885530029e-003	9.365071e+000	9.365070e-001
2.000054072695041e-003	9.389696e+000	9.389696e-001
2.000059734042832e-003	9.409842e+000	9.409842e-001
2.000066061168637e-003	9.429777e+000	9.429777e-001
2.000072878593806e-003	9.448562e+000	9.448562e-001
2.000080613068180e-003	9.466734e+000	9.466734e-001
2.000090395749087e-003	9.485720e+000	9.485720e-001
2.000102464102141e-003	9.504467e+000	9.504468e-001
2.000116014766375e-003	9.520898e+000	9.520898e-001
2.000133095994951e-003	9.537557e+000	9.537556e-001
2.000146551753705e-003	9.549406e+000	9.549406e-001
2.000156946582826e-003	9.559389e+000	9.559389e-001
2.000169230296561e-003	9.574739e+000	9.574739e-001
2.000180544368333e-003	9.595577e+000	9.595578e-001
2.000193127065563e-003	9.631497e+000	9.631498e-001
2.000207649160935e-003	9.693288e+000	9.693288e-001
2.000222760008870e-003	9.783156e+000	9.783157e-001
2.000241363062135e-003	9.922928e+000	9.922928e-001
2.000254331704868e-003	1.003466e+001	1.003466e+000
2.000260592655655e-003	1.009227e+001	1.009227e+000
2.000264002691014e-003	1.012420e+001	1.012420e+000
2.000266485098621e-003	1.014750e+001	1.014750e+000
2.000269125077296e-003	1.017224e+001	1.017224e+000
2.000271685728145e-003	1.019617e+001	1.019617e+000
2.000274419837552e-003	1.022159e+001	1.022159e+000
2.000276485283488e-003	1.024069e+001	1.024069e+000
2.000278412167540e-003	1.025838e+001	1.025838e+000
2.000280420204505e-003	1.027667e+001	1.027667e+000
2.000283092939398e-003	1.030074e+001	1.030074e+000
2.000286533525065e-003	1.033128e+001	1.033128e+000
2.000290332762118e-003	1.036428e+001	1.036428e+000
2.000295566841101e-003	1.040861e+001	1.040861e+000
2.000299652694021e-003	1.044223e+001	1.044223e+000
2.000304030474944e-003	1.047718e+001	1.047718e+000
2.000306714252575e-003	1.049799e+001	1.049799e+000
2.000309649820144e-003	1.052006e+001	1.052006e+000
2.000312742478911e-003	1.054257e+001	1.054257e+000
2.000316731631352e-003	1.057067e+001	1.057067e+000
2.000318694505997e-003	1.058407e+001	1.058407e+000
2.000320574687963e-003	1.059651e+001	1.059651e+000
2.000323051991652e-003	1.061245e+001	1.061245e+000
2.000325452205194e-003	1.062741e+001	1.062741e+000
2.000328436625460e-003	1.064530e+001	1.064530e+000
2.000331736893653e-003	1.066406e+001	1.066406e+000
2.000337204215285e-003	1.069337e+001	1.069337e+000
2.000340313102820e-003	1.070903e+001	1.070903e+000
2.000343078913884e-003	1.072209e+001	1.072209e+000
2.000345812853426e-003	1.073424e+001	1.073424e+000
2.000349396858037e-003	1.074887e+001	1.074887e+000
2.000356564867259e-003	1.077447e+001	1.077447e+000
2.000365755357724e-003	1.080131e+001	1.080132e+000
2.000375286132990e-003	1.082103e+001	1.082103e+000
2.000389378722854e-003	1.083557e+001	1.083557e+000
2.000410210963516e-003	1.083599e+001	1.083599e+000
2.000428724314930e-003	1.082221e+001	1.082221e+000
2.000442882193621e-003	1.080644e+001	1.080644e+000
2.000456612502146e-003	1.079080e+001	1.079080e+000
2.000470105984287e-003	1.077646e+001	1.077646e+000
2.000487935610182e-003	1.075851e+001	1.075851e+000
2.000504770588602e-003	1.074207e+001	1.074207e+000
2.000523493547061e-003	1.072418e+001	1.072418e+000
2.000540955766499e-003	1.070783e+001	1.070783e+000
2.000560854922613e-003	1.068956e+001	1.068956e+000
2.000581638562923e-003	1.067087e+001	1.067087e+000
2.000601924511980e-003	1.065305e+001	1.065305e+000
2.000624255605682e-003	1.063457e+001	1.063457e+000
2.000645790368409e-003	1.061900e+001	1.061900e+000
2.000665323037798e-003	1.060638e+001	1.060638e+000
2.000686023113194e-003	1.059246e+001	1.059246e+000
2.000710180947460e-003	1.057476e+001	1.057476e+000
2.000735730540040e-003	1.055523e+001	1.055523e+000
2.000764443638367e-003	1.053307e+001	1.053307e+000
2.000796780223126e-003	1.050840e+001	1.050840e+000
2.000832312011390e-003	1.048190e+001	1.048190e+000
2.000872405881878e-003	1.045283e+001	1.045283e+000
2.000914284026570e-003	1.042352e+001	1.042352e+000
2.000978888040716e-003	1.038008e+001	1.038008e+000
2.001042933533591e-003	1.033889e+001	1.033889e+000
2.001110370435201e-003	1.029770e+001	1.029770e+000
2.001203483111162e-003	1.024433e+001	1.024433e+000
2.001354276215595e-003	1.016345e+001	1.016345e+000
2.001450180288870e-003	1.011529e+001	1.011529e+000
2.001529916108584e-003	1.007765e+001	1.007765e+000
2.001599941066859e-003	1.004608e+001	1.004608e+000
2.001657654009492e-003	1.002107e+001	1.002107e+000
2.001717688231579e-003	9.995919e+000	9.995919e-001
2.001777310991275e-003	9.971654e+000	9.971654e-001
2.001829032944214e-003	9.951133e+000	9.951133e-001
2.001879968922439e-003	9.931389e+000	9.931389e-001
2.001933173778571e-003	9.911179e+000	9.911178e-001
2.001963974649681e-003	9.899691e+000	9.899690e-001
2.001993451062800e-003	9.888883e+000	9.888882e-001
2.002030320941440e-003	9.875571e+000	9.875572e-001
2.002069443042508e-003	9.861671e+000	9.861672e-001
2.002104676357982e-003	9.849364e+000	9.849365e-001
2.002144775109186e-003	9.835599e+000	9.835598e-001
2.002186358655947e-003	9.821587e+000	9.821586e-001
2.002239368881555e-003	9.804084e+000	9.804084e-001
2.002291922832757e-003	9.787154e+000	9.787154e-001
2.002366753876433e-003	9.763788e+000	9.763789e-001
2.002440189901440e-003	9.742123e+000	9.742123e-001
2.002538780897575e-003	9.715949e+000	9.715950e-001
2.002599004694590e-003	9.703204e+000	9.703205e-001
2.002649133766037e-003	9.697067e+000	9.697067e-001
2.002711363200349e-003	9.695510e+000	9.695510e-001
2.002749444258598e-003	9.697971e+000	9.697972e-001
2.002781525313076e-003	9.702357e+000	9.702358e-001
2.002817287101294e-003	9.708783e+000	9.708782e-001
2.002850611422718e-003	9.715614e+000	9.715614e-001
2.002891328156196e-003	9.724409e+000	9.724409e-001
2.002938681880850e-003	9.734572e+000	9.734572e-001
2.002986558896594e-003	9.744418e+000	9.744418e-001
2.003038886761400e-003	9.754564e+000	9.754565e-001
2.003094846907808e-003	9.764862e+000	9.764863e-001
2.003150728320231e-003	9.774815e+000	9.774815e-001
2.003217577131380e-003	9.786612e+000	9.786611e-001
2.003319956679276e-003	9.804812e+000	9.804812e-001
2.003429739927351e-003	9.824540e+000	9.824540e-001
2.003539339134573e-003	9.844309e+000	9.844308e-001
2.003681780917230e-003	9.869860e+000	9.869860e-001
2.003789579423075e-003	9.888930e+000	9.888930e-001
2.003892134208477e-003	9.906613e+000	9.906614e-001
2.003997325603428e-003	9.923906e+000	9.923907e-001
2.004106985506629e-003	9.940322e+000	9.940321e-001
2.004235160925337e-003	9.956655e+000	9.956655e-001
2.004356441319574e-003	9.968775e+000	9.968775e-001
2.004469545207779e-003	9.976965e+000	9.976965e-001
2.004579460639241e-003	9.982472e+000	9.982473e-001
2.004701540526874e-003	9.986593e+000	9.986593e-001
2.004857040449108e-003	9.990031e+000	9.990031e-001
2.005029545647663e-003	9.992424e+000	9.992424e-001
2.005189292321620e-003	9.993687e+000	9.993687e-001
2.005435658027987e-003	9.994669e+000	9.994669e-001
2.005764733636798e-003	9.995263e+000	9.995263e-001
2.006135434451978e-003	9.995498e+000	9.995497e-001
2.006580162524677e-003	9.995566e+000	9.995567e-001
2.007469618670075e-003	9.995585e+000	9.995585e-001
2.008469618670075e-003	9.995583e+000	9.995582e-001
2.009469618670075e-003	9.995578e+000	9.995577e-001
2.010469618670075e-003	9.995573e+000	9.995573e-001
2.011469618670075e-003	9.995569e+000	9.995569e-001
2.012469618670075e-003	9.995565e+000	9.995565e-001
2.013469618670075e-003	9.995562e+000	9.995561e-001
2.014469618670075e-003	9.995558e+000	9.995557e-001
2.015469618670075e-003	9.995554e+000	9.995553e-001
2.016469618670075e-003	9.995550e+000	9.995551e-001
2.017469618670075e-003	9.995546e+000	9.995547e-001
2.018469618670075e-003	9.995543e+000	9.995543e-001
2.019469618670075e-003	9.995540e+000	9.995540e-001
2.020469618670075e-003	9.995537e+000	9.995537e-001
2.021469618670075e-003	9.995534e+000	9.995534e-001
2.022469618670075e-003	9.995530e+000	9.995531e-001
2.023469618670075e-003	9.995527e+000	9.995527e-001
2.024469618670075e-003	9.995524e+000	9.995525e-001
2.025469618670075e-003	9.995522e+000	9.995521e-001
2.026469618670075e-003	9.995518e+000	9.995518e-001
2.027469618670075e-003	9.995516e+000	9.995515e-001
2.028469618670075e-003	9.995512e+000	9.995513e-001
2.029469618670075e-003	9.995510e+000	9.995510e-001
2.030469618670075e-003	9.995506e+000	9.995507e-001
2.031469618670075e-003	9.995504e+000	9.995504e-001
2.032469618670075e-003	9.995502e+000	9.995502e-001
2.033469618670075e-003	9.995499e+000	9.995499e-001
2.034469618670075e-003	9.995497e+000	9.995496e-001
2.035469618670075e-003	9.995493e+000	9.995493e-001
2.036469618670075e-003	9.995491e+000	9.995491e-001
2.037469618670075e-003	9.995488e+000	9.995488e-001
2.038469618670075e-003	9.995485e+000	9.995486e-001
2.039469618670075e-003	9.995483e+000	9.995483e-001
2.040469618670075e-003	9.995481e+000	9.995481e-001
2.041469618670075e-003	9.995478e+000	9.995478e-001
2.042469618670075e-003	9.995476e+000	9.995475e-001
2.043469618670075e-003	9.995473e+000	9.995472e-001
2.044469618670075e-003	9.995470e+000	9.995470e-001
2.045469618670075e-003	9.995468e+000	9.995468e-001
2.046469618670075e-003	9.995465e+000	9.995465e-001
2.047469618670075e-003	9.995462e+000	9.995463e-001
2.048469618670075e-003	9.995461e+000	9.995461e-001
2.049469618670075e-003	9.995458e+000	9.995458e-001
2.050469618670075e-003	9.995455e+000	9.995456e-001
2.051469618670075e-003	9.995453e+000	9.995453e-001
2.052469618670075e-003	9.995450e+000	9.995451e-001
2.053469618670075e-003	9.995448e+000	9.995448e-001
2.054469618670075e-003	9.995445e+000	9.995446e-001
2.055469618670075e-003	9.995443e+000	9.995443e-001
2.056469618670075e-003	9.995440e+000	9.995441e-001
2.057469618670075e-003	9.995439e+000	9.995438e-001
2.058469618670075e-003	9.995436e+000	9.995436e-001
2.059469618670075e-003	9.995434e+000	9.995434e-001
2.060469618670075e-003	9.995431e+000	9.995431e-001
2.061469618670075e-003	9.995429e+000	9.995429e-001
2.062469618670075e-003	9.995426e+000	9.995427e-001
2.063469618670075e-003	9.995424e+000	9.995425e-001
2.064469618670075e-003	9.995422e+000	9.995422e-001
2.065469618670075e-003	9.995420e+000	9.995420e-001
2.066469618670075e-003	9.995418e+000	9.995418e-001
2.067469618670075e-003	9.995415e+000	9.995415e-001
2.068469618670075e-003	9.995413e+000	9.995413e-001
2.069469618670075e-003	9.995411e+000	9.995410e-001
2.070469618670075e-003	9.995408e+000	9.995408e-001
2.071469618670075e-003	9.995406e+000	9.995406e-001
2.072469618670075e-003	9.995403e+000	9.995404e-001
2.073469618670075e-003	9.995401e+000	9.995402e-001
2.074469618670075e-003	9.995399e+000	9.995399e-001
2.075469618670075e-003	9.995398e+000	9.995397e-001
2.076469618670075e-003	9.995395e+000	9.995395e-001
2.077469618670075e-003	9.995393e+000	9.995393e-001
2.078469618670075e-003	9.995390e+000	9.995390e-001
2.079469618670075e-003	9.995388e+000	9.995388e-001
2.081469618670075e-003	9.995384e+000	9.995384e-001
2.082469618670075e-003	9.995381e+000	9.995382e-001
2.083469618670075e-003	9.995379e+000	9.995379e-001
2.084469618670075e-003	9.995377e+000	9.995377e-001
2.085469618670075e-003	9.995375e+000	9.995375e-001
2.086469618670075e-003	9.995373e+000	9.995373e-001
2.087469618670075e-003	9.995371e+000	9.995371e-001
2.088469618670075e-003	9.995369e+000	9.995369e-001
2.089469618670075e-003	9.995366e+000	9.995366e-001
2.090469618670075e-003	9.995364e+000	9.995364e-001
2.091469618670075e-003	9.995361e+000	9.995362e-001
2.092469618670075e-003	9.995359e+000	9.995360e-001
2.093469618670075e-003	9.995358e+000	9.995357e-001
2.094469618670075e-003	9.995356e+000	9.995356e-001
2.095469618670075e-003	9.995354e+000	9.995353e-001
2.096469618670075e-003	9.995352e+000	9.995351e-001
2.097469618670075e-003	9.995350e+000	9.995349e-001
2.098469618670075e-003	9.995347e+000	9.995347e-001
2.099469618670075e-003	9.995345e+000	9.995345e-001
2.100469618670075e-003	9.995342e+000	9.995343e-001
2.101469618670075e-003	9.995340e+000	9.995341e-001
2.102469618670075e-003	9.995338e+000	9.995339e-001
2.103469618670075e-003	9.995337e+000	9.995337e-001
2.104469618670075e-003	9.995335e+000	9.995335e-001
2.105469618670075e-003	9.995333e+000	9.995332e-001
2.106469618670075e-003	9.995331e+000	9.995331e-001
2.107469618670075e-003	9.995329e+000	9.995328e-001
2.108469618670075e-003	9.995327e+000	9.995326e-001
2.109469618670075e-003	9.995325e+000	9.995325e-001
2.110469618670075e-003	9.995323e+000	9.995322e-001
2.111469618670075e-003	9.995321e+000	9.995320e-001
2.112469618670075e-003	9.995318e+000	9.995319e-001
2.113469618670075e-003	9.995317e+000	9.995316e-001
2.114469618670075e-003	9.995314e+000	9.995314e-001
2.115469618670075e-003	9.995312e+000	9.995313e-001
2.116469618670075e-003	9.995310e+000	9.995310e-001
2.117469618670075e-003	9.995308e+000	9.995309e-001
2.118469618670075e-003	9.995306e+000	9.995307e-001
2.119469618670075e-003	9.995304e+000	9.995304e-001
2.120469618670075e-003	9.995302e+000	9.995303e-001
2.121469618670075e-003	9.995300e+000	9.995301e-001
2.122469618670075e-003	9.995298e+000	9.995298e-001
2.123469618670075e-003	9.995296e+000	9.995297e-001
2.124469618670075e-003	9.995295e+000	9.995295e-001
2.125469618670075e-003	9.995293e+000	9.995292e-001
2.126469618670075e-003	9.995291e+000	9.995291e-001
2.127469618670075e-003	9.995289e+000	9.995289e-001
2.128469618670075e-003	9.995287e+000	9.995287e-001
2.129469618670075e-003	9.995285e+000	9.995285e-001
2.130469618670075e-003	9.995283e+000	9.995283e-001
2.131469618670075e-003	9.995281e+000	9.995282e-001
2.132469618670075e-003	9.995279e+000	9.995279e-001
2.133469618670075e-003	9.995277e+000	9.995278e-001
2.134469618670075e-003	9.995275e+000	9.995276e-001
2.135469618670075e-003	9.995274e+000	9.995273e-001
2.136469618670075e-003	9.995272e+000	9.995272e-001
2.137469618670075e-003	9.995270e+000	9.995270e-001
2.138469618670075e-003	9.995268e+000	9.995269e-001
2.139469618670075e-003	9.995266e+000	9.995266e-001
2.140469618670075e-003	9.995264e+000	9.995265e-001
2.141469618670075e-003	9.995262e+000	9.995263e-001
2.142469618670075e-003	9.995260e+000	9.995261e-001
2.143469618670075e-003	9.995258e+000	9.995259e-001
2.144469618670075e-003	9.995256e+000	9.995257e-001
2.145469618670075e-003	9.995255e+000	9.995255e-001
2.146469618670075e-003	9.995254e+000	9.995253e-001
2.147469618670075e-003	9.995252e+000	9.995252e-001
2.148469618670075e-003	9.995250e+000	9.995250e-001
2.149469618670075e-003	9.995249e+000	9.995248e-001
2.150469618670075e-003	9.995247e+000	9.995246e-001
2.151469618670075e-003	9.995245e+000	9.995245e-001
2.152469618670075e-003	9.995243e+000	9.995242e-001
2.154469618670075e-003	9.995239e+000	9.995239e-001
2.155469618670075e-003	9.995237e+000	9.995238e-001
2.156469618670075e-003	9.995235e+000	9.995235e-001
2.157469618670075e-003	9.995234e+000	9.995234e-001
2.158469618670075e-003	9.995232e+000	9.995232e-001
2.159469618670075e-003	9.995230e+000	9.995230e-001
2.160469618670075e-003	9.995228e+000	9.995228e-001
2.161469618670075e-003	9.995227e+000	9.995227e-001
2.162469618670075e-003	9.995225e+000	9.995225e-001
2.163469618670075e-003	9.995224e+000	9.995223e-001
2.164469618670075e-003	9.995222e+000	9.995221e-001
2.166469618670075e-003	9.995218e+000	9.995219e-001
2.167469618670075e-003	9.995216e+000	9.995216e-001
2.168469618670075e-003	9.995214e+000	9.995215e-001
2.169469618670075e-003	9.995213e+000	9.995213e-001
2.170469618670075e-003	9.995211e+000	9.995211e-001
2.171469618670075e-003	9.995210e+000	9.995209e-001
2.172469618670075e-003	9.995208e+000	9.995208e-001
2.173469618670075e-003	9.995207e+000	9.995206e-001
2.174469618670075e-003	9.995205e+000	9.995204e-001
2.175469618670075e-003	9.995203e+000	9.995203e-001
2.176469618670075e-003	9.995201e+000	9.995201e-001
2.178469618670075e-003	9.995197e+000	9.995198e-001
2.179469618670075e-003	9.995196e+000	9.995196e-001
2.180469618670075e-003	9.995194e+000	9.995195e-001
2.181469618670075e-003	9.995193e+000	9.995192e-001
2.182469618670075e-003	9.995192e+000	9.995191e-001
2.183469618670075e-003	9.995190e+000	9.995189e-001
2.184469618670075e-003	9.995188e+000	9.995188e-001
2.185469618670075e-003	9.995186e+000	9.995186e-001
2.186469618670075e-003	9.995184e+000	9.995185e-001
2.187469618670075e-003	9.995183e+000	9.995183e-001
2.188469618670075e-003	9.995181e+000	9.995182e-001
2.190469618670075e-003	9.995178e+000	9.995178e-001
2.191469618670075e-003	9.995176e+000	9.995176e-001
2.192469618670075e-003	9.995174e+000	9.995174e-001
2.193469618670075e-003	9.995173e+000	9.995173e-001
2.194469618670075e-003	9.995172e+000	9.995171e-001
2.195469618670075e-003	9.995171e+000	9.995170e-001
2.196469618670075e-003	9.995169e+000	9.995168e-001
2.197469618670075e-003	9.995167e+000	9.995167e-001
2.198469618670075e-003	9.995165e+000	9.995165e-001
2.199469618670075e-003	9.995164e+000	9.995164e-001
2.200469618670075e-003	9.995162e+000	9.995162e-001
2.201469618670075e-003	9.995161e+000	9.995160e-001
2.202469618670075e-003	9.995159e+000	9.995159e-001
2.203469618670075e-003	9.995157e+000	9.995157e-001
2.204469618670075e-003	9.995155e+000	9.995156e-001
2.205469618670075e-003	9.995154e+000	9.995154e-001
2.206469618670075e-003	9.995152e+000	9.995153e-001
2.207469618670075e-003	9.995152e+000	9.995151e-001
2.208469618670075e-003	9.995150e+000	9.995149e-001
2.209469618670075e-003	9.995148e+000	9.995148e-001
2.210469618670075e-003	9.995146e+000	9.995146e-001
2.211469618670075e-003	9.995145e+000	9.995145e-001
2.212469618670075e-003	9.995143e+000	9.995143e-001
2.213469618670075e-003	9.995142e+000	9.995142e-001
2.215469618670075e-003	9.995139e+000	9.995139e-001
2.216469618670075e-003	9.995137e+000	9.995137e-001
2.217469618670075e-003	9.995136e+000	9.995136e-001
2.218469618670075e-003	9.995134e+000	9.995134e-001
2.219469618670075e-003	9.995133e+000	9.995133e-001
2.220469618670075e-003	9.995131e+000	9.995131e-001
2.221469618670075e-003	9.995131e+000	9.995130e-001
2.222469618670075e-003	9.995129e+000	9.995129e-001
2.223469618670075e-003	9.995127e+000	9.995127e-001
2.224469618670075e-003	9.995125e+000	9.995126e-001
2.225469618670075e-003	9.995124e+000	9.995124e-001
2.227469618670075e-003	9.995121e+000	9.995121e-001
2.228469618670075e-003	9.995119e+000	9.995120e-001
2.229469618670075e-003	9.995118e+000	9.995118e-001
2.230469618670075e-003	9.995116e+000	9.995117e-001
2.231469618670075e-003	9.995115e+000	9.995115e-001
2.232469618670075e-003	9.995113e+000	9.995114e-001
2.233469618670075e-003	9.995112e+000	9.995112e-001
2.234469618670075e-003	9.995111e+000	9.995111e-001
2.235469618670075e-003	9.995110e+000	9.995109e-001
2.236469618670075e-003	9.995108e+000	9.995108e-001
2.237469618670075e-003	9.995107e+000	9.995106e-001
2.239469618670075e-003	9.995104e+000	9.995103e-001
2.240469618670075e-003	9.995102e+000	9.995102e-001
2.241469618670075e-003	9.995101e+000	9.995100e-001
2.242469618670075e-003	9.995099e+000	9.995099e-001
2.243469618670075e-003	9.995098e+000	9.995098e-001
2.244469618670075e-003	9.995096e+000	9.995096e-001
2.245469618670075e-003	9.995095e+000	9.995095e-001
2.246469618670075e-003	9.995093e+000	9.995093e-001
2.247469618670075e-003	9.995092e+000	9.995092e-001
2.248469618670075e-003	9.995090e+000	9.995091e-001
2.249469618670075e-003	9.995090e+000	9.995090e-001
2.251469618670075e-003	9.995087e+000	9.995087e-001
2.252469618670075e-003	9.995085e+000	9.995085e-001
2.253469618670075e-003	9.995084e+000	9.995084e-001
2.254469618670075e-003	9.995083e+000	9.995083e-001
2.255469618670075e-003	9.995081e+000	9.995081e-001
2.256469618670075e-003	9.995080e+000	9.995080e-001
2.257469618670075e-003	9.995079e+000	9.995078e-001
2.258469618670075e-003	9.995077e+000	9.995077e-001
2.259469618670075e-003	9.995076e+000	9.995075e-001
2.260469618670075e-003	9.995074e+000	9.995074e-001
2.261469618670075e-003	9.995073e+000	9.995073e-001
2.264469618670075e-003	9.995069e+000	9.995069e-001
2.265469618670075e-003	9.995068e+000	9.995068e-001
2.266469618670075e-003	9.995066e+000	9.995066e-001
2.267469618670075e-003	9.995066e+000	9.995065e-001
2.268469618670075e-003	9.995064e+000	9.995064e-001
2.269469618670075e-003	9.995063e+000	9.995062e-001
2.270469618670075e-003	9.995061e+000	9.995061e-001
2.271469618670075e-003	9.995060e+000	9.995060e-001
2.272469618670075e-003	9.995058e+000	9.995059e-001
2.273469618670075e-003	9.995057e+000	9.995058e-001
2.276469618670075e-003	9.995053e+000	9.995053e-001
2.277469618670075e-003	9.995052e+000	9.995052e-001
2.278469618670075e-003	9.995050e+000	9.995050e-001
2.279469618670075e-003	9.995049e+000	9.995049e-001
2.280469618670075e-003	9.995048e+000	9.995048e-001
2.281469618670075e-003	9.995047e+000	9.995047e-001
2.282469618670075e-003	9.995045e+000	9.995046e-001
2.283469618670075e-003	9.995045e+000	9.995044e-001
2.284469618670075e-003	9.995043e+000	9.995043e-001
2.285469618670075e-003	9.995042e+000	9.995042e-001
2.288469618670075e-003	9.995037e+000	9.995037e-001
2.289469618670075e-003	9.995037e+000	9.995036e-001
2.290469618670075e-003	9.995035e+000	9.995035e-001
2.291469618670075e-003	9.995034e+000	9.995034e-001
2.292469618670075e-003	9.995032e+000	9.995033e-001
2.293469618670075e-003	9.995031e+000	9.995031e-001
2.294469618670075e-003	9.995030e+000	9.995030e-001
2.295469618670075e-003	9.995029e+000	9.995029e-001
2.296469618670075e-003	9.995028e+000	9.995028e-001
2.298469618670075e-003	9.995026e+000	9.995025e-001
2.300469618670075e-003	9.995023e+000	9.995023e-001
2.301469618670075e-003	9.995022e+000	9.995022e-001
2.302469618670075e-003	9.995020e+000	9.995021e-001
2.303469618670075e-003	9.995020e+000	9.995019e-001
2.304469618670075e-003	9.995018e+000	9.995018e-001
2.305469618670075e-003	9.995017e+000	9.995017e-001
2.306469618670075e-003	9.995015e+000	9.995016e-001
2.307469618670075e-003	9.995014e+000	9.995015e-001
2.308469618670075e-003	9.995013e+000	9.995013e-001
2.310469618670075e-003	9.995010e+000	9.995011e-001
2.313469618670075e-003	9.995008e+000	9.995008e-001
2.314469618670075e-003	9.995006e+000	9.995006e-001
2.315469618670075e-003	9.995005e+000	9.995005e-001
2.316469618670075e-003	9.995004e+000	9.995004e-001
2.317469618670075e-003	9.995003e+000	9.995003e-001
2.318469618670075e-003	9.995001e+000	9.995002e-001
2.319469618670075e-003	9.995000e+000	9.995000e-001
2.320469618670075e-003	9.994999e+000	9.994999e-001
2.322469618670075e-003	9.994997e+000	9.994997e-001
2.325469618670075e-003	9.994993e+000	9.994993e-001
2.326469618670075e-003	9.994991e+000	9.994992e-001
2.327469618670075e-003	9.994991e+000	9.994991e-001
2.328469618670075e-003	9.994989e+000	9.994990e-001
2.329469618670075e-003	9.994988e+000	9.994988e-001
2.330469618670075e-003	9.994987e+000	9.994987e-001
2.331469618670075e-003	9.994987e+000	9.994986e-001
2.333469618670075e-003	9.994984e+000	9.994984e-001
2.334183904384361e-003	9.994983e+000	9.994983e-001
2.334898190098646e-003	9.994982e+000	9.994982e-001
2.335612475812932e-003	9.994981e+000	9.994981e-001
2.336326761527218e-003	9.994980e+000	9.994980e-001
2.337041047241503e-003	9.994980e+000	9.994980e-001
2.337755332955789e-003	9.994979e+000	9.994979e-001
2.338469618670075e-003	9.994978e+000	9.994978e-001
2.339469618670075e-003	9.994977e+000	9.994977e-001
2.340469618670075e-003	9.994976e+000	9.994976e-001
2.341469618670075e-003	9.994975e+000	9.994975e-001
2.342469618670075e-003	9.994974e+000	9.994974e-001
2.343469618670075e-003	9.994972e+000	9.994973e-001
2.345469618670075e-003	9.994970e+000	9.994971e-001
2.346326761527217e-003	9.994970e+000	9.994969e-001
2.347183904384361e-003	9.994969e+000	9.994968e-001
2.348041047241503e-003	9.994968e+000	9.994967e-001
2.348898190098646e-003	9.994967e+000	9.994967e-001
2.349755332955789e-003	9.994966e+000	9.994966e-001
2.350612475812932e-003	9.994965e+000	9.994965e-001
2.351469618670075e-003	9.994965e+000	9.994964e-001
2.353469618670075e-003	9.994962e+000	9.994962e-001
2.355469618670075e-003	9.994960e+000	9.994960e-001
2.357469618670075e-003	9.994957e+000	9.994957e-001
2.358326761527218e-003	9.994956e+000	9.994956e-001
2.359183904384361e-003	9.994955e+000	9.994955e-001
2.360041047241504e-003	9.994955e+000	9.994954e-001
2.360898190098646e-003	9.994954e+000	9.994953e-001
2.361755332955789e-003	9.994953e+000	9.994953e-001
2.362612475812932e-003	9.994952e+000	9.994952e-001
2.363469618670075e-003	9.994951e+000	9.994951e-001
2.365469618670075e-003	9.994949e+000	9.994949e-001
2.367469618670075e-003	9.994947e+000	9.994947e-001
2.369469618670075e-003	9.994945e+000	9.994945e-001
2.370469618670075e-003	9.994944e+000	9.994944e-001
2.371469618670075e-003	9.994943e+000	9.994943e-001
2.372469618670075e-003	9.994942e+000	9.994942e-001
2.373469618670075e-003	9.994941e+000	9.994941e-001
2.374469618670075e-003	9.994940e+000	9.994940e-001
2.375469618670075e-003	9.994939e+000	9.994938e-001
2.376469618670075e-003	9.994938e+000	9.994937e-001
2.378469618670075e-003	9.994936e+000	9.994935e-001
2.380469618670075e-003	9.994933e+000	9.994934e-001
2.383469618670075e-003	9.994930e+000	9.994931e-001
2.384612475812932e-003	9.994929e+000	9.994929e-001
2.385755332955789e-003	9.994928e+000	9.994928e-001
2.386898190098646e-003	9.994927e+000	9.994927e-001
2.388041047241503e-003	9.994926e+000	9.994926e-001
2.389183904384360e-003	9.994925e+000	9.994925e-001
2.390326761527218e-003	9.994924e+000	9.994923e-001
2.391469618670075e-003	9.994923e+000	9.994922e-001
2.394469618670075e-003	9.994919e+000	9.994919e-001
2.395612475812932e-003	9.994918e+000	9.994918e-001
2.396755332955789e-003	9.994917e+000	9.994917e-001
2.397898190098646e-003	9.994916e+000	9.994916e-001
2.399041047241503e-003	9.994915e+000	9.994915e-001
2.400183904384361e-003	9.994914e+000	9.994914e-001
2.401326761527218e-003	9.994913e+000	9.994913e-001
2.402469618670075e-003	9.994911e+000	9.994912e-001
2.405469618670075e-003	9.994909e+000	9.994909e-001
2.406612475812932e-003	9.994908e+000	9.994908e-001
2.407755332955789e-003	9.994906e+000	9.994907e-001
2.408898190098646e-003	9.994905e+000	9.994906e-001
2.410041047241504e-003	9.994904e+000	9.994904e-001
2.411183904384361e-003	9.994903e+000	9.994903e-001
2.412326761527218e-003	9.994902e+000	9.994902e-001
2.413469618670075e-003	9.994902e+000	9.994901e-001
2.416469618670075e-003	9.994898e+000	9.994898e-001
2.417612475812932e-003	9.994897e+000	9.994897e-001
2.418755332955789e-003	9.994896e+000	9.994896e-001
2.419898190098646e-003	9.994895e+000	9.994895e-001
2.421041047241503e-003	9.994894e+000	9.994894e-001
2.422183904384360e-003	9.994893e+000	9.994893e-001
2.423326761527218e-003	9.994892e+000	9.994892e-001
2.424469618670075e-003	9.994891e+000	9.994891e-001
2.427469618670075e-003	9.994888e+000	9.994888e-001
2.428755332955789e-003	9.994887e+000	9.994887e-001
2.430041047241503e-003	9.994886e+000	9.994886e-001
2.431326761527218e-003	9.994885e+000	9.994885e-001
2.432612475812932e-003	9.994884e+000	9.994884e-001
2.433898190098646e-003	9.994883e+000	9.994882e-001
2.435183904384360e-003	9.994881e+000	9.994881e-001
2.436469618670075e-003	9.994880e+000	9.994880e-001
2.439469618670075e-003	9.994877e+000	9.994878e-001
2.440898190098646e-003	9.994876e+000	9.994876e-001
2.442326761527218e-003	9.994875e+000	9.994875e-001
2.443755332955789e-003	9.994874e+000	9.994873e-001
2.445183904384360e-003	9.994872e+000	9.994872e-001
2.446612475812932e-003	9.994871e+000	9.994871e-001
2.448041047241503e-003	9.994870e+000	9.994870e-001
2.449469618670075e-003	9.994868e+000	9.994869e-001
2.451041047241503e-003	9.994867e+000	9.994867e-001
2.452612475812932e-003	9.994866e+000	9.994866e-001
2.454183904384360e-003	9.994864e+000	9.994865e-001
2.455755332955789e-003	9.994863e+000	9.994863e-001
2.457326761527218e-003	9.994861e+000	9.994862e-001
2.458898190098646e-003	9.994860e+000	9.994860e-001
2.460469618670075e-003	9.994859e+000	9.994859e-001
2.462183904384361e-003	9.994857e+000	9.994858e-001
2.463898190098646e-003	9.994856e+000	9.994856e-001
2.465612475812932e-003	9.994855e+000	9.994855e-001
2.467326761527218e-003	9.994853e+000	9.994854e-001
2.469041047241504e-003	9.994852e+000	9.994852e-001
2.470755332955789e-003	9.994851e+000	9.994851e-001
2.472469618670075e-003	9.994849e+000	9.994849e-001
2.474326761527218e-003	9.994847e+000	9.994847e-001
2.476183904384361e-003	9.994846e+000	9.994846e-001
2.478041047241504e-003	9.994844e+000	9.994844e-001
2.479898190098646e-003	9.994843e+000	9.994843e-001
2.481755332955789e-003	9.994841e+000	9.994841e-001
2.483612475812932e-003	9.994840e+000	9.994840e-001
2.485469618670075e-003	9.994839e+000	9.994839e-001
2.487326761527218e-003	9.994837e+000	9.994837e-001
2.489183904384361e-003	9.994835e+000	9.994836e-001
2.491041047241504e-003	9.994834e+000	9.994834e-001
2.492898190098646e-003	9.994832e+000	9.994833e-001
2.494755332955789e-003	9.994831e+000	9.994831e-001
2.496612475812932e-003	9.994829e+000	9.994830e-001
2.498469618670075e-003	9.994828e+000	9.994828e-001
2.500469618670075e-003	9.994827e+000	9.994827e-001
2.502469618670075e-003	9.994826e+000	9.994825e-001
2.504469618670075e-003	9.994824e+000	9.994824e-001
2.506469618670075e-003	9.994823e+000	9.994822e-001
2.508469618670075e-003	9.994821e+000	9.994820e-001
2.510469618670075e-003	9.994819e+000	9.994819e-001
2.512469618670075e-003	9.994818e+000	9.994817e-001
2.514898190098646e-003	9.994816e+000	9.994816e-001
2.517326761527217e-003	9.994814e+000	9.994814e-001
2.519755332955789e-003	9.994812e+000	9.994812e-001
2.522183904384360e-003	9.994810e+000	9.994811e-001
2.524612475812932e-003	9.994808e+000	9.994809e-001
2.527041047241503e-003	9.994807e+000	9.994807e-001
2.529469618670075e-003	9.994805e+000	9.994805e-001
2.532183904384360e-003	9.994803e+000	9.994803e-001
2.534898190098646e-003	9.994801e+000	9.994801e-001
2.537612475812932e-003	9.994799e+000	9.994799e-001
2.540326761527218e-003	9.994797e+000	9.994797e-001
2.543041047241503e-003	9.994795e+000	9.994795e-001
2.545755332955789e-003	9.994793e+000	9.994794e-001
2.548469618670075e-003	9.994792e+000	9.994792e-001
2.552326761527217e-003	9.994789e+000	9.994789e-001
2.556183904384360e-003	9.994786e+000	9.994786e-001
2.560041047241503e-003	9.994784e+000	9.994784e-001
2.563898190098646e-003	9.994781e+000	9.994781e-001
2.567755332955789e-003	9.994779e+000	9.994778e-001
2.571612475812932e-003	9.994776e+000	9.994776e-001
2.575469618670075e-003	9.994774e+000	9.994773e-001
2.579469618670075e-003	9.994771e+000	9.994771e-001
2.583469618670075e-003	9.994768e+000	9.994768e-001
2.587469618670075e-003	9.994766e+000	9.994766e-001
2.591469618670075e-003	9.994763e+000	9.994763e-001
2.595469618670075e-003	9.994761e+000	9.994761e-001
2.599469618670075e-003	9.994758e+000	9.994758e-001
2.603469618670075e-003	9.994756e+000	9.994756e-001
2.645041047241504e-003	9.994732e+000	9.994732e-001
2.686612475812932e-003	9.994709e+000	9.994710e-001
2.728183904384361e-003	9.994689e+000	9.994689e-001
2.769755332955789e-003	9.994670e+000	9.994670e-001
2.811326761527217e-003	9.994653e+000	9.994653e-001
2.852898190098646e-003	9.994638e+000	9.994638e-001
2.894469618670075e-003	9.994625e+000	9.994624e-001
2.899469618670075e-003	9.994623e+000	9.994623e-001
2.943183904384361e-003	9.994610e+000	9.994610e-001
2.986898190098646e-003	9.994598e+000	9.994598e-001
3.030612475812932e-003	9.994586e+000	9.994587e-001
3.074326761527218e-003	9.994576e+000	9.994577e-001
3.118041047241504e-003	9.994567e+000	9.994568e-001
3.161755332955789e-003	9.994559e+000	9.994559e-001
3.205469618670075e-003	9.994553e+000	9.994552e-001
3.251612475812932e-003	9.994546e+000	9.994545e-001
3.297755332955789e-003	9.994539e+000	9.994539e-001
3.343898190098646e-003	9.994533e+000	9.994533e-001
3.390041047241503e-003	9.994528e+000	9.994528e-001
3.436183904384361e-003	9.994523e+000	9.994523e-001
3.482326761527218e-003	9.994519e+000	9.994519e-001
3.528469618670075e-003	9.994515e+000	9.994515e-001
3.579041047241503e-003	9.994512e+000	9.994512e-001
3.629612475812932e-003	9.994509e+000	9.994508e-001
3.680183904384360e-003	9.994505e+000	9.994505e-001
3.730755332955789e-003	9.994503e+000	9.994503e-001
3.781326761527218e-003	9.994500e+000	9.994500e-001
3.831898190098646e-003	9.994498e+000	9.994498e-001
3.882469618670075e-003	9.994495e+000	9.994496e-001
3.923469618670075e-003	9.994495e+000	9.994495e-001
3.999000000000000e-003	9.994492e+000	9.994493e-001
4.000000000000000e-003	1.042120e+001	5.007272e-001
4.000002004501326e-003	1.058402e+001	3.331517e-001
4.000006013503978e-003	1.093394e+001	1.104328e-009
4.000006900956786e-003	1.093140e+001	1.104072e-009
4.000007477024074e-003	1.093054e+001	1.103984e-009
4.000007999261524e-003	1.093279e+001	1.104212e-009
4.000008290306311e-003	1.093241e+001	1.104173e-009
4.000008613961475e-003	1.093312e+001	1.104245e-009
4.000008911174696e-003	1.093320e+001	1.104253e-009
4.000009364060946e-003	1.093338e+001	1.104272e-009
4.000010042434215e-003	1.093355e+001	1.104289e-009
4.000010705580656e-003	1.093366e+001	1.104300e-009
4.000011445541836e-003	1.093373e+001	1.104307e-009
4.000012183280293e-003	1.093374e+001	1.104308e-009
4.000013132507187e-003	1.093369e+001	1.104303e-009
4.000014236082103e-003	1.093355e+001	1.104289e-009
4.000015536633043e-003	1.093329e+001	1.104262e-009
4.000016861284671e-003	1.093293e+001	1.104226e-009
4.000018224628007e-003	1.093248e+001	1.104181e-009
4.000019757720544e-003	1.093192e+001	1.104124e-009
4.000021344287309e-003	1.093131e+001	1.104063e-009
4.000022897268548e-003	1.093071e+001	1.104001e-009
4.000025099484818e-003	1.092984e+001	1.103914e-009
4.000027439541086e-003	1.092895e+001	1.103823e-009
4.000030388192090e-003	1.092784e+001	1.103712e-009
4.000033882853628e-003	1.092657e+001	1.103583e-009
4.000038442170256e-003	1.092494e+001	1.103419e-009
4.000042738015137e-003	1.092343e+001	1.103267e-009
4.000047791199404e-003	1.092168e+001	1.103090e-009
4.000053124828320e-003	1.091986e+001	1.102905e-009
4.000062770858905e-003	1.091658e+001	1.102575e-009
4.000076507542250e-003	1.091197e+001	1.102109e-009
4.000089223362407e-003	1.090775e+001	1.101682e-009
4.000103667704274e-003	1.090301e+001	1.101204e-009
4.000118853094541e-003	1.089810e+001	1.100708e-009
4.000135954990032e-003	1.089277e+001	1.100170e-009
4.000153611922265e-003	1.088800e+001	1.099688e-009
4.000165864702629e-003	1.088580e+001	1.099466e-009
4.000178562278475e-003	1.088446e+001	1.099330e-009
4.000191232644538e-003	1.088305e+001	1.099188e-009
4.000204799575841e-003	1.088093e+001	1.098974e-009
4.000217919682027e-003	1.087827e+001	1.098705e-009
4.000232808830103e-003	1.087470e+001	1.098345e-009
4.000248874329604e-003	1.087044e+001	1.097915e-009
4.000264343374115e-003	1.086607e+001	1.097473e-009
4.000281317818626e-003	1.086111e+001	1.096972e-009
4.000297209009853e-003	1.085638e+001	1.096494e-009
4.000314754465618e-003	1.085112e+001	1.095964e-009
4.000332413958108e-003	1.084584e+001	1.095430e-009
4.000353236446918e-003	1.083965e+001	1.094804e-009
4.000378752535037e-003	1.083213e+001	1.094045e-009
4.000399211776670e-003	1.082616e+001	1.093442e-009
4.000419578198633e-003	1.082030e+001	1.092850e-009
4.000444833833740e-003	1.081312e+001	1.092125e-009
4.000470331872603e-003	1.080598e+001	1.091404e-009
4.000504600504106e-003	1.079657e+001	1.090453e-009
4.000551343953727e-003	1.078401e+001	1.089185e-009
4.000598992059698e-003	1.077155e+001	1.087927e-009
4.000663949719889e-003	1.075509e+001	1.086265e-009
4.000729799453333e-003	1.073910e+001	1.084649e-009
4.000861498920220e-003	1.070874e+001	1.081583e-009
4.000991897460804e-003	1.068085e+001	1.078766e-009
4.001252694541972e-003	1.063091e+001	1.073722e-009
4.001641661885856e-003	1.056704e+001	1.067271e-009
4.002223669289919e-003	1.048945e+001	1.059435e-009
4.002932853311604e-003	1.041596e+001	1.052012e-009
4.003706392029308e-003	1.035597e+001	1.045953e-009
4.004523788179494e-003	1.031032e+001	1.041342e-009
4.005523788179494e-003	1.027157e+001	1.037428e-009
4.006523788179494e-003	1.024517e+001	1.034762e-009
4.007523788179495e-003	1.022761e+001	1.032989e-009
4.008433909542301e-003	1.021745e+001	1.031963e-009
4.009136603357764e-003	1.021233e+001	1.031445e-009
4.009712503493009e-003	1.020930e+001	1.031139e-009
4.010311497309180e-003	1.020698e+001	1.030905e-009
4.010925764411766e-003	1.020515e+001	1.030721e-009
4.011481481439028e-003	1.020388e+001	1.030592e-009
4.012047090957958e-003	1.020286e+001	1.030489e-009
4.012574672156630e-003	1.020210e+001	1.030412e-009
4.013133193438598e-003	1.020145e+001	1.030346e-009
4.013702819850066e-003	1.020089e+001	1.030290e-009
4.014286206134476e-003	1.020042e+001	1.030242e-009
4.014929601830869e-003	1.019997e+001	1.030197e-009
4.015641542100191e-003	1.019955e+001	1.030154e-009
4.016495873119996e-003	1.019910e+001	1.030109e-009
4.017465885619122e-003	1.019865e+001	1.030063e-009
4.018465885619122e-003	1.019822e+001	1.030020e-009
4.019465885619122e-003	1.019781e+001	1.029979e-009
4.020465885619122e-003	1.019743e+001	1.029940e-009
4.021465885619122e-003	1.019705e+001	1.029902e-009
4.022465885619122e-003	1.019667e+001	1.029864e-009
4.023465885619122e-003	1.019631e+001	1.029827e-009
4.024465885619122e-003	1.019594e+001	1.029790e-009
4.025465885619122e-003	1.019558e+001	1.029754e-009
4.026465885619122e-003	1.019522e+001	1.029717e-009
4.027465885619122e-003	1.019486e+001	1.029681e-009
4.028465885619123e-003	1.019451e+001	1.029645e-009
4.029465885619122e-003	1.019415e+001	1.029610e-009
4.030465885619122e-003	1.019380e+001	1.029574e-009
4.031465885619122e-003	1.019345e+001	1.029539e-009
4.032465885619122e-003	1.019311e+001	1.029504e-009
4.033465885619122e-003	1.019276e+001	1.029469e-009
4.034465885619122e-003	1.019242e+001	1.029435e-009
4.035465885619123e-003	1.019208e+001	1.029400e-009
4.036465885619122e-003	1.019175e+001	1.029366e-009
4.037465885619122e-003	1.019141e+001	1.029333e-009
4.038465885619122e-003	1.019108e+001	1.029299e-009
4.039465885619122e-003	1.019075e+001	1.029266e-009
4.040465885619122e-003	1.019042e+001	1.029233e-009
4.041465885619123e-003	1.019010e+001	1.029200e-009
4.042465885619122e-003	1.018978e+001	1.029167e-009
4.043465885619122e-003	1.018946e+001	1.029135e-009
4.044465885619122e-003	1.018914e+001	1.029103e-009
4.045465885619122e-003	1.018883e+001	1.029071e-009
4.046465885619122e-003	1.018852e+001	1.029040e-009
4.047465885619122e-003	1.018821e+001	1.029009e-009
4.048465885619123e-003	1.018790e+001	1.028978e-009
4.049465885619122e-003	1.018760e+001	1.028947e-009
4.050465885619122e-003	1.018730e+001	1.028917e-009
4.051465885619122e-003	1.018700e+001	1.028887e-009
4.052465885619122e-003	1.018670e+001	1.028857e-009
4.053465885619122e-003	1.018641e+001	1.028827e-009
4.054465885619123e-003	1.018612e+001	1.028798e-009
4.055465885619122e-003	1.018583e+001	1.028769e-009
4.056465885619122e-003	1.018554e+001	1.028740e-009
4.057465885619122e-003	1.018526e+001	1.028711e-009
4.058465885619122e-003	1.018498e+001	1.028683e-009
4.059465885619122e-003	1.018470e+001	1.028655e-009
4.060465885619122e-003	1.018443e+001	1.028627e-009
4.061465885619123e-003	1.018415e+001	1.028599e-009
4.062465885619122e-003	1.018388e+001	1.028572e-009
4.063465885619122e-003	1.018361e+001	1.028545e-009
4.064465885619122e-003	1.018335e+001	1.028518e-009
4.065465885619122e-003	1.018308e+001	1.028491e-009
4.066465885619122e-003	1.018282e+001	1.028465e-009
4.067465885619123e-003	1.018256e+001	1.028439e-009
4.068465885619122e-003	1.018230e+001	1.028412e-009
4.069465885619122e-003	1.018205e+001	1.028387e-009
4.070465885619122e-003	1.018179e+001	1.028361e-009
4.071465885619122e-003	1.018154e+001	1.028336e-009
4.072465885619122e-003	1.018129e+001	1.028310e-009
4.073465885619122e-003	1.018104e+001	1.028285e-009
4.074465885619123e-003	1.018080e+001	1.028261e-009
4.075465885619122e-003	1.018055e+001	1.028236e-009
4.076465885619122e-003	1.018031e+001	1.028211e-009
4.077465885619122e-003	1.018007e+001	1.028187e-009
4.078465885619122e-003	1.017983e+001	1.028163e-009
4.079465885619122e-003	1.017960e+001	1.028139e-009
4.080465885619122e-003	1.017936e+001	1.028115e-009
4.081465885619122e-003	1.017913e+001	1.028092e-009
4.082465885619122e-003	1.017890e+001	1.028068e-009
4.083465885619122e-003	1.017867e+001	1.028045e-009
4.084465885619122e-003	1.017844e+001	1.028022e-009
4.085465885619122e-003	1.017821e+001	1.027999e-009
4.086465885619122e-003	1.017798e+001	1.027976e-009
4.087465885619123e-003	1.017776e+001	1.027954e-009
4.088465885619122e-003	1.017754e+001	1.027931e-009
4.089465885619122e-003	1.017732e+001	1.027909e-009
4.090465885619122e-003	1.017710e+001	1.027887e-009
4.091465885619122e-003	1.017688e+001	1.027865e-009
4.092465885619122e-003	1.017666e+001	1.027843e-009
4.093465885619122e-003	1.017644e+001	1.027821e-009
4.094465885619122e-003	1.017623e+001	1.027799e-009
4.095465885619122e-003	1.017602e+001	1.027778e-009
4.096465885619122e-003	1.017580e+001	1.027756e-009
4.097465885619122e-003	1.017559e+001	1.027735e-009
4.098465885619122e-003	1.017538e+001	1.027714e-009
4.099465885619122e-003	1.017517e+001	1.027693e-009
4.100465885619123e-003	1.017497e+001	1.027672e-009
4.101465885619122e-003	1.017476e+001	1.027651e-009
4.102465885619122e-003	1.017455e+001	1.027630e-009
4.103465885619122e-003	1.017435e+001	1.027609e-009
4.104465885619122e-003	1.017415e+001	1.027589e-009
4.105465885619122e-003	1.017394e+001	1.027568e-009
4.106465885619122e-003	1.017374e+001	1.027548e-009
4.107465885619123e-003	1.017354e+001	1.027528e-009
4.108465885619122e-003	1.017334e+001	1.027508e-009
4.109465885619122e-003	1.017314e+001	1.027488e-009
4.110465885619122e-003	1.017295e+001	1.027468e-009
4.111465885619122e-003	1.017275e+001	1.027448e-009
4.112465885619122e-003	1.017255e+001	1.027428e-009
4.113465885619123e-003	1.017236e+001	1.027408e-009
4.114465885619122e-003	1.017216e+001	1.027389e-009
4.115465885619122e-003	1.017197e+001	1.027369e-009
4.116465885619122e-003	1.017178e+001	1.027349e-009
4.117465885619122e-003	1.017158e+001	1.027330e-009
4.118465885619122e-003	1.017139e+001	1.027311e-009
4.119465885619122e-003	1.017120e+001	1.027291e-009
4.120465885619123e-003	1.017101e+001	1.027272e-009
4.121465885619122e-003	1.017082e+001	1.027253e-009
4.122465885619122e-003	1.017063e+001	1.027234e-009
4.123465885619122e-003	1.017045e+001	1.027215e-009
4.124465885619122e-003	1.017026e+001	1.027196e-009
4.125465885619122e-003	1.017007e+001	1.027177e-009
4.126465885619123e-003	1.016988e+001	1.027158e-009
4.127465885619122e-003	1.016970e+001	1.027140e-009
4.128465885619122e-003	1.016951e+001	1.027121e-009
4.129465885619122e-003	1.016933e+001	1.027102e-009
4.130465885619122e-003	1.016915e+001	1.027084e-009
4.131465885619122e-003	1.016896e+001	1.027065e-009
4.132465885619122e-003	1.016878e+001	1.027047e-009
4.133465885619123e-003	1.016860e+001	1.027028e-009
4.134465885619122e-003	1.016842e+001	1.027010e-009
4.135465885619122e-003	1.016823e+001	1.026992e-009
4.136465885619122e-003	1.016805e+001	1.026973e-009
4.137465885619122e-003	1.016787e+001	1.026955e-009
4.138465885619122e-003	1.016769e+001	1.026937e-009
4.139465885619123e-003	1.016751e+001	1.026919e-009
4.140465885619122e-003	1.016733e+001	1.026901e-009
4.141465885619122e-003	1.016716e+001	1.026883e-009
4.142465885619122e-003	1.016698e+001	1.026865e-009
4.143465885619122e-003	1.016680e+001	1.026847e-009
4.144465885619122e-003	1.016662e+001	1.026829e-009
4.145465885619122e-003	1.016644e+001	1.026811e-009
4.146465885619123e-003	1.016627e+001	1.026793e-009
4.147465885619122e-003	1.016609e+001	1.026775e-009
4.148465885619122e-003	1.016592e+001	1.026758e-009
4.149465885619122e-003	1.016574e+001	1.026740e-009
4.150465885619122e-003	1.016557e+001	1.026722e-009
4.151465885619122e-003	1.016539e+001	1.026704e-009
4.152465885619123e-003	1.016522e+001	1.026687e-009
4.153465885619122e-003	1.016504e+001	1.026669e-009
4.154465885619122e-003	1.016487e+001	1.026652e-009
4.155465885619122e-003	1.016470e+001	1.026634e-009
4.156465885619122e-003	1.016452e+001	1.026617e-009
4.157465885619122e-003	1.016435e+001	1.026599e-009
4.158465885619122e-003	1.016418e+001	1.026582e-009
4.159465885619123e-003	1.016400e+001	1.026564e-009
4.160465885619122e-003	1.016383e+001	1.026547e-009
4.161465885619122e-003	1.016366e+001	1.026530e-009
4.162465885619122e-003	1.016349e+001	1.026512e-009
4.163465885619122e-003	1.016332e+001	1.026495e-009
4.164465885619122e-003	1.016315e+001	1.026478e-009
4.165465885619122e-003	1.016298e+001	1.026461e-009
4.166465885619122e-003	1.016281e+001	1.026443e-009
4.167465885619122e-003	1.016264e+001	1.026426e-009
4.168465885619122e-003	1.016247e+001	1.026409e-009
4.169465885619122e-003	1.016230e+001	1.026392e-009
4.170465885619122e-003	1.016213e+001	1.026375e-009
4.171465885619122e-003	1.016196e+001	1.026358e-009
4.172465885619123e-003	1.016179e+001	1.026341e-009
4.173465885619122e-003	1.016162e+001	1.026324e-009
4.174465885619122e-003	1.016145e+001	1.026307e-009
4.175465885619122e-003	1.016128e+001	1.026290e-009
4.176465885619122e-003	1.016112e+001	1.026273e-009
4.177465885619122e-003	1.016095e+001	1.026256e-009
4.178465885619122e-003	1.016078e+001	1.026239e-009
4.179465885619123e-003	1.016061e+001	1.026222e-009
4.180465885619122e-003	1.016045e+001	1.026205e-009
4.181465885619122e-003	1.016028e+001	1.026188e-009
4.183465885619122e-003	1.015994e+001	1.026154e-009
4.184465885619122e-003	1.015978e+001	1.026138e-009
4.185465885619123e-003	1.015961e+001	1.026121e-009
4.186465885619122e-003	1.015944e+001	1.026104e-009
4.187465885619122e-003	1.015928e+001	1.026087e-009
4.188465885619122e-003	1.015911e+001	1.026070e-009
4.189465885619122e-003	1.015895e+001	1.026054e-009
4.190465885619122e-003	1.015878e+001	1.026037e-009
4.191465885619122e-003	1.015862e+001	1.026020e-009
4.192465885619123e-003	1.015845e+001	1.026004e-009
4.193465885619122e-003	1.015829e+001	1.025987e-009
4.194465885619122e-003	1.015812e+001	1.025970e-009
4.195465885619122e-003	1.015796e+001	1.025954e-009
4.196465885619122e-003	1.015779e+001	1.025937e-009
4.197465885619122e-003	1.015763e+001	1.025920e-009
4.198465885619123e-003	1.015746e+001	1.025904e-009
4.199465885619122e-003	1.015730e+001	1.025887e-009
4.200465885619122e-003	1.015713e+001	1.025870e-009
4.201465885619122e-003	1.015697e+001	1.025854e-009
4.202465885619122e-003	1.015681e+001	1.025837e-009
4.203465885619122e-003	1.015664e+001	1.025821e-009
4.204465885619122e-003	1.015648e+001	1.025804e-009
4.205465885619123e-003	1.015631e+001	1.025788e-009
4.206465885619122e-003	1.015615e+001	1.025771e-009
4.207465885619122e-003	1.015599e+001	1.025755e-009
4.208465885619122e-003	1.015583e+001	1.025738e-009
4.209465885619122e-003	1.015566e+001	1.025722e-009
4.210465885619122e-003	1.015550e+001	1.025706e-009
4.211465885619123e-003	1.015534e+001	1.025689e-009
4.212465885619122e-003	1.015517e+001	1.025673e-009
4.213465885619122e-003	1.015501e+001	1.025656e-009
4.214465885619122e-003	1.015485e+001	1.025640e-009
4.215465885619122e-003	1.015469e+001	1.025623e-009
4.216465885619122e-003	1.015452e+001	1.025607e-009
4.217465885619122e-003	1.015436e+001	1.025591e-009
4.218465885619123e-003	1.015420e+001	1.025574e-009
4.219465885619122e-003	1.015404e+001	1.025558e-009
4.220465885619122e-003	1.015388e+001	1.025542e-009
4.221465885619122e-003	1.015372e+001	1.025525e-009
4.222465885619122e-003	1.015355e+001	1.025509e-009
4.223465885619122e-003	1.015339e+001	1.025493e-009
4.224465885619123e-003	1.015323e+001	1.025476e-009
4.225465885619122e-003	1.015307e+001	1.025460e-009
4.226465885619122e-003	1.015291e+001	1.025444e-009
4.227465885619122e-003	1.015275e+001	1.025427e-009
4.228465885619122e-003	1.015259e+001	1.025411e-009
4.229465885619122e-003	1.015242e+001	1.025395e-009
4.230465885619122e-003	1.015226e+001	1.025379e-009
4.231465885619123e-003	1.015210e+001	1.025362e-009
4.232465885619122e-003	1.015194e+001	1.025346e-009
4.233465885619122e-003	1.015178e+001	1.025330e-009
4.234465885619122e-003	1.015162e+001	1.025314e-009
4.235465885619122e-003	1.015146e+001	1.025297e-009
4.236465885619122e-003	1.015130e+001	1.025281e-009
4.237465885619123e-003	1.015114e+001	1.025265e-009
4.238465885619122e-003	1.015098e+001	1.025249e-009
4.239465885619122e-003	1.015082e+001	1.025233e-009
4.240465885619122e-003	1.015066e+001	1.025217e-009
4.241465885619122e-003	1.015050e+001	1.025200e-009
4.242465885619122e-003	1.015034e+001	1.025184e-009
4.243465885619122e-003	1.015018e+001	1.025168e-009
4.244465885619123e-003	1.015002e+001	1.025152e-009
4.245465885619122e-003	1.014986e+001	1.025136e-009
4.246465885619122e-003	1.014970e+001	1.025120e-009
4.247465885619122e-003	1.014954e+001	1.025104e-009
4.248465885619122e-003	1.014938e+001	1.025087e-009
4.249465885619122e-003	1.014922e+001	1.025071e-009
4.250465885619123e-003	1.014906e+001	1.025055e-009
4.251465885619122e-003	1.014890e+001	1.025039e-009
4.252465885619122e-003	1.014874e+001	1.025023e-009
4.253465885619122e-003	1.014858e+001	1.025007e-009
4.254465885619122e-003	1.014843e+001	1.024991e-009
4.256465885619122e-003	1.014811e+001	1.024959e-009
4.257465885619123e-003	1.014795e+001	1.024943e-009
4.258465885619122e-003	1.014779e+001	1.024927e-009
4.259465885619122e-003	1.014763e+001	1.024911e-009
4.260465885619122e-003	1.014747e+001	1.024895e-009
4.261465885619122e-003	1.014731e+001	1.024879e-009
4.262465885619122e-003	1.014716e+001	1.024863e-009
4.263465885619122e-003	1.014700e+001	1.024847e-009
4.264465885619123e-003	1.014684e+001	1.024831e-009
4.265465885619122e-003	1.014668e+001	1.024815e-009
4.266465885619122e-003	1.014652e+001	1.024799e-009
4.268465885619122e-003	1.014621e+001	1.024767e-009
4.269465885619122e-003	1.014605e+001	1.024751e-009
4.270465885619123e-003	1.014589e+001	1.024735e-009
4.271465885619122e-003	1.014573e+001	1.024719e-009
4.272465885619122e-003	1.014557e+001	1.024703e-009
4.273465885619122e-003	1.014542e+001	1.024687e-009
4.274465885619122e-003	1.014526e+001	1.024671e-009
4.275465885619122e-003	1.014510e+001	1.024655e-009
4.276465885619122e-003	1.014494e+001	1.024639e-009
4.277465885619123e-003	1.014479e+001	1.024623e-009
4.278465885619122e-003	1.014463e+001	1.024608e-009
4.280465885619122e-003	1.014431e+001	1.024576e-009
4.281465885619122e-003	1.014416e+001	1.024560e-009
4.282465885619122e-003	1.014400e+001	1.024544e-009
4.283465885619123e-003	1.014384e+001	1.024528e-009
4.284465885619122e-003	1.014368e+001	1.024512e-009
4.285465885619122e-003	1.014353e+001	1.024496e-009
4.286465885619122e-003	1.014337e+001	1.024481e-009
4.287465885619122e-003	1.014321e+001	1.024465e-009
4.288465885619122e-003	1.014306e+001	1.024449e-009
4.289465885619122e-003	1.014290e+001	1.024433e-009
4.290465885619123e-003	1.014274e+001	1.024417e-009
4.292465885619122e-003	1.014243e+001	1.024385e-009
4.293465885619122e-003	1.014227e+001	1.024370e-009
4.294465885619122e-003	1.014212e+001	1.024354e-009
4.295465885619122e-003	1.014196e+001	1.024338e-009
4.296465885619123e-003	1.014180e+001	1.024322e-009
4.297465885619122e-003	1.014165e+001	1.024306e-009
4.298465885619122e-003	1.014149e+001	1.024291e-009
4.299465885619122e-003	1.014134e+001	1.024275e-009
4.300465885619122e-003	1.014118e+001	1.024259e-009
4.301465885619122e-003	1.014102e+001	1.024243e-009
4.302465885619122e-003	1.014087e+001	1.024228e-009
4.305465885619122e-003	1.014040e+001	1.024180e-009
4.306465885619122e-003	1.014024e+001	1.024165e-009
4.307465885619122e-003	1.014009e+001	1.024149e-009
4.308465885619122e-003	1.013993e+001	1.024133e-009
4.309465885619123e-003	1.013978e+001	1.024117e-009
4.310465885619122e-003	1.013962e+001	1.024102e-009
4.311465885619122e-003	1.013947e+001	1.024086e-009
4.312465885619122e-003	1.013931e+001	1.024070e-009
4.313465885619122e-003	1.013915e+001	1.024055e-009
4.314465885619122e-003	1.013900e+001	1.024039e-009
4.317465885619122e-003	1.013853e+001	1.023992e-009
4.318465885619122e-003	1.013838e+001	1.023976e-009
4.319465885619122e-003	1.013822e+001	1.023960e-009
4.320465885619122e-003	1.013807e+001	1.023945e-009
4.321465885619122e-003	1.013791e+001	1.023929e-009
4.322465885619123e-003	1.013776e+001	1.023914e-009
4.323465885619122e-003	1.013760e+001	1.023898e-009
4.324465885619122e-003	1.013745e+001	1.023882e-009
4.325465885619122e-003	1.013729e+001	1.023867e-009
4.326465885619122e-003	1.013714e+001	1.023851e-009
4.329465885619123e-003	1.013667e+001	1.023804e-009
4.330465885619122e-003	1.013652e+001	1.023788e-009
4.331465885619122e-003	1.013636e+001	1.023773e-009
4.332465885619122e-003	1.013621e+001	1.023757e-009
4.333465885619122e-003	1.013606e+001	1.023742e-009
4.334465885619122e-003	1.013590e+001	1.023726e-009
4.335465885619123e-003	1.013575e+001	1.023711e-009
4.336465885619123e-003	1.013559e+001	1.023695e-009
4.337465885619122e-003	1.013544e+001	1.023679e-009
4.338465885619122e-003	1.013529e+001	1.023664e-009
4.340465885619122e-003	1.013498e+001	1.023633e-009
4.341465885619122e-003	1.013482e+001	1.023617e-009
4.342465885619123e-003	1.013467e+001	1.023602e-009
4.343465885619122e-003	1.013452e+001	1.023586e-009
4.344465885619122e-003	1.013436e+001	1.023571e-009
4.345465885619122e-003	1.013421e+001	1.023555e-009
4.346465885619122e-003	1.013405e+001	1.023539e-009
4.347465885619122e-003	1.013390e+001	1.023524e-009
4.348465885619123e-003	1.013375e+001	1.023509e-009
4.349465885619123e-003	1.013359e+001	1.023493e-009
4.350465885619122e-003	1.013344e+001	1.023478e-009
4.352465885619122e-003	1.013313e+001	1.023446e-009
4.354465885619122e-003	1.013283e+001	1.023416e-009
4.355465885619123e-003	1.013267e+001	1.023400e-009
4.356465885619122e-003	1.013252e+001	1.023385e-009
4.357465885619122e-003	1.013237e+001	1.023369e-009
4.358465885619122e-003	1.013221e+001	1.023354e-009
4.359465885619122e-003	1.013206e+001	1.023338e-009
4.360465885619122e-003	1.013191e+001	1.023323e-009
4.361465885619122e-003	1.013176e+001	1.023307e-009
4.362465885619123e-003	1.013160e+001	1.023292e-009
4.364465885619122e-003	1.013130e+001	1.023261e-009
4.366465885619122e-003	1.013099e+001	1.023230e-009
4.367465885619122e-003	1.013084e+001	1.023215e-009
4.368465885619123e-003	1.013069e+001	1.023199e-009
4.369465885619122e-003	1.013054e+001	1.023184e-009
4.370465885619122e-003	1.013038e+001	1.023169e-009
4.371465885619122e-003	1.013023e+001	1.023153e-009
4.372465885619122e-003	1.013008e+001	1.023138e-009
4.373465885619122e-003	1.012992e+001	1.023122e-009
4.374465885619122e-003	1.012977e+001	1.023107e-009
4.376465885619122e-003	1.012947e+001	1.023076e-009
4.378465885619122e-003	1.012916e+001	1.023046e-009
4.379465885619122e-003	1.012901e+001	1.023030e-009
4.380465885619122e-003	1.012886e+001	1.023015e-009
4.381465885619123e-003	1.012871e+001	1.023000e-009
4.382465885619122e-003	1.012856e+001	1.022984e-009
4.383465885619122e-003	1.012841e+001	1.022969e-009
4.384465885619122e-003	1.012825e+001	1.022954e-009
4.385465885619122e-003	1.012810e+001	1.022938e-009
4.386465885619122e-003	1.012795e+001	1.022923e-009
4.388465885619123e-003	1.012765e+001	1.022892e-009
4.390465885619122e-003	1.012734e+001	1.022862e-009
4.391465885619122e-003	1.012719e+001	1.022846e-009
4.392465885619122e-003	1.012704e+001	1.022831e-009
4.393465885619122e-003	1.012689e+001	1.022816e-009
4.394465885619123e-003	1.012674e+001	1.022801e-009
4.395465885619122e-003	1.012659e+001	1.022785e-009
4.396465885619122e-003	1.012644e+001	1.022770e-009
4.397465885619122e-003	1.012629e+001	1.022755e-009
4.399465885619122e-003	1.012598e+001	1.022724e-009
4.400180171333408e-003	1.012588e+001	1.022714e-009
4.400894457047694e-003	1.012577e+001	1.022703e-009
4.401608742761979e-003	1.012566e+001	1.022692e-009
4.402323028476265e-003	1.012555e+001	1.022681e-009
4.403037314190551e-003	1.012545e+001	1.022670e-009
4.403751599904837e-003	1.012534e+001	1.022659e-009
4.404465885619122e-003	1.012523e+001	1.022648e-009
4.405465885619122e-003	1.012508e+001	1.022633e-009
4.406465885619122e-003	1.012493e+001	1.022618e-009
4.407465885619123e-003	1.012478e+001	1.022603e-009
4.408465885619123e-003	1.012463e+001	1.022587e-009
4.409465885619122e-003	1.012448e+001	1.022572e-009
4.411465885619122e-003	1.012418e+001	1.022542e-009
4.412180171333408e-003	1.012407e+001	1.022531e-009
4.412894457047694e-003	1.012396e+001	1.022520e-009
4.413608742761979e-003	1.012386e+001	1.022509e-009
4.414323028476265e-003	1.012375e+001	1.022499e-009
4.415037314190550e-003	1.012364e+001	1.022488e-009
4.415751599904837e-003	1.012353e+001	1.022477e-009
4.416465885619122e-003	1.012343e+001	1.022466e-009
4.417465885619122e-003	1.012328e+001	1.022451e-009
4.418465885619122e-003	1.012313e+001	1.022436e-009
4.419465885619122e-003	1.012298e+001	1.022421e-009
4.420465885619123e-003	1.012283e+001	1.022406e-009
4.422465885619122e-003	1.012253e+001	1.022375e-009
4.423323028476265e-003	1.012240e+001	1.022362e-009
4.424180171333407e-003	1.012227e+001	1.022349e-009
4.425037314190550e-003	1.012214e+001	1.022336e-009
4.425894457047694e-003	1.012201e+001	1.022324e-009
4.426751599904836e-003	1.012189e+001	1.022311e-009
4.427608742761979e-003	1.012176e+001	1.022298e-009
4.428465885619122e-003	1.012163e+001	1.022285e-009
4.430465885619122e-003	1.012133e+001	1.022255e-009
4.432465885619122e-003	1.012103e+001	1.022224e-009
4.434465885619123e-003	1.012074e+001	1.022194e-009
4.440465885619123e-003	1.011984e+001	1.022104e-009
4.442465885619122e-003	1.011954e+001	1.022074e-009
4.444465885619122e-003	1.011925e+001	1.022044e-009
4.446465885619122e-003	1.011895e+001	1.022014e-009
4.447465885619123e-003	1.011880e+001	1.021999e-009
4.448465885619123e-003	1.011865e+001	1.021984e-009
4.449465885619123e-003	1.011850e+001	1.021969e-009
4.450465885619122e-003	1.011836e+001	1.021954e-009
4.451465885619122e-003	1.011821e+001	1.021939e-009
4.452465885619122e-003	1.011806e+001	1.021924e-009
4.453465885619123e-003	1.011791e+001	1.021909e-009
4.455465885619122e-003	1.011761e+001	1.021879e-009
4.457465885619122e-003	1.011732e+001	1.021849e-009
4.460465885619123e-003	1.011688e+001	1.021804e-009
4.461608742761979e-003	1.011671e+001	1.021787e-009
4.462751599904837e-003	1.011654e+001	1.021770e-009
4.463894457047694e-003	1.011637e+001	1.021753e-009
4.465037314190551e-003	1.011620e+001	1.021736e-009
4.466180171333408e-003	1.011603e+001	1.021719e-009
4.467323028476265e-003	1.011586e+001	1.021702e-009
4.468465885619122e-003	1.011569e+001	1.021685e-009
4.471465885619122e-003	1.011525e+001	1.021641e-009
4.472608742761980e-003	1.011508e+001	1.021624e-009
4.473751599904837e-003	1.011492e+001	1.021607e-009
4.474894457047694e-003	1.011475e+001	1.021590e-009
4.476037314190551e-003	1.011458e+001	1.021573e-009
4.477180171333408e-003	1.011441e+001	1.021556e-009
4.478323028476265e-003	1.011424e+001	1.021539e-009
4.479465885619123e-003	1.011408e+001	1.021522e-009
4.482465885619122e-003	1.011364e+001	1.021477e-009
4.483608742761980e-003	1.011347e+001	1.021460e-009
4.484751599904836e-003	1.011330e+001	1.021443e-009
4.485894457047694e-003	1.011313e+001	1.021427e-009
4.487037314190551e-003	1.011297e+001	1.021410e-009
4.488180171333408e-003	1.011280e+001	1.021393e-009
4.489323028476265e-003	1.011263e+001	1.021376e-009
4.490465885619122e-003	1.011246e+001	1.021359e-009
4.493465885619123e-003	1.011203e+001	1.021315e-009
4.494751599904837e-003	1.011184e+001	1.021296e-009
4.496037314190551e-003	1.011165e+001	1.021277e-009
4.497323028476265e-003	1.011146e+001	1.021258e-009
4.498608742761980e-003	1.011128e+001	1.021239e-009
4.499894457047694e-003	1.011109e+001	1.021220e-009
4.501180171333408e-003	1.011090e+001	1.021201e-009
4.502465885619122e-003	1.011071e+001	1.021182e-009
4.505465885619123e-003	1.011028e+001	1.021138e-009
4.506751599904837e-003	1.011009e+001	1.021119e-009
4.508037314190551e-003	1.010990e+001	1.021100e-009
4.509323028476265e-003	1.010972e+001	1.021081e-009
4.510608742761980e-003	1.010953e+001	1.021062e-009
4.511894457047694e-003	1.010934e+001	1.021044e-009
4.513180171333408e-003	1.010916e+001	1.021025e-009
4.514465885619122e-003	1.010897e+001	1.021006e-009
4.517465885619122e-003	1.010853e+001	1.020962e-009
4.518894457047694e-003	1.010833e+001	1.020941e-009
4.520323028476265e-003	1.010812e+001	1.020920e-009
4.521751599904837e-003	1.010791e+001	1.020899e-009
4.523180171333407e-003	1.010771e+001	1.020878e-009
4.524608742761979e-003	1.010750e+001	1.020858e-009
4.526037314190550e-003	1.010729e+001	1.020837e-009
4.527465885619122e-003	1.010709e+001	1.020816e-009
4.529037314190551e-003	1.010686e+001	1.020793e-009
4.530608742761979e-003	1.010663e+001	1.020770e-009
4.532180171333408e-003	1.010641e+001	1.020747e-009
4.533751599904837e-003	1.010618e+001	1.020724e-009
4.535323028476266e-003	1.010596e+001	1.020702e-009
4.536894457047694e-003	1.010573e+001	1.020679e-009
4.538465885619123e-003	1.010550e+001	1.020656e-009
4.540180171333408e-003	1.010526e+001	1.020631e-009
4.541894457047694e-003	1.010501e+001	1.020606e-009
4.543608742761980e-003	1.010476e+001	1.020581e-009
4.545323028476265e-003	1.010452e+001	1.020556e-009
4.547037314190551e-003	1.010427e+001	1.020531e-009
4.548751599904837e-003	1.010403e+001	1.020507e-009
4.550465885619122e-003	1.010378e+001	1.020482e-009
4.552180171333408e-003	1.010353e+001	1.020457e-009
4.553894457047694e-003	1.010329e+001	1.020432e-009
4.555608742761980e-003	1.010304e+001	1.020407e-009
4.557323028476265e-003	1.010280e+001	1.020383e-009
4.559037314190551e-003	1.010255e+001	1.020358e-009
4.560751599904837e-003	1.010231e+001	1.020333e-009
4.562465885619122e-003	1.010206e+001	1.020309e-009
4.564323028476265e-003	1.010180e+001	1.020282e-009
4.566180171333408e-003	1.010153e+001	1.020255e-009
4.568037314190551e-003	1.010127e+001	1.020228e-009
4.569894457047694e-003	1.010101e+001	1.020202e-009
4.571751599904837e-003	1.010074e+001	1.020175e-009
4.573608742761979e-003	1.010048e+001	1.020148e-009
4.575465885619122e-003	1.010021e+001	1.020122e-009
4.577465885619123e-003	1.009993e+001	1.020093e-009
4.579465885619122e-003	1.009965e+001	1.020064e-009
4.581465885619122e-003	1.009936e+001	1.020036e-009
4.583465885619122e-003	1.009908e+001	1.020007e-009
4.585465885619123e-003	1.009880e+001	1.019978e-009
4.587465885619122e-003	1.009851e+001	1.019950e-009
4.589465885619122e-003	1.009823e+001	1.019921e-009
4.591751599904837e-003	1.009791e+001	1.019889e-009
4.594037314190551e-003	1.009758e+001	1.019856e-009
4.596323028476265e-003	1.009726e+001	1.019824e-009
4.598608742761979e-003	1.009694e+001	1.019791e-009
4.600894457047693e-003	1.009662e+001	1.019758e-009
4.603180171333408e-003	1.009630e+001	1.019726e-009
4.605465885619122e-003	1.009598e+001	1.019694e-009
4.608323028476265e-003	1.009557e+001	1.019653e-009
4.611180171333408e-003	1.009517e+001	1.019612e-009
4.614037314190551e-003	1.009477e+001	1.019572e-009
4.616894457047693e-003	1.009437e+001	1.019532e-009
4.619751599904836e-003	1.009397e+001	1.019491e-009
4.622608742761979e-003	1.009357e+001	1.019451e-009
4.625465885619122e-003	1.009317e+001	1.019411e-009
4.629323028476265e-003	1.009264e+001	1.019356e-009
4.633180171333407e-003	1.009210e+001	1.019302e-009
4.637037314190550e-003	1.009156e+001	1.019248e-009
4.640894457047694e-003	1.009103e+001	1.019194e-009
4.644751599904837e-003	1.009049e+001	1.019140e-009
4.648608742761979e-003	1.008996e+001	1.019086e-009
4.652465885619122e-003	1.008942e+001	1.019032e-009
4.656465885619122e-003	1.008887e+001	1.018976e-009
4.660465885619122e-003	1.008832e+001	1.018920e-009
4.664465885619122e-003	1.008777e+001	1.018864e-009
4.668465885619122e-003	1.008722e+001	1.018809e-009
4.672465885619122e-003	1.008667e+001	1.018753e-009
4.676465885619123e-003	1.008612e+001	1.018698e-009
4.680465885619122e-003	1.008557e+001	1.018643e-009
4.688323028476265e-003	1.008450e+001	1.018534e-009
4.696180171333408e-003	1.008342e+001	1.018426e-009
4.704037314190551e-003	1.008235e+001	1.018318e-009
4.711894457047694e-003	1.008129e+001	1.018210e-009
4.719751599904837e-003	1.008023e+001	1.018103e-009
4.727608742761980e-003	1.007917e+001	1.017996e-009
4.735465885619123e-003	1.007811e+001	1.017889e-009
4.741894457047694e-003	1.007725e+001	1.017802e-009
4.748323028476265e-003	1.007638e+001	1.017715e-009
4.754751599904837e-003	1.007552e+001	1.017628e-009
4.761180171333409e-003	1.007467e+001	1.017541e-009
4.767608742761980e-003	1.007381e+001	1.017455e-009
4.774037314190551e-003	1.007296e+001	1.017369e-009
4.780465885619123e-003	1.007211e+001	1.017283e-009
4.786037314190551e-003	1.007137e+001	1.017208e-009
4.791608742761980e-003	1.007064e+001	1.017134e-009
4.797180171333408e-003	1.006990e+001	1.017060e-009
4.802751599904837e-003	1.006917e+001	1.016986e-009
4.808323028476265e-003	1.006844e+001	1.016912e-009
4.813894457047694e-003	1.006771e+001	1.016838e-009
4.819465885619123e-003	1.006698e+001	1.016765e-009
4.824180171333408e-003	1.006636e+001	1.016703e-009
4.828894457047694e-003	1.006575e+001	1.016641e-009
4.833608742761980e-003	1.006514e+001	1.016579e-009
4.838323028476265e-003	1.006452e+001	1.016517e-009
4.843037314190551e-003	1.006391e+001	1.016455e-009
4.847751599904837e-003	1.006330e+001	1.016393e-009
4.852465885619123e-003	1.006269e+001	1.016332e-009
4.856180171333408e-003	1.006221e+001	1.016283e-009
4.859894457047694e-003	1.006173e+001	1.016235e-009
4.863608742761980e-003	1.006125e+001	1.016187e-009
4.867323028476265e-003	1.006078e+001	1.016138e-009
4.871037314190551e-003	1.006030e+001	1.016090e-009
4.874751599904837e-003	1.005982e+001	1.016042e-009
4.878465885619123e-003	1.005934e+001	1.015994e-009
4.879465885619123e-003	1.005922e+001	1.015981e-009
4.883608742761980e-003	1.005868e+001	1.015927e-009
4.887751599904837e-003	1.005815e+001	1.015874e-009
4.891894457047694e-003	1.005762e+001	1.015820e-009
4.896037314190551e-003	1.005710e+001	1.015767e-009
4.900180171333408e-003	1.005657e+001	1.015713e-009
4.904323028476265e-003	1.005604e+001	1.015660e-009
4.908465885619122e-003	1.005551e+001	1.015606e-009
4.912608742761979e-003	1.005498e+001	1.015553e-009
4.916751599904836e-003	1.005446e+001	1.015500e-009
4.920894457047693e-003	1.005393e+001	1.015447e-009
4.925037314190551e-003	1.005340e+001	1.015394e-009
4.929180171333408e-003	1.005288e+001	1.015340e-009
4.933323028476266e-003	1.005235e+001	1.015287e-009
4.937465885619123e-003	1.005183e+001	1.015234e-009
4.939465885619122e-003	1.005157e+001	1.015209e-009
4.941465885619122e-003	1.005132e+001	1.015183e-009
4.943465885619123e-003	1.005106e+001	1.015158e-009
4.945465885619122e-003	1.005081e+001	1.015132e-009
4.947465885619122e-003	1.005056e+001	1.015106e-009
4.949465885619122e-003	1.005030e+001	1.015081e-009
4.951465885619123e-003	1.005005e+001	1.015055e-009
4.953465885619122e-003	1.004980e+001	1.015030e-009
4.955465885619122e-003	1.004955e+001	1.015004e-009
4.957465885619123e-003	1.004929e+001	1.014979e-009
4.959465885619122e-003	1.004904e+001	1.014953e-009
4.961465885619122e-003	1.004879e+001	1.014927e-009
4.963465885619123e-003	1.004853e+001	1.014902e-009
4.965465885619122e-003	1.004828e+001	1.014876e-009
4.968465885619122e-003	1.004790e+001	1.014838e-009
4.971465885619122e-003	1.004752e+001	1.014800e-009
4.973751599904836e-003	1.004723e+001	1.014770e-009
4.976037314190550e-003	1.004694e+001	1.014741e-009
4.978323028476265e-003	1.004666e+001	1.014712e-009
4.980608742761980e-003	1.004637e+001	1.014683e-009
4.982894457047694e-003	1.004608e+001	1.014654e-009
4.985180171333408e-003	1.004579e+001	1.014625e-009
4.987465885619122e-003	1.004550e+001	1.014596e-009
4.997465885619122e-003	1.004424e+001	1.014468e-009
4.999000000000000e-003	1.004405e+001	1.014449e-009
5.000000000000000e-003	1.004392e+001	1.014436e-009
5.011714285714286e-003	1.004244e+001	1.014287e-009
5.023428571428571e-003	1.004097e+001	1.014138e-009
5.035142857142857e-003	1.003950e+001	1.013989e-009
5.046857142857143e-003	1.003802e+001	1.013840e-009
5.058571428571429e-003	1.003656e+001	1.013692e-009
5.070285714285714e-003	1.003509e+001	1.013544e-009
5.082000000000000e-003	1.003362e+001	1.013396e-009
5.089857142857143e-003	1.003264e+001	1.013297e-009
5.097714285714285e-003	1.003166e+001	1.013197e-009
5.105571428571428e-003	1.003068e+001	1.013099e-009
5.113428571428572e-003	1.002970e+001	1.013000e-009
5.121285714285715e-003	1.002872e+001	1.012901e-009
5.129142857142857e-003	1.002775e+001	1.012802e-009
5.137000000000000e-003	1.002677e+001	1.012704e-009
5.139000000000000e-003	1.002652e+001	1.012679e-009
5.141000000000000e-003	1.002627e+001	1.012654e-009
5.143000000000000e-003	1.002603e+001	1.012629e-009
5.145000000000000e-003	1.002578e+001	1.012604e-009
5.147000000000001e-003	1.002553e+001	1.012579e-009
5.149000000000000e-003	1.002528e+001	1.012554e-009
5.151000000000000e-003	1.002504e+001	1.012529e-009
5.153000000000000e-003	1.002479e+001	1.012504e-009
5.155000000000000e-003	1.002454e+001	1.012479e-009
5.156000000000000e-003	1.002442e+001	1.012466e-009
5.157000000000000e-003	1.002430e+001	1.012454e-009
5.158000000000000e-003	1.002417e+001	1.012441e-009
5.159000000000000e-003	1.002405e+001	1.012429e-009
5.160000000000000e-003	1.002393e+001	1.012417e-009
5.161000000000000e-003	1.002380e+001	1.012404e-009
5.162000000000000e-003	1.002368e+001	1.012392e-009
5.163000000000000e-003	1.002356e+001	1.012379e-009
5.164000000000000e-003	1.002343e+001	1.012367e-009
5.165000000000000e-003	1.002331e+001	1.012354e-009
5.166000000000001e-003	1.002319e+001	1.012342e-009
5.167000000000000e-003	1.002307e+001	1.012330e-009
5.168000000000000e-003	1.002294e+001	1.012317e-009
5.169000000000000e-003	1.002282e+001	1.012305e-009
5.170000000000000e-003	1.002270e+001	1.012293e-009
5.171000000000000e-003	1.002258e+001	1.012280e-009
5.172000000000000e-003	1.002246e+001	1.012268e-009
5.173000000000000e-003	1.002234e+001	1.012256e-009
5.174000000000000e-003	1.002222e+001	1.012244e-009
5.175000000000000e-003	1.002210e+001	1.012232e-009
5.176000000000000e-003	1.002199e+001	1.012221e-009
5.177000000000000e-003	1.002187e+001	1.012209e-009
5.178000000000000e-003	1.002176e+001	1.012198e-009
5.179000000000000e-003	1.002166e+001	1.012188e-009
5.180000000000000e-003	1.002156e+001	1.012178e-009
5.181000000000000e-003	1.002147e+001	1.012168e-009
5.182000000000000e-003	1.002139e+001	1.012160e-009
5.183000000000000e-003	1.002132e+001	1.012153e-009
5.184000000000000e-003	1.002126e+001	1.012148e-009
5.185000000000000e-003	1.002123e+001	1.012144e-009
5.186000000000000e-003	1.002122e+001	1.012143e-009
5.187000000000000e-003	1.002123e+001	1.012144e-009
5.188000000000000e-003	1.002127e+001	1.012148e-009
5.189000000000000e-003	1.002133e+001	1.012155e-009
5.190000000000000e-003	1.002142e+001	1.012164e-009
5.191000000000000e-003	1.002153e+001	1.012174e-009
5.192000000000000e-003	1.002164e+001	1.012186e-009
5.193000000000000e-003	1.002176e+001	1.012198e-009
5.194000000000000e-003	1.002187e+001	1.012209e-009
5.195000000000000e-003	1.002197e+001	1.012219e-009
5.196000000000000e-003	1.002205e+001	1.012227e-009
5.197000000000000e-003	1.002211e+001	1.012234e-009
5.198000000000000e-003	1.002216e+001	1.012238e-009
5.199000000000000e-003	1.002219e+001	1.012241e-009
5.200000000000000e-003	1.002221e+001	1.012243e-009
5.201000000000000e-003	1.002221e+001	1.012243e-009
5.202000000000000e-003	1.002220e+001	1.012242e-009
5.203000000000000e-003	1.002218e+001	1.012240e-009
5.204000000000000e-003	1.002215e+001	1.012237e-009
5.205000000000000e-003	1.002212e+001	1.012234e-009
5.206000000000000e-003	1.002208e+001	1.012230e-009
5.207000000000000e-003	1.002203e+001	1.012225e-009
5.208000000000000e-003	1.002199e+001	1.012221e-009
5.209000000000000e-003	1.002193e+001	1.012215e-009
5.210000000000000e-003	1.002188e+001	1.012210e-009
5.211000000000000e-003	1.002183e+001	1.012205e-009
5.212000000000000e-003	1.002177e+001	1.012199e-009
5.213000000000000e-003	1.002171e+001	1.012193e-009
5.214000000000000e-003	1.002165e+001	1.012187e-009
5.215000000000000e-003	1.002159e+001	1.012181e-009
5.216000000000000e-003	1.002153e+001	1.012175e-009
5.217000000000000e-003	1.002147e+001	1.012168e-009
5.218000000000000e-003	1.002141e+001	1.012162e-009
5.219000000000000e-003	1.002134e+001	1.012156e-009
5.220000000000000e-003	1.002128e+001	1.012149e-009
5.221000000000000e-003	1.002122e+001	1.012143e-009
5.222000000000000e-003	1.002115e+001	1.012136e-009
5.223000000000000e-003	1.002109e+001	1.012130e-009
5.224000000000000e-003	1.002102e+001	1.012123e-009
5.225000000000000e-003	1.002096e+001	1.012117e-009
5.226000000000000e-003	1.002090e+001	1.012110e-009
5.227000000000000e-003	1.002083e+001	1.012104e-009
5.228000000000000e-003	1.002077e+001	1.012097e-009
5.229000000000000e-003	1.002070e+001	1.012091e-009
5.230000000000000e-003	1.002064e+001	1.012085e-009
5.231000000000000e-003	1.002058e+001	1.012078e-009
5.232000000000000e-003	1.002051e+001	1.012072e-009
5.233000000000000e-003	1.002045e+001	1.012066e-009
5.234000000000000e-003	1.002039e+001	1.012059e-009
5.235000000000000e-003	1.002033e+001	1.012053e-009
5.236000000000000e-003	1.002027e+001	1.012047e-009
5.237000000000000e-003	1.002021e+001	1.012041e-009
5.238000000000001e-003	1.002015e+001	1.012035e-009
5.239000000000000e-003	1.002009e+001	1.012029e-009
5.240000000000000e-003	1.002003e+001	1.012023e-009
5.241000000000000e-003	1.001997e+001	1.012017e-009
5.242000000000000e-003	1.001991e+001	1.012011e-009
5.243000000000000e-003	1.001985e+001	1.012005e-009
5.244000000000000e-003	1.001979e+001	1.011999e-009
5.245000000000000e-003	1.001974e+001	1.011993e-009
5.246000000000000e-003	1.001968e+001	1.011987e-009
5.247000000000000e-003	1.001962e+001	1.011982e-009
5.248000000000000e-003	1.001957e+001	1.011976e-009
5.249000000000000e-003	1.001951e+001	1.011971e-009
5.250000000000000e-003	1.001946e+001	1.011965e-009
5.251000000000001e-003	1.001940e+001	1.011960e-009
5.252000000000000e-003	1.001935e+001	1.011954e-009
5.253000000000000e-003	1.001929e+001	1.011949e-009
5.254000000000000e-003	1.001924e+001	1.011943e-009
5.255000000000000e-003	1.001919e+001	1.011938e-009
5.256000000000000e-003	1.001914e+001	1.011933e-009
5.257000000000000e-003	1.001908e+001	1.011927e-009
5.258000000000000e-003	1.001903e+001	1.011922e-009
5.259000000000000e-003	1.001898e+001	1.011917e-009
5.260000000000000e-003	1.001893e+001	1.011912e-009
5.261000000000000e-003	1.001888e+001	1.011907e-009
5.262000000000000e-003	1.001883e+001	1.011901e-009
5.263000000000000e-003	1.001878e+001	1.011896e-009
5.264000000000000e-003	1.001873e+001	1.011891e-009
5.265000000000000e-003	1.001868e+001	1.011886e-009
5.266000000000000e-003	1.001863e+001	1.011881e-009
5.267000000000000e-003	1.001858e+001	1.011876e-009
5.268000000000000e-003	1.001853e+001	1.011871e-009
5.269000000000000e-003	1.001848e+001	1.011866e-009
5.270000000000000e-003	1.001843e+001	1.011861e-009
5.271000000000000e-003	1.001838e+001	1.011856e-009
5.272000000000000e-003	1.001833e+001	1.011851e-009
5.273000000000000e-003	1.001828e+001	1.011846e-009
5.275000000000000e-003	1.001818e+001	1.011836e-009
5.277000000000000e-003	1.001808e+001	1.011827e-009
5.279000000000000e-003	1.001799e+001	1.011817e-009
5.281000000000000e-003	1.001789e+001	1.011807e-009
5.283000000000000e-003	1.001779e+001	1.011797e-009
5.284000000000000e-003	1.001775e+001	1.011792e-009
5.285000000000000e-003	1.001770e+001	1.011787e-009
5.287000000000000e-003	1.001760e+001	1.011778e-009
5.289000000000000e-003	1.001751e+001	1.011768e-009
5.291000000000000e-003	1.001741e+001	1.011758e-009
5.293000000000000e-003	1.001731e+001	1.011749e-009
5.296000000000000e-003	1.001717e+001	1.011734e-009
5.299000000000000e-003	1.001703e+001	1.011720e-009
5.302000000000000e-003	1.001689e+001	1.011706e-009
5.304142857142857e-003	1.001679e+001	1.011696e-009
5.306285714285715e-003	1.001669e+001	1.011686e-009
5.308428571428572e-003	1.001659e+001	1.011676e-009
5.310571428571428e-003	1.001649e+001	1.011666e-009
5.312714285714285e-003	1.001640e+001	1.011656e-009
5.314857142857143e-003	1.001630e+001	1.011646e-009
5.317000000000000e-003	1.001620e+001	1.011636e-009
5.319571428571429e-003	1.001609e+001	1.011625e-009
5.322142857142857e-003	1.001597e+001	1.011613e-009
5.324714285714286e-003	1.001586e+001	1.011602e-009
5.327285714285714e-003	1.001574e+001	1.011590e-009
5.329857142857143e-003	1.001563e+001	1.011579e-009
5.332428571428571e-003	1.001552e+001	1.011567e-009
5.335000000000000e-003	1.001541e+001	1.011556e-009
5.338857142857144e-003	1.001524e+001	1.011539e-009
5.342714285714286e-003	1.001508e+001	1.011523e-009
5.346571428571429e-003	1.001491e+001	1.011506e-009
5.350428571428572e-003	1.001475e+001	1.011490e-009
5.354285714285715e-003	1.001459e+001	1.011474e-009
5.358142857142857e-003	1.001443e+001	1.011458e-009
5.362000000000000e-003	1.001427e+001	1.011442e-009
5.365714285714286e-003	1.001412e+001	1.011426e-009
5.369428571428572e-003	1.001397e+001	1.011411e-009
5.373142857142858e-003	1.001383e+001	1.011397e-009
5.376857142857143e-003	1.001368e+001	1.011382e-009
5.380571428571429e-003	1.001353e+001	1.011367e-009
5.384285714285715e-003	1.001339e+001	1.011352e-009
5.388000000000000e-003	1.001325e+001	1.011338e-009
5.402428571428572e-003	1.001270e+001	1.011283e-009
5.416857142857143e-003	1.001218e+001	1.011230e-009
5.431285714285715e-003	1.001167e+001	1.011178e-009
5.445714285714286e-003	1.001117e+001	1.011128e-009
5.460142857142857e-003	1.001069e+001	1.011080e-009
5.474571428571429e-003	1.001023e+001	1.011033e-009
5.489000000000000e-003	1.000978e+001	1.010988e-009
5.529142857142858e-003	1.000863e+001	1.010872e-009
5.569285714285714e-003	1.000756e+001	1.010763e-009
5.609428571428572e-003	1.000657e+001	1.010663e-009
5.649571428571428e-003	1.000565e+001	1.010571e-009
5.689714285714286e-003	1.000482e+001	1.010487e-009
5.729857142857142e-003	1.000407e+001	1.010412e-009
5.770000000000000e-003	1.000341e+001	1.010344e-009
5.788857142857143e-003	1.000311e+001	1.010314e-009
5.807714285714286e-003	1.000282e+001	1.010285e-009
5.826571428571428e-003	1.000254e+001	1.010257e-009
5.845428571428572e-003	1.000227e+001	1.010230e-009
5.864285714285714e-003	1.000202e+001	1.010204e-009
5.883142857142858e-003	1.000177e+001	1.010179e-009
5.902000000000000e-003	1.000154e+001	1.010155e-009
5.903000000000000e-003	1.000153e+001	1.010154e-009
5.944142857142857e-003	1.000106e+001	1.010107e-009
5.985285714285715e-003	1.000062e+001	1.010063e-009
6.026428571428572e-003	1.000022e+001	1.010022e-009
6.067571428571429e-003	9.999849e+000	1.009985e-009
6.108714285714286e-003	9.999513e+000	1.009951e-009
6.149857142857144e-003	9.999211e+000	1.009920e-009
6.191000000000000e-003	9.998941e+000	1.009893e-009
6.232285714285715e-003	9.998693e+000	1.009868e-009
6.273571428571429e-003	9.998463e+000	1.009845e-009
6.314857142857143e-003	9.998250e+000	1.009823e-009
6.356142857142858e-003	9.998054e+000	1.009803e-009
6.397428571428572e-003	9.997877e+000	1.009786e-009
6.438714285714286e-003	9.997717e+000	1.009769e-009
6.480000000000001e-003	9.997575e+000	1.009755e-009
6.521428571428572e-003	9.997444e+000	1.009742e-009
6.562857142857143e-003	9.997322e+000	1.009730e-009
6.604285714285714e-003	9.997210e+000	1.009718e-009
6.645714285714286e-003	9.997107e+000	1.009708e-009
6.687142857142858e-003	9.997013e+000	1.009698e-009
6.728571428571428e-003	9.996929e+000	1.009690e-009
6.770000000000000e-003	9.996854e+000	1.009682e-009
6.792285714285714e-003	9.996816e+000	1.009678e-009
6.814571428571429e-003	9.996779e+000	1.009675e-009
6.836857142857143e-003	9.996744e+000	1.009671e-009
6.859142857142858e-003	9.996711e+000	1.009668e-009
6.881428571428572e-003	9.996679e+000	1.009665e-009
6.903714285714287e-003	9.996649e+000	1.009662e-009
6.926000000000001e-003	9.996620e+000	1.009659e-009
6.927000000000000e-003	9.996619e+000	1.009659e-009
6.937142857142857e-003	9.996607e+000	1.009657e-009
6.947285714285715e-003	9.996594e+000	1.009656e-009
6.957428571428572e-003	9.996582e+000	1.009655e-009
6.967571428571429e-003	9.996570e+000	1.009654e-009
6.977714285714286e-003	9.996559e+000	1.009652e-009
6.987857142857144e-003	9.996548e+000	1.009651e-009
6.998000000000001e-003	9.996537e+000	1.009650e-009
6.999000000000000e-003	9.996536e+000	1.009650e-009
7.000000000000000e-003	9.996535e+000	1.009650e-009
