time	-I(Rl)	V(vout)
0.000000000000000e+00	1.009601e-09	9.996057e+00
2.000000000000000e-03	1.009601e-09	9.996057e+00
2.000000079872123e-03	2.300749e+01	4.245506e-02
2.000000080184124e-03	2.305060e+01	2.305060e-02
2.000001080184124e-03	1.553141e+01	1.553141e-02
2.000002080184124e-03	1.259571e+01	1.259571e-02
2.000003080184123e-03	1.210466e+01	1.210466e-02
2.000004080184124e-03	1.185402e+01	1.185402e-02
2.000005080184124e-03	1.172525e+01	1.172526e-02
2.000005185941932e-03	1.171645e+01	1.171645e-02
2.000005397457548e-03	1.170384e+01	1.170384e-02
2.000005820488780e-03	1.169481e+01	1.169481e-02
2.000006666551245e-03	1.171703e+01	1.171703e-02
2.000007528445029e-03	1.178022e+01	1.178022e-02
2.000008282445631e-03	1.186132e+01	1.186132e-02
2.000008851274255e-03	1.192623e+01	1.192623e-02
2.000009449164574e-03	1.198973e+01	1.198973e-02
2.000010235551080e-03	1.206603e+01	1.206603e-02
2.000010981730369e-03	1.212811e+01	1.212811e-02
2.000012104103430e-03	1.220092e+01	1.220092e-02
2.000013302365065e-03	1.225439e+01	1.225439e-02
2.000015045840630e-03	1.230088e+01	1.230088e-02
2.000017090205650e-03	1.233163e+01	1.233163e-02
2.000019006648057e-03	1.234488e+01	1.234488e-02
2.000020282645191e-03	1.234169e+01	1.234169e-02
2.000021471252277e-03	1.232920e+01	1.232920e-02
2.000022685900430e-03	1.231559e+01	1.231559e-02
2.000024107813575e-03	1.230392e+01	1.230392e-02
2.000025177774063e-03	1.229796e+01	1.229796e-02
2.000026372813002e-03	1.229426e+01	1.229426e-02
2.000027736329784e-03	1.229340e+01	1.229340e-02
2.000029390792887e-03	1.229598e+01	1.229598e-02
2.000031798987155e-03	1.230368e+01	1.230368e-02
2.000035715763388e-03	1.231978e+01	1.231979e-02
2.000039741752588e-03	1.233754e+01	1.233754e-02
2.000047371268605e-03	1.237211e+01	1.237212e-02
2.000053379216557e-03	1.240283e+01	1.240283e-02
2.000058685440304e-03	1.243890e+01	1.243891e-02
2.000064600354068e-03	1.249752e+01	1.249752e-02
2.000070559646427e-03	1.258705e+01	1.258705e-02
2.000078231494689e-03	1.275610e+01	1.275611e-02
2.000086162521682e-03	1.299103e+01	1.299103e-02
2.000091585226494e-03	1.319199e+01	1.319199e-02
2.000095768086734e-03	1.337633e+01	1.337633e-02
2.000099801383801e-03	1.358105e+01	1.358105e-02
2.000103500143362e-03	1.379753e+01	1.379753e-02
2.000108940702012e-03	1.416734e+01	1.416734e-02
2.000116651946279e-03	1.476065e+01	1.476065e-02
2.000121643566411e-03	1.517654e+01	1.517654e-02
2.000124221690353e-03	1.539265e+01	1.539265e-02
2.000125651403243e-03	1.550568e+01	1.550568e-02
2.000127045592924e-03	1.561171e+01	1.561171e-02
2.000128248169209e-03	1.570190e+01	1.570191e-02
2.000129379584561e-03	1.578290e+01	1.578290e-02
2.000131642415264e-03	1.592157e+01	1.592157e-02
2.000134495781981e-03	1.598327e+01	1.598328e-02
2.000136571659446e-03	1.583614e+01	1.583615e-02
2.000137921962361e-03	1.568508e+01	1.568508e-02
2.000138733481771e-03	1.569398e+01	1.569398e-02
2.000139076891551e-03	1.573909e+01	1.573909e-02
2.000139313421728e-03	1.577117e+01	1.577117e-02
2.000139489947603e-03	1.579353e+01	1.579354e-02
2.000139603811488e-03	1.580854e+01	1.580854e-02
2.000139713737402e-03	1.582250e+01	1.582251e-02
2.000139823619273e-03	1.583623e+01	1.583623e-02
2.000139947747593e-03	1.585175e+01	1.585175e-02
2.000140121702517e-03	1.587294e+01	1.587294e-02
2.000140384288958e-03	1.590428e+01	1.590428e-02
2.000140833917508e-03	1.595535e+01	1.595535e-02
2.000141518108850e-03	1.602911e+01	1.602911e-02
2.000142309274653e-03	1.611081e+01	1.611082e-02
2.000142863977406e-03	1.616580e+01	1.616580e-02
2.000143552127026e-03	1.623242e+01	1.623242e-02
2.000144248383378e-03	1.629966e+01	1.629966e-02
2.000145074554148e-03	1.638002e+01	1.638002e-02
2.000146671034754e-03	1.653847e+01	1.653847e-02
2.000149863995964e-03	1.686556e+01	1.686556e-02
2.000153880467371e-03	1.729559e+01	1.729559e-02
2.000158447539914e-03	1.781213e+01	1.781213e-02
2.000163775468184e-03	1.845806e+01	1.845806e-02
2.000172376623872e-03	1.961484e+01	1.961484e-02
2.000189578935249e-03	2.225327e+01	2.225327e-02
2.000208939711026e-03	2.565201e+01	2.565201e-02
2.000224932356124e-03	2.883227e+01	2.883228e-02
2.000244378117871e-03	3.304147e+01	3.304148e-02
2.000256311846278e-03	3.573724e+01	3.573725e-02
2.000267058278663e-03	3.819713e+01	3.819713e-02
2.000277783913131e-03	4.058849e+01	4.058849e-02
2.000298122892196e-03	4.485298e+01	4.485299e-02
2.000313324952124e-03	4.772113e+01	4.772114e-02
2.000327308076851e-03	4.998462e+01	4.998462e-02
2.000341296273072e-03	5.183838e+01	5.183838e-02
2.000361102253989e-03	5.375993e+01	5.375994e-02
2.000397505605310e-03	5.597706e+01	5.597707e-02
2.000434664469785e-03	5.717980e+01	5.717980e-02
2.000452278649535e-03	5.741079e+01	5.741080e-02
2.000460454632242e-03	5.744392e+01	5.744392e-02
2.000464100290483e-03	5.744776e+01	5.744777e-02
2.000467904933206e-03	5.744623e+01	5.744624e-02
2.000471864619186e-03	5.744129e+01	5.744129e-02
2.000475722754197e-03	5.743266e+01	5.743266e-02
2.000480916189503e-03	5.741589e+01	5.741589e-02
2.000487062963244e-03	5.738947e+01	5.738947e-02
2.000495841394583e-03	5.734023e+01	5.734024e-02
2.000508782399731e-03	5.724707e+01	5.724708e-02
2.000528822310851e-03	5.707056e+01	5.707057e-02
2.000545708892818e-03	5.689627e+01	5.689627e-02
2.000563891640589e-03	5.668348e+01	5.668348e-02
2.000582592595909e-03	5.644179e+01	5.644180e-02
2.000604270325729e-03	5.613411e+01	5.613412e-02
2.000628069334550e-03	5.576393e+01	5.576393e-02
2.000650071536051e-03	5.538757e+01	5.538758e-02
2.000672683780446e-03	5.495985e+01	5.495985e-02
2.000696491524882e-03	5.445584e+01	5.445584e-02
2.000724361647541e-03	5.377731e+01	5.377732e-02
2.000759224903147e-03	5.272512e+01	5.272513e-02
2.000823130214510e-03	5.020372e+01	5.020372e-02
2.000905999072001e-03	4.616150e+01	4.616150e-02
2.000975766293014e-03	4.243178e+01	4.243178e-02
2.001050199972372e-03	3.851879e+01	3.851879e-02
2.001129819946660e-03	3.458574e+01	3.458574e-02
2.001204834705315e-03	3.109870e+01	3.109870e-02
2.001291549261668e-03	2.730295e+01	2.730295e-02
2.001374034293783e-03	2.407674e+01	2.407674e-02
2.001458844527639e-03	2.144304e+01	2.144305e-02
2.001556617222360e-03	1.917885e+01	1.917885e-02
2.001611711109458e-03	1.820531e+01	1.820531e-02
2.001678945706491e-03	1.725238e+01	1.725238e-02
2.001741634765056e-03	1.649261e+01	1.649261e-02
2.001795042330311e-03	1.592938e+01	1.592938e-02
2.001827836542804e-03	1.561870e+01	1.561871e-02
2.001866608842993e-03	1.527703e+01	1.527704e-02
2.001901249710910e-03	1.498983e+01	1.498983e-02
2.001940358542163e-03	1.468982e+01	1.468982e-02
2.002005468416945e-03	1.423134e+01	1.423134e-02
2.002071686658314e-03	1.381147e+01	1.381147e-02
2.002174243901704e-03	1.323931e+01	1.323931e-02
2.002301801263019e-03	1.262449e+01	1.262449e-02
2.002472151396189e-03	1.190555e+01	1.190555e-02
2.002510584791272e-03	1.175909e+01	1.175909e-02
2.002540967127793e-03	1.165175e+01	1.165175e-02
2.002584989633781e-03	1.150147e+01	1.150147e-02
2.002617580590295e-03	1.139390e+01	1.139390e-02
2.002659813258113e-03	1.125970e+01	1.125970e-02
2.002714664100035e-03	1.109226e+01	1.109226e-02
2.002776922188146e-03	1.091000e+01	1.091000e-02
2.002827055875065e-03	1.076949e+01	1.076949e-02
2.002884918784643e-03	1.061407e+01	1.061407e-02
2.002942083204776e-03	1.046639e+01	1.046639e-02
2.002996475491285e-03	1.033126e+01	1.033126e-02
2.003048954038438e-03	1.020572e+01	1.020572e-02
2.003107233325458e-03	1.007140e+01	1.007140e-02
2.003170566134522e-03	9.930833e+00	9.930833e-03
2.003240984791792e-03	9.780798e+00	9.780799e-03
2.003324164973990e-03	9.611416e+00	9.611417e-03
2.003431201520682e-03	9.404904e+00	9.404905e-03
2.003579704827885e-03	9.137376e+00	9.137376e-03
2.003807201995175e-03	8.762194e+00	8.762194e-03
2.004127385817965e-03	8.291046e+00	8.291047e-03
2.004613467393727e-03	7.672637e+00	7.672638e-03
2.005352313116127e-03	6.894694e+00	6.894695e-03
2.006694659289766e-03	5.801550e+00	5.801551e-03
2.008465957943277e-03	4.965108e+00	4.965109e-03
2.009372852722575e-03	5.145358e+00	5.145359e-03
2.010336625243262e-03	5.831987e+00	5.831988e-03
2.010711242055392e-03	6.077785e+00	6.077785e-03
2.011093191767145e-03	6.275726e+00	6.275726e-03
2.011315356889005e-03	6.325421e+00	6.325422e-03
2.011517151924627e-03	6.288724e+00	6.288725e-03
2.011712932433259e-03	6.235621e+00	6.235622e-03
2.011841321119711e-03	6.209128e+00	6.209129e-03
2.011886430805688e-03	6.199467e+00	6.199467e-03
2.011908948992569e-03	6.193488e+00	6.193489e-03
2.011922499324049e-03	6.189445e+00	6.189445e-03
2.011940107784490e-03	6.183808e+00	6.183809e-03
2.011961375206436e-03	6.176650e+00	6.176651e-03
2.011991589191224e-03	6.166048e+00	6.166048e-03
2.012031454750251e-03	6.151793e+00	6.151794e-03
2.012067292992475e-03	6.139078e+00	6.139079e-03
2.012097410593812e-03	6.128749e+00	6.128749e-03
2.012132650734509e-03	6.117186e+00	6.117187e-03
2.012153372225223e-03	6.110689e+00	6.110690e-03
2.012169226590691e-03	6.105914e+00	6.105914e-03
2.012188225043484e-03	6.100376e+00	6.100376e-03
2.012208662966350e-03	6.094601e+00	6.094601e-03
2.012232853999448e-03	6.087953e+00	6.087953e-03
2.012259357573283e-03	6.080836e+00	6.080836e-03
2.012294056085735e-03	6.071620e+00	6.071621e-03
2.012340874553366e-03	6.059096e+00	6.059097e-03
2.012406493011433e-03	6.041039e+00	6.041040e-03
2.012485681255229e-03	6.018467e+00	6.018468e-03
2.012566994273209e-03	5.994825e+00	5.994826e-03
2.012689579779211e-03	5.959670e+00	5.959671e-03
2.012877342816223e-03	5.907603e+00	5.907604e-03
2.013101533757740e-03	5.846948e+00	5.846949e-03
2.013329432587971e-03	5.786373e+00	5.786373e-03
2.013649124331065e-03	5.703652e+00	5.703653e-03
2.013987531957875e-03	5.619296e+00	5.619296e-03
2.014519497874517e-03	5.493220e+00	5.493220e-03
2.015413207669828e-03	5.294597e+00	5.294597e-03
2.016254951979765e-03	5.123157e+00	5.123158e-03
2.017541740097651e-03	4.889948e+00	4.889949e-03
2.019293443055935e-03	4.616211e+00	4.616212e-03
2.021541323086697e-03	4.328819e+00	4.328820e-03
2.024629225424774e-03	4.026498e+00	4.026499e-03
2.028807046550094e-03	3.734618e+00	3.734618e-03
2.033500568273178e-03	3.517277e+00	3.517278e-03
2.038618815052755e-03	3.368756e+00	3.368756e-03
2.043280627472804e-03	3.285784e+00	3.285785e-03
2.048055069684058e-03	3.234012e+00	3.234012e-03
2.052692226279951e-03	3.202881e+00	3.202881e-03
2.057542199336224e-03	3.182826e+00	3.182826e-03
2.062313504589783e-03	3.170678e+00	3.170679e-03
2.067251688588090e-03	3.163021e+00	3.163021e-03
2.072197524691442e-03	3.158373e+00	3.158373e-03
2.077393317317041e-03	3.155459e+00	3.155459e-03
2.082778325419522e-03	3.153690e+00	3.153690e-03
2.088632751524704e-03	3.152600e+00	3.152600e-03
2.095032553937054e-03	3.151950e+00	3.151950e-03
2.101868491437054e-03	3.151588e+00	3.151588e-03
2.108704428937054e-03	3.151405e+00	3.151405e-03
2.115540366437054e-03	3.151314e+00	3.151314e-03
2.122376303937054e-03	3.151269e+00	3.151269e-03
2.129212241437054e-03	3.151246e+00	3.151246e-03
2.136048178937054e-03	3.151233e+00	3.151234e-03
2.142884116437054e-03	3.151225e+00	3.151226e-03
2.149720053937054e-03	3.151220e+00	3.151220e-03
2.156555991437054e-03	3.151215e+00	3.151216e-03
2.163391928937054e-03	3.151212e+00	3.151212e-03
2.170227866437054e-03	3.151210e+00	3.151211e-03
2.177063803937054e-03	3.151210e+00	3.151210e-03
2.183899741437054e-03	3.151210e+00	3.151210e-03
2.190735678937054e-03	3.151209e+00	3.151209e-03
2.197571616437054e-03	3.151207e+00	3.151208e-03
2.204407553937054e-03	3.151206e+00	3.151206e-03
2.211243491437054e-03	3.151205e+00	3.151205e-03
2.218079428937054e-03	3.151203e+00	3.151204e-03
2.224915366437054e-03	3.151201e+00	3.151202e-03
2.231751303937054e-03	3.151196e+00	3.151196e-03
2.238587241437054e-03	3.151172e+00	3.151173e-03
2.245423178937054e-03	3.151010e+00	3.151010e-03
2.252259116437054e-03	3.149759e+00	3.149759e-03
2.252464203733641e-03	3.149988e+00	3.149989e-03
2.252874378326814e-03	3.150480e+00	3.150480e-03
2.253427721401339e-03	3.150383e+00	3.150383e-03
2.254070468456764e-03	3.150259e+00	3.150259e-03
2.254984528048864e-03	3.150046e+00	3.150046e-03
2.256680052954228e-03	3.149508e+00	3.149508e-03
2.259086485369516e-03	3.148189e+00	3.148190e-03
2.263899350200091e-03	3.143139e+00	3.143139e-03
2.268279762537940e-03	3.133147e+00	3.133147e-03
2.273762222296714e-03	3.106269e+00	3.106270e-03
2.280222780854759e-03	3.044924e+00	3.044924e-03
2.287058718354759e-03	2.934652e+00	2.934652e-03
2.293894655854758e-03	2.780390e+00	2.780390e-03
2.300730593354759e-03	2.610871e+00	2.610872e-03
2.307566530854759e-03	2.461803e+00	2.461803e-03
2.314402468354759e-03	2.347619e+00	2.347619e-03
2.321238405854758e-03	2.264435e+00	2.264435e-03
2.328074343354759e-03	2.204645e+00	2.204645e-03
2.334910280854759e-03	2.161843e+00	2.161843e-03
2.341746218354759e-03	2.131244e+00	2.131244e-03
2.348582155854758e-03	2.109376e+00	2.109376e-03
2.355418093354759e-03	2.093753e+00	2.093753e-03
2.362254030854759e-03	2.082591e+00	2.082591e-03
2.369089968354759e-03	2.074614e+00	2.074614e-03
2.375925905854758e-03	2.068910e+00	2.068911e-03
2.382761843354759e-03	2.064830e+00	2.064830e-03
2.389597780854759e-03	2.061909e+00	2.061909e-03
2.396433718354759e-03	2.059816e+00	2.059816e-03
2.403269655854759e-03	2.058315e+00	2.058315e-03
2.410105593354759e-03	2.057235e+00	2.057235e-03
2.416941530854759e-03	2.056457e+00	2.056457e-03
2.423777468354758e-03	2.055895e+00	2.055896e-03
2.430613405854759e-03	2.055488e+00	2.055489e-03
2.437449343354759e-03	2.055192e+00	2.055192e-03
2.444285280854759e-03	2.054974e+00	2.054974e-03
2.451121218354758e-03	2.054814e+00	2.054814e-03
2.457957155854759e-03	2.054694e+00	2.054695e-03
2.464793093354759e-03	2.054605e+00	2.054605e-03
2.471629030854759e-03	2.054536e+00	2.054536e-03
2.478464968354758e-03	2.054483e+00	2.054484e-03
2.485300905854759e-03	2.054442e+00	2.054442e-03
2.492136843354759e-03	2.054409e+00	2.054409e-03
2.498972780854759e-03	2.054382e+00	2.054382e-03
2.505808718354758e-03	2.054360e+00	2.054360e-03
2.512644655854759e-03	2.054341e+00	2.054341e-03
2.519480593354759e-03	2.054325e+00	2.054325e-03
2.526316530854759e-03	2.054311e+00	2.054311e-03
2.533152468354759e-03	2.054299e+00	2.054299e-03
2.539988405854759e-03	2.054288e+00	2.054288e-03
2.546824343354759e-03	2.054278e+00	2.054278e-03
2.553660280854758e-03	2.054269e+00	2.054269e-03
2.560496218354759e-03	2.054261e+00	2.054261e-03
2.567332155854759e-03	2.054254e+00	2.054254e-03
2.574168093354759e-03	2.054247e+00	2.054247e-03
2.581004030854758e-03	2.054241e+00	2.054241e-03
2.587839968354759e-03	2.054235e+00	2.054235e-03
2.594675905854759e-03	2.054229e+00	2.054229e-03
2.601511843354759e-03	2.054224e+00	2.054224e-03
2.608347780854758e-03	2.054219e+00	2.054220e-03
2.615183718354759e-03	2.054215e+00	2.054215e-03
2.622019655854759e-03	2.054211e+00	2.054211e-03
2.628855593354759e-03	2.054207e+00	2.054207e-03
2.635691530854758e-03	2.054204e+00	2.054204e-03
2.642527468354759e-03	2.054200e+00	2.054201e-03
2.649363405854759e-03	2.054197e+00	2.054198e-03
2.656199343354758e-03	2.054194e+00	2.054195e-03
2.663035280854759e-03	2.054192e+00	2.054192e-03
2.669871218354759e-03	2.054189e+00	2.054190e-03
2.676707155854759e-03	2.054187e+00	2.054187e-03
2.683543093354758e-03	2.054185e+00	2.054185e-03
2.690379030854759e-03	2.054183e+00	2.054183e-03
2.697214968354759e-03	2.054181e+00	2.054181e-03
2.704050905854759e-03	2.054179e+00	2.054179e-03
2.710886843354758e-03	2.054177e+00	2.054178e-03
2.717722780854759e-03	2.054176e+00	2.054176e-03
2.724558718354759e-03	2.054174e+00	2.054175e-03
2.731394655854759e-03	2.054173e+00	2.054173e-03
2.738230593354758e-03	2.054172e+00	2.054172e-03
2.745066530854759e-03	2.054171e+00	2.054171e-03
2.751902468354759e-03	2.054170e+00	2.054170e-03
2.758738405854759e-03	2.054168e+00	2.054169e-03
2.765574343354758e-03	2.054168e+00	2.054168e-03
2.772410280854759e-03	2.054167e+00	2.054167e-03
2.779246218354759e-03	2.054166e+00	2.054166e-03
2.786082155854758e-03	2.054165e+00	2.054165e-03
2.792918093354759e-03	2.054164e+00	2.054165e-03
2.799754030854759e-03	2.054164e+00	2.054164e-03
2.806589968354759e-03	2.054163e+00	2.054163e-03
2.813425905854758e-03	2.054163e+00	2.054163e-03
2.820261843354759e-03	2.054162e+00	2.054162e-03
2.827097780854759e-03	2.054161e+00	2.054162e-03
2.833933718354759e-03	2.054161e+00	2.054161e-03
2.840769655854758e-03	2.054160e+00	2.054161e-03
2.854441530854759e-03	2.054160e+00	2.054160e-03
2.861277468354759e-03	2.054159e+00	2.054160e-03
2.868113405854758e-03	2.054159e+00	2.054159e-03
2.874949343354759e-03	2.054159e+00	2.054159e-03
2.881785280854759e-03	2.054158e+00	2.054159e-03
2.888621218354759e-03	2.054158e+00	2.054158e-03
2.895457155854759e-03	2.054158e+00	2.054158e-03
2.902293093354759e-03	2.054157e+00	2.054158e-03
2.909129030854759e-03	2.054157e+00	2.054157e-03
2.915964968354758e-03	2.054157e+00	2.054157e-03
2.922800905854759e-03	2.054157e+00	2.054157e-03
2.929636843354759e-03	2.054157e+00	2.054157e-03
2.936472780854759e-03	2.054157e+00	2.054157e-03
2.943308718354758e-03	2.054156e+00	2.054157e-03
2.950144655854759e-03	2.054156e+00	2.054157e-03
2.956980593354759e-03	2.054156e+00	2.054156e-03
2.963816530854759e-03	2.054156e+00	2.054156e-03
2.970652468354758e-03	2.054156e+00	2.054156e-03
2.977488405854759e-03	2.054156e+00	2.054156e-03
2.984324343354759e-03	2.054156e+00	2.054156e-03
2.991160280854759e-03	2.054156e+00	2.054156e-03
2.997996218354758e-03	2.054155e+00	2.054156e-03
3.004832155854759e-03	2.054155e+00	2.054156e-03
3.011668093354759e-03	2.054155e+00	2.054156e-03
3.018504030854758e-03	2.054155e+00	2.054155e-03
3.025339968354759e-03	2.054155e+00	2.054155e-03
3.032175905854759e-03	2.054155e+00	2.054155e-03
3.039011843354759e-03	2.054155e+00	2.054155e-03
3.045847780854758e-03	2.054155e+00	2.054155e-03
3.052683718354759e-03	2.054155e+00	2.054155e-03
3.059519655854759e-03	2.054155e+00	2.054155e-03
3.066355593354759e-03	2.054155e+00	2.054155e-03
3.073191530854758e-03	2.054155e+00	2.054155e-03
3.080027468354759e-03	2.054155e+00	2.054155e-03
3.086863405854759e-03	2.054155e+00	2.054155e-03
3.093699343354759e-03	2.054155e+00	2.054155e-03
3.100535280854758e-03	2.054155e+00	2.054155e-03
3.107371218354759e-03	2.054155e+00	2.054155e-03
3.114207155854759e-03	2.054154e+00	2.054155e-03
3.121043093354759e-03	2.054154e+00	2.054155e-03
3.134714968354759e-03	2.054154e+00	2.054155e-03
3.141550905854759e-03	2.054154e+00	2.054155e-03
3.148386843354758e-03	2.054154e+00	2.054155e-03
3.155222780854759e-03	2.054154e+00	2.054155e-03
3.162058718354759e-03	2.054154e+00	2.054155e-03
3.168894655854759e-03	2.054154e+00	2.054155e-03
3.175730593354758e-03	2.054154e+00	2.054155e-03
3.182566530854759e-03	2.054154e+00	2.054155e-03
3.189402468354759e-03	2.054154e+00	2.054154e-03
3.196238405854759e-03	2.054154e+00	2.054154e-03
3.203074343354758e-03	2.054154e+00	2.054154e-03
3.209910280854759e-03	2.054154e+00	2.054154e-03
3.223582155854759e-03	2.054154e+00	2.054154e-03
3.237254030854759e-03	2.054154e+00	2.054154e-03
3.244089968354759e-03	2.054154e+00	2.054154e-03
3.250925905854759e-03	2.054154e+00	2.054154e-03
3.257761843354759e-03	2.054154e+00	2.054154e-03
3.264597780854759e-03	2.054154e+00	2.054154e-03
3.271433718354759e-03	2.054154e+00	2.054154e-03
3.278269655854758e-03	2.054154e+00	2.054154e-03
3.285105593354759e-03	2.054154e+00	2.054154e-03
3.298777468354759e-03	2.054154e+00	2.054154e-03
3.312449343354759e-03	2.054154e+00	2.054154e-03
3.326121218354759e-03	2.054154e+00	2.054154e-03
3.339793093354759e-03	2.054154e+00	2.054154e-03
3.360300905854758e-03	2.054154e+00	2.054154e-03
3.373972780854759e-03	2.054154e+00	2.054154e-03
3.387644655854759e-03	2.054154e+00	2.054154e-03
3.401316530854759e-03	2.054154e+00	2.054154e-03
3.414988405854759e-03	2.054154e+00	2.054154e-03
3.435496218354758e-03	2.054154e+00	2.054154e-03
3.993164062500000e-03	2.054154e+00	2.054154e-03
4.000000000000000e-03	1.029079e+00	9.532474e-01
4.000013351440430e-03	5.782002e-03	1.905239e+00
4.000013427028807e-03	1.931608e-10	1.912484e+00
4.000013578205564e-03	1.937315e-10	1.918133e+00
4.000013796055458e-03	1.941400e-10	1.922178e+00
4.000014013170635e-03	1.943634e-10	1.924390e+00
4.000014229013383e-03	1.945394e-10	1.926133e+00
4.000014443907953e-03	1.946896e-10	1.927621e+00
4.000014840156690e-03	1.949183e-10	1.929885e+00
4.000015426322682e-03	1.951731e-10	1.932407e+00
4.000016598654667e-03	1.954839e-10	1.935485e+00
4.000018937666787e-03	1.957561e-10	1.938179e+00
4.000021069109886e-03	1.957769e-10	1.938385e+00
4.000024169559158e-03	1.956238e-10	1.936869e+00
4.000027533234777e-03	1.953989e-10	1.934643e+00
4.000031269171725e-03	1.951266e-10	1.931946e+00
4.000034001219945e-03	1.949235e-10	1.929936e+00
4.000036624015556e-03	1.947335e-10	1.928055e+00
4.000039393423829e-03	1.945382e-10	1.926121e+00
4.000041251114675e-03	1.944078e-10	1.924829e+00
4.000043499946108e-03	1.942503e-10	1.923271e+00
4.000045785825405e-03	1.940908e-10	1.921692e+00
4.000049161220446e-03	1.938558e-10	1.919364e+00
4.000052974820579e-03	1.935905e-10	1.916738e+00
4.000058730304384e-03	1.931908e-10	1.912780e+00
4.000065857159577e-03	1.926967e-10	1.907888e+00
4.000077913466010e-03	1.918636e-10	1.899640e+00
4.000094293347433e-03	1.907373e-10	1.888488e+00
4.000112962040120e-03	1.894627e-10	1.875868e+00
4.000132904811194e-03	1.881133e-10	1.862509e+00
4.000152313318773e-03	1.868149e-10	1.849652e+00
4.000174442785312e-03	1.853522e-10	1.835170e+00
4.000190639794227e-03	1.842951e-10	1.824704e+00
4.000207111407672e-03	1.832342e-10	1.814200e+00
4.000225241066828e-03	1.820819e-10	1.802791e+00
4.000245090806702e-03	1.808413e-10	1.790508e+00
4.000266968822803e-03	1.795563e-10	1.777786e+00
4.000287311898522e-03	1.785867e-10	1.768185e+00
4.000310241597187e-03	1.776951e-10	1.759357e+00
4.000331974018585e-03	1.767445e-10	1.749945e+00
4.000356378926007e-03	1.754651e-10	1.737278e+00
4.000380842439021e-03	1.740822e-10	1.723586e+00
4.000408750360026e-03	1.724711e-10	1.707635e+00
4.000438006769802e-03	1.707896e-10	1.690986e+00
4.000465066024777e-03	1.692553e-10	1.675795e+00
4.000493826191128e-03	1.676531e-10	1.659932e+00
4.000526850799202e-03	1.658515e-10	1.642095e+00
4.000571788308733e-03	1.634626e-10	1.618442e+00
4.000628729976642e-03	1.605290e-10	1.589396e+00
4.000695574794693e-03	1.572071e-10	1.556506e+00
4.000761578429725e-03	1.540783e-10	1.525528e+00
4.000889787715904e-03	1.483368e-10	1.468681e+00
4.001020895387329e-03	1.429084e-10	1.414935e+00
4.001269044494679e-03	1.337125e-10	1.323886e+00
4.001612746317193e-03	1.225392e-10	1.213260e+00
4.001954531058781e-03	1.130364e-10	1.119172e+00
4.002367462496730e-03	1.031984e-10	1.021766e+00
4.002646215153928e-03	9.744031e-11	9.647555e-01
4.002985802653061e-03	9.130849e-11	9.040445e-01
4.003311335672775e-03	8.612357e-11	8.527087e-01
4.003729836063011e-03	8.032394e-11	7.952865e-01
4.004194376798153e-03	7.487932e-11	7.413794e-01
4.004928319209736e-03	6.783092e-11	6.715932e-01
4.005594376799252e-03	6.275847e-11	6.213709e-01
4.006369287349036e-03	5.839530e-11	5.781712e-01
4.007497809737639e-03	5.384996e-11	5.331677e-01
4.008320443537799e-03	5.158883e-11	5.107803e-01
4.009235990654437e-03	4.994088e-11	4.944641e-01
4.009954000829489e-03	4.906377e-11	4.857799e-01
4.010714473114362e-03	4.854229e-11	4.806167e-01
4.012136942689628e-03	4.893925e-11	4.845471e-01
4.012669018652741e-03	5.120650e-11	5.069951e-01
4.013179221389495e-03	5.640743e-11	5.584896e-01
4.013402059435147e-03	5.954124e-11	5.895174e-01
4.013549059775125e-03	6.154292e-11	6.093360e-01
4.013672275332260e-03	6.283839e-11	6.221624e-01
4.013743171743626e-03	6.340434e-11	6.277658e-01
4.013818754982509e-03	6.387554e-11	6.324313e-01
4.013896952521038e-03	6.426981e-11	6.363350e-01
4.013980915489338e-03	6.460180e-11	6.396219e-01
4.014102301393528e-03	6.496476e-11	6.432154e-01
4.014228850170198e-03	6.522734e-11	6.458151e-01
4.014481947723540e-03	6.556282e-11	6.491367e-01
4.014711805062427e-03	6.576531e-11	6.511416e-01
4.015075500392036e-03	6.603697e-11	6.538314e-01
4.015460414241099e-03	6.642440e-11	6.576674e-01
4.016033315024972e-03	6.725046e-11	6.658462e-01
4.016660785886402e-03	6.837169e-11	6.769475e-01
4.017618143278054e-03	7.017847e-11	6.948364e-01
4.018729095140034e-03	7.219959e-11	7.148474e-01
4.019972061019566e-03	7.441235e-11	7.367560e-01
4.022129831059616e-03	7.827896e-11	7.750393e-01
4.024363707334977e-03	8.229602e-11	8.148121e-01
4.028831459885700e-03	9.033280e-11	8.943841e-01
4.035299779312679e-03	1.019871e-10	1.009773e+00
4.042135716812679e-03	1.143164e-10	1.131846e+00
4.048971654312679e-03	1.266541e-10	1.254001e+00
4.055807591812679e-03	1.389957e-10	1.376196e+00
4.062643529312679e-03	1.513392e-10	1.498408e+00
4.069479466812680e-03	1.636833e-10	1.620627e+00
4.076315404312679e-03	1.760273e-10	1.742845e+00
4.083151341812679e-03	1.883711e-10	1.865061e+00
4.089987279312680e-03	2.007144e-10	1.987271e+00
4.096823216812679e-03	2.130571e-10	2.109476e+00
4.103659154312679e-03	2.253991e-10	2.231674e+00
4.110495091812679e-03	2.377405e-10	2.353867e+00
4.117331029312679e-03	2.500813e-10	2.476052e+00
4.124166966812680e-03	2.624214e-10	2.598232e+00
4.131002904312679e-03	2.747608e-10	2.720404e+00
4.137838841812679e-03	2.870996e-10	2.842571e+00
4.144674779312680e-03	2.994377e-10	2.964730e+00
4.151510716812679e-03	3.117752e-10	3.086883e+00
4.158346654312679e-03	3.241120e-10	3.209030e+00
4.165182591812680e-03	3.364481e-10	3.331170e+00
4.172018529312679e-03	3.487836e-10	3.453303e+00
4.178854466812679e-03	3.611184e-10	3.575430e+00
4.185690404312679e-03	3.734525e-10	3.697550e+00
4.192526341812679e-03	3.857860e-10	3.819664e+00
4.199362279312680e-03	3.981189e-10	3.941772e+00
4.206198216812679e-03	4.104511e-10	4.063872e+00
4.213034154312679e-03	4.227826e-10	4.185966e+00
4.219870091812680e-03	4.351133e-10	4.308053e+00
4.226706029312679e-03	4.474434e-10	4.430134e+00
4.233541966812679e-03	4.597729e-10	4.552207e+00
4.240377904312679e-03	4.721015e-10	4.674273e+00
4.247213841812679e-03	4.844293e-10	4.796332e+00
4.254049779312679e-03	4.967564e-10	4.918381e+00
4.260885716812679e-03	5.090824e-10	5.040421e+00
4.267721654312679e-03	5.214071e-10	5.162448e+00
4.274557591812680e-03	5.337303e-10	5.284459e+00
4.281393529312679e-03	5.460514e-10	5.406449e+00
4.288229466812679e-03	5.583694e-10	5.528409e+00
4.295065404312680e-03	5.706828e-10	5.650325e+00
4.301901341812679e-03	5.829896e-10	5.772174e+00
4.308737279312679e-03	5.952861e-10	5.893921e+00
4.315573216812679e-03	6.075668e-10	6.015513e+00
4.322409154312679e-03	6.198234e-10	6.136865e+00
4.329245091812680e-03	6.320431e-10	6.257853e+00
4.336081029312679e-03	6.442078e-10	6.378295e+00
4.342916966812679e-03	6.562922e-10	6.497943e+00
4.349752904312680e-03	6.682636e-10	6.616473e+00
4.356588841812679e-03	6.800828e-10	6.733494e+00
4.363424779312679e-03	6.917065e-10	6.848579e+00
4.370260716812679e-03	7.030910e-10	6.961298e+00
4.377096654312679e-03	7.141976e-10	7.071265e+00
4.383932591812679e-03	7.249943e-10	7.178162e+00
4.390768529312679e-03	7.354577e-10	7.281760e+00
4.397604466812679e-03	7.455737e-10	7.381918e+00
4.404440404312680e-03	7.553365e-10	7.478578e+00
4.411276341812679e-03	7.647467e-10	7.571749e+00
4.418112279312679e-03	7.738104e-10	7.661488e+00
4.424948216812680e-03	7.825369e-10	7.747890e+00
4.431784154312679e-03	7.909376e-10	7.831067e+00
4.438620091812679e-03	7.990248e-10	7.911137e+00
4.445456029312679e-03	8.068106e-10	7.988223e+00
4.452291966812679e-03	8.143066e-10	8.062441e+00
4.459127904312680e-03	8.215243e-10	8.133903e+00
4.465963841812679e-03	8.284742e-10	8.202714e+00
4.472799779312679e-03	8.351668e-10	8.268978e+00
4.479635716812680e-03	8.416117e-10	8.332789e+00
4.486471654312679e-03	8.478184e-10	8.394240e+00
4.493307591812679e-03	8.537954e-10	8.453420e+00
4.500143529312679e-03	8.595514e-10	8.510411e+00
4.506979466812679e-03	8.650949e-10	8.565296e+00
4.513815404312679e-03	8.704335e-10	8.618153e+00
4.520651341812679e-03	8.755746e-10	8.669055e+00
4.527487279312679e-03	8.805255e-10	8.718076e+00
4.534323216812680e-03	8.852936e-10	8.765285e+00
4.541159154312679e-03	8.898856e-10	8.810751e+00
4.547995091812679e-03	8.943078e-10	8.854536e+00
4.554831029312680e-03	8.985668e-10	8.896703e+00
4.561666966812679e-03	9.026684e-10	8.937311e+00
4.568502904312679e-03	9.066181e-10	8.976419e+00
4.575338841812679e-03	9.104221e-10	9.014083e+00
4.582174779312679e-03	9.140856e-10	9.050354e+00
4.589010716812680e-03	9.176137e-10	9.085285e+00
4.595846654312679e-03	9.210113e-10	9.118925e+00
4.602682591812679e-03	9.242834e-10	9.151321e+00
4.609518529312680e-03	9.274348e-10	9.182522e+00
4.616354466812679e-03	9.304697e-10	9.212569e+00
4.623190404312679e-03	9.333923e-10	9.241507e+00
4.630026341812679e-03	9.362069e-10	9.269374e+00
4.636862279312679e-03	9.389176e-10	9.296212e+00
4.643698216812679e-03	9.415282e-10	9.322059e+00
4.650534154312679e-03	9.440422e-10	9.346951e+00
4.657370091812679e-03	9.464631e-10	9.370923e+00
4.664206029312680e-03	9.487946e-10	9.394009e+00
4.671041966812679e-03	9.510402e-10	9.416243e+00
4.677877904312679e-03	9.532031e-10	9.437654e+00
4.684713841812680e-03	9.552859e-10	9.458275e+00
4.691549779312679e-03	9.572916e-10	9.478134e+00
4.698385716812679e-03	9.592231e-10	9.497260e+00
4.705221654312679e-03	9.610834e-10	9.515678e+00
4.712057591812679e-03	9.628752e-10	9.533417e+00
4.718893529312680e-03	9.646006e-10	9.550500e+00
4.725729466812679e-03	9.662621e-10	9.566952e+00
4.732565404312679e-03	9.678623e-10	9.582796e+00
4.739401341812680e-03	9.694037e-10	9.598055e+00
4.746237279312679e-03	9.708878e-10	9.612751e+00
4.753073216812679e-03	9.723173e-10	9.626903e+00
4.759909154312679e-03	9.736938e-10	9.640532e+00
4.766745091812679e-03	9.750193e-10	9.653658e+00
4.773581029312679e-03	9.762960e-10	9.666300e+00
4.780416966812679e-03	9.775258e-10	9.678473e+00
4.787252904312679e-03	9.787100e-10	9.690198e+00
4.794088841812680e-03	9.798503e-10	9.701489e+00
4.800924779312679e-03	9.809487e-10	9.712364e+00
4.807760716812679e-03	9.820064e-10	9.722836e+00
4.814596654312680e-03	9.830250e-10	9.732923e+00
4.821432591812679e-03	9.840062e-10	9.742636e+00
4.828268529312679e-03	9.849510e-10	9.751989e+00
4.835104466812679e-03	9.858607e-10	9.760999e+00
4.841940404312679e-03	9.867369e-10	9.769675e+00
4.848776341812680e-03	9.875811e-10	9.778030e+00
4.855612279312679e-03	9.883940e-10	9.786078e+00
4.862448216812679e-03	9.891769e-10	9.793828e+00
4.869284154312680e-03	9.899306e-10	9.801291e+00
4.876120091812679e-03	9.906563e-10	9.808479e+00
4.882956029312679e-03	9.913554e-10	9.815402e+00
4.889791966812679e-03	9.920289e-10	9.822069e+00
4.896627904312679e-03	9.926775e-10	9.828489e+00
4.903463841812679e-03	9.933020e-10	9.834673e+00
4.910299779312679e-03	9.939035e-10	9.840628e+00
4.917135716812679e-03	9.944827e-10	9.846363e+00
4.923971654312680e-03	9.950405e-10	9.851887e+00
4.930807591812679e-03	9.955778e-10	9.857206e+00
4.937643529312679e-03	9.960954e-10	9.862329e+00
4.944479466812680e-03	9.965937e-10	9.867263e+00
4.951315404312679e-03	9.970733e-10	9.872015e+00
4.958151341812679e-03	9.975354e-10	9.876591e+00
4.964987279312679e-03	9.979808e-10	9.880998e+00
4.978659154312680e-03	9.988226e-10	9.889330e+00
4.985495091812679e-03	9.992200e-10	9.893267e+00
4.992331029312679e-03	9.996060e-10	9.897089e+00
4.993164062500000e-03	9.996520e-10	9.897545e+00
4.994830128874641e-03	9.997426e-10	9.898441e+00
4.996667867250717e-03	9.998413e-10	9.899421e+00
5.000000000000000e-03	1.000017e-09	9.901163e+00
5.006664265498566e-03	1.000360e-09	9.904560e+00
5.013500202998566e-03	1.000701e-09	9.907934e+00
5.020336140498566e-03	1.001029e-09	9.911184e+00
5.027172077998566e-03	1.001345e-09	9.914314e+00
5.034008015498566e-03	1.001650e-09	9.917329e+00
5.040843952998566e-03	1.001943e-09	9.920232e+00
5.047679890498566e-03	1.002226e-09	9.923029e+00
5.054515827998565e-03	1.002498e-09	9.925721e+00
5.061351765498566e-03	1.002760e-09	9.928315e+00
5.068187702998566e-03	1.003012e-09	9.930813e+00
5.075023640498566e-03	1.003255e-09	9.933219e+00
5.081859577998566e-03	1.003489e-09	9.935535e+00
5.095531452998566e-03	1.003931e-09	9.939917e+00
5.109203327998565e-03	1.004342e-09	9.943981e+00
5.116039265498566e-03	1.004536e-09	9.945902e+00
5.122875202998566e-03	1.004723e-09	9.947751e+00
5.129711140498566e-03	1.004903e-09	9.949533e+00
5.136547077998566e-03	1.005076e-09	9.951248e+00
5.143383015498566e-03	1.005243e-09	9.952902e+00
5.150218952998566e-03	1.005404e-09	9.954494e+00
5.157054890498566e-03	1.005559e-09	9.956027e+00
5.163890827998566e-03	1.005708e-09	9.957503e+00
5.170726765498566e-03	1.005852e-09	9.958926e+00
5.177562702998566e-03	1.005990e-09	9.960297e+00
5.184398640498565e-03	1.006123e-09	9.961617e+00
5.191234577998566e-03	1.006252e-09	9.962889e+00
5.198070515498566e-03	1.006375e-09	9.964113e+00
5.204906452998566e-03	1.006494e-09	9.965294e+00
5.211742390498566e-03	1.006609e-09	9.966431e+00
5.218578327998566e-03	1.006720e-09	9.967525e+00
5.225414265498566e-03	1.006826e-09	9.968580e+00
5.232250202998566e-03	1.006929e-09	9.969596e+00
5.239086140498565e-03	1.007028e-09	9.970575e+00
5.245922077998566e-03	1.007123e-09	9.971518e+00
5.252758015498566e-03	1.007215e-09	9.972426e+00
5.259593952998566e-03	1.007303e-09	9.973301e+00
5.266429890498566e-03	1.007388e-09	9.974144e+00
5.273265827998566e-03	1.007470e-09	9.974956e+00
5.280101765498566e-03	1.007549e-09	9.975738e+00
5.286937702998566e-03	1.007626e-09	9.976491e+00
5.293773640498566e-03	1.007699e-09	9.977217e+00
5.300609577998566e-03	1.007769e-09	9.977915e+00
5.307445515498566e-03	1.007837e-09	9.978588e+00
5.314281452998565e-03	1.007903e-09	9.979237e+00
5.321117390498566e-03	1.007966e-09	9.979860e+00
5.327953327998566e-03	1.008027e-09	9.980461e+00
5.334789265498566e-03	1.008085e-09	9.981041e+00
5.341625202998566e-03	1.008141e-09	9.981598e+00
5.348461140498566e-03	1.008196e-09	9.982136e+00
5.355297077998566e-03	1.008248e-09	9.982653e+00
5.362133015498566e-03	1.008298e-09	9.983150e+00
5.368968952998565e-03	1.008347e-09	9.983630e+00
5.375804890498566e-03	1.008393e-09	9.984093e+00
5.382640827998566e-03	1.008438e-09	9.984537e+00
5.389476765498566e-03	1.008482e-09	9.984965e+00
5.396312702998566e-03	1.008523e-09	9.985377e+00
5.403148640498566e-03	1.008563e-09	9.985774e+00
5.409984577998566e-03	1.008602e-09	9.986156e+00
5.416820515498566e-03	1.008639e-09	9.986525e+00
5.423656452998566e-03	1.008675e-09	9.986879e+00
5.430492390498566e-03	1.008709e-09	9.987222e+00
5.437328327998566e-03	1.008742e-09	9.987551e+00
5.444164265498565e-03	1.008774e-09	9.987866e+00
5.451000202998566e-03	1.008805e-09	9.988172e+00
5.457836140498566e-03	1.008835e-09	9.988465e+00
5.464672077998566e-03	1.008863e-09	9.988748e+00
5.471508015498566e-03	1.008891e-09	9.989019e+00
5.478343952998566e-03	1.008918e-09	9.989282e+00
5.485179890498566e-03	1.008943e-09	9.989534e+00
5.492015827998566e-03	1.008967e-09	9.989777e+00
5.498851765498565e-03	1.008991e-09	9.990011e+00
5.505687702998566e-03	1.009014e-09	9.990236e+00
5.512523640498566e-03	1.009036e-09	9.990454e+00
5.519359577998566e-03	1.009057e-09	9.990663e+00
5.533031452998566e-03	1.009096e-09	9.991056e+00
5.546703327998566e-03	1.009134e-09	9.991423e+00
5.560375202998566e-03	1.009168e-09	9.991762e+00
5.580883015498566e-03	1.009215e-09	9.992225e+00
5.601390827998566e-03	1.009256e-09	9.992638e+00
5.621898640498566e-03	1.009294e-09	9.993006e+00
5.642406452998566e-03	1.009327e-09	9.993335e+00
5.662914265498566e-03	1.009356e-09	9.993629e+00
5.683422077998566e-03	1.009383e-09	9.993891e+00
5.703929890498565e-03	1.009407e-09	9.994124e+00
5.724437702998566e-03	1.009428e-09	9.994333e+00
5.744945515498566e-03	1.009446e-09	9.994519e+00
5.765453327998566e-03	1.009463e-09	9.994685e+00
5.785961140498566e-03	1.009478e-09	9.994833e+00
5.806468952998566e-03	1.009491e-09	9.994965e+00
5.826976765498566e-03	1.009503e-09	9.995083e+00
5.847484577998566e-03	1.009514e-09	9.995188e+00
5.867992390498566e-03	1.009523e-09	9.995281e+00
5.888500202998566e-03	1.009532e-09	9.995365e+00
5.909008015498565e-03	1.009539e-09	9.995440e+00
5.929515827998566e-03	1.009546e-09	9.995506e+00
5.950023640498566e-03	1.009552e-09	9.995565e+00
5.970531452998566e-03	1.009557e-09	9.995619e+00
5.991039265498566e-03	1.009562e-09	9.995667e+00
6.011547077998566e-03	1.009567e-09	9.995708e+00
6.032054890498566e-03	1.009570e-09	9.995746e+00
6.052562702998566e-03	1.009574e-09	9.995779e+00
6.073070515498566e-03	1.009577e-09	9.995810e+00
6.093578327998565e-03	1.009580e-09	9.995836e+00
6.114086140498566e-03	1.009582e-09	9.995860e+00
6.134593952998566e-03	1.009584e-09	9.995881e+00
6.155101765498566e-03	1.009586e-09	9.995900e+00
6.175609577998566e-03	1.009588e-09	9.995916e+00
6.196117390498566e-03	1.009589e-09	9.995932e+00
6.216625202998566e-03	1.009590e-09	9.995945e+00
6.237133015498566e-03	1.009592e-09	9.995957e+00
6.257640827998566e-03	1.009593e-09	9.995968e+00
6.278148640498566e-03	1.009594e-09	9.995977e+00
6.298656452998565e-03	1.009595e-09	9.995986e+00
6.319164265498566e-03	1.009595e-09	9.995994e+00
6.339672077998566e-03	1.009596e-09	9.996000e+00
6.360179890498566e-03	1.009597e-09	9.996006e+00
6.380687702998566e-03	1.009597e-09	9.996012e+00
6.398265827998566e-03	1.009597e-09	9.996016e+00
6.415843952998566e-03	1.009598e-09	9.996020e+00
6.433422077998566e-03	1.009598e-09	9.996023e+00
6.451000202998566e-03	1.009598e-09	9.996027e+00
6.468578327998566e-03	1.009599e-09	9.996029e+00
6.486156452998566e-03	1.009599e-09	9.996032e+00
6.503734577998566e-03	1.009600e-09	9.996034e+00
6.522289265498566e-03	1.009600e-09	9.996036e+00
6.540843952998567e-03	1.009600e-09	9.996038e+00
6.559398640498567e-03	1.009600e-09	9.996040e+00
6.577953327998566e-03	1.009600e-09	9.996041e+00
6.596508015498566e-03	1.009600e-09	9.996043e+00
6.615062702998566e-03	1.009600e-09	9.996044e+00
6.633617390498566e-03	1.009600e-09	9.996045e+00
6.654125202998566e-03	1.009601e-09	9.996046e+00
6.674633015498566e-03	1.009601e-09	9.996048e+00
6.695140827998566e-03	1.009601e-09	9.996048e+00
6.715648640498566e-03	1.009601e-09	9.996049e+00
6.736156452998566e-03	1.009601e-09	9.996050e+00
6.756664265498566e-03	1.009601e-09	9.996050e+00
6.777172077998566e-03	1.009601e-09	9.996051e+00
6.802562702998565e-03	1.009601e-09	9.996051e+00
6.827953327998566e-03	1.009601e-09	9.996052e+00
6.853343952998566e-03	1.009601e-09	9.996052e+00
6.878734577998566e-03	1.009601e-09	9.996053e+00
6.904125202998566e-03	1.009601e-09	9.996054e+00
6.929515827998566e-03	1.009601e-09	9.996054e+00
6.954906452998566e-03	1.009601e-09	9.996055e+00
6.989086140498566e-03	1.009601e-09	9.996055e+00
6.995922077998566e-03	1.009601e-09	9.996055e+00
7.000000000000000e-03	1.009601e-09	9.996055e+00
