time	-I(Rl)	V(vout)
0.000000000000000e+00	1.009601e-09	9.996057e+00
2.000000000000000e-03	1.009601e-09	9.996057e+00
2.000000079872123e-03	2.315540e+01	2.346043e-02
2.000000079876998e-03	2.315388e+01	2.315388e-02
2.000000079906248e-03	2.312807e+01	2.312807e-02
2.000000079945248e-03	2.311126e+01	2.311126e-02
2.000001079945248e-03	1.556778e+01	1.556778e-02
2.000002079945248e-03	1.259230e+01	1.259230e-02
2.000003079945248e-03	1.209892e+01	1.209892e-02
2.000004079945248e-03	1.184645e+01	1.184645e-02
2.000005079945248e-03	1.171576e+01	1.171576e-02
2.000005185874332e-03	1.170673e+01	1.170673e-02
2.000005397732500e-03	1.169368e+01	1.169368e-02
2.000005821448835e-03	1.168382e+01	1.168382e-02
2.000006668881505e-03	1.170427e+01	1.170427e-02
2.000007531492640e-03	1.176512e+01	1.176512e-02
2.000008287449857e-03	1.184458e+01	1.184458e-02
2.000008907776158e-03	1.191454e+01	1.191454e-02
2.000009550750571e-03	1.198191e+01	1.198191e-02
2.000010232739357e-03	1.204685e+01	1.204685e-02
2.000010942277576e-03	1.210503e+01	1.210503e-02
2.000012042004933e-03	1.217540e+01	1.217540e-02
2.000013341344465e-03	1.223209e+01	1.223209e-02
2.000015087991735e-03	1.227648e+01	1.227648e-02
2.000017223992575e-03	1.230538e+01	1.230538e-02
2.000019256890087e-03	1.231585e+01	1.231586e-02
2.000020552787839e-03	1.231025e+01	1.231025e-02
2.000021978740502e-03	1.229544e+01	1.229544e-02
2.000023275837211e-03	1.228399e+01	1.228399e-02
2.000024991639127e-03	1.227551e+01	1.227551e-02
2.000026811573880e-03	1.227247e+01	1.227247e-02
2.000028808551321e-03	1.227401e+01	1.227401e-02
2.000030980912232e-03	1.227909e+01	1.227910e-02
2.000033960482949e-03	1.228912e+01	1.228912e-02
2.000036737999980e-03	1.229994e+01	1.229994e-02
2.000041423814805e-03	1.231888e+01	1.231888e-02
2.000047731184669e-03	1.234503e+01	1.234503e-02
2.000053474419505e-03	1.237234e+01	1.237234e-02
2.000058736150449e-03	1.240622e+01	1.240622e-02
2.000064640483391e-03	1.246236e+01	1.246236e-02
2.000070398207582e-03	1.254609e+01	1.254609e-02
2.000077882905510e-03	1.270850e+01	1.270851e-02
2.000086669844736e-03	1.296811e+01	1.296811e-02
2.000092495001386e-03	1.318597e+01	1.318597e-02
2.000096940401217e-03	1.338607e+01	1.338607e-02
2.000101209421016e-03	1.361015e+01	1.361015e-02
2.000105724706228e-03	1.388633e+01	1.388633e-02
2.000111779906038e-03	1.430937e+01	1.430937e-02
2.000116706011880e-03	1.467884e+01	1.467885e-02
2.000119931260782e-03	1.491845e+01	1.491845e-02
2.000121334398261e-03	1.501941e+01	1.501941e-02
2.000122718794435e-03	1.511771e+01	1.511772e-02
2.000124196301543e-03	1.521970e+01	1.521970e-02
2.000125606335292e-03	1.530964e+01	1.530964e-02
2.000128119062740e-03	1.543237e+01	1.543237e-02
2.000130667531082e-03	1.542579e+01	1.542579e-02
2.000132461565215e-03	1.526769e+01	1.526769e-02
2.000133765096329e-03	1.515023e+01	1.515023e-02
2.000134544289364e-03	1.517413e+01	1.517413e-02
2.000134954202613e-03	1.522040e+01	1.522040e-02
2.000135267406806e-03	1.525655e+01	1.525655e-02
2.000135616404785e-03	1.529621e+01	1.529621e-02
2.000135945993436e-03	1.533344e+01	1.533344e-02
2.000136265208157e-03	1.536906e+01	1.536906e-02
2.000136576635272e-03	1.540355e+01	1.540355e-02
2.000136894819339e-03	1.543848e+01	1.543848e-02
2.000137300087527e-03	1.548243e+01	1.548243e-02
2.000137842228287e-03	1.553931e+01	1.553931e-02
2.000138552083214e-03	1.560972e+01	1.560972e-02
2.000139519558062e-03	1.570065e+01	1.570065e-02
2.000140112726687e-03	1.575402e+01	1.575402e-02
2.000140798348209e-03	1.581443e+01	1.581443e-02
2.000141534699958e-03	1.587943e+01	1.587943e-02
2.000142412315799e-03	1.595778e+01	1.595779e-02
2.000143867937429e-03	1.609054e+01	1.609054e-02
2.000146309608571e-03	1.632062e+01	1.632062e-02
2.000149842077375e-03	1.666836e+01	1.666836e-02
2.000153614709569e-03	1.706221e+01	1.706222e-02
2.000159485624539e-03	1.771908e+01	1.771908e-02
2.000165744648936e-03	1.848876e+01	1.848876e-02
2.000178262697730e-03	2.023931e+01	2.023931e-02
2.000196558139230e-03	2.316699e+01	2.316699e-02
2.000211568850131e-03	2.592422e+01	2.592422e-02
2.000230895166601e-03	2.988220e+01	2.988220e-02
2.000243141980458e-03	3.256723e+01	3.256723e-02
2.000253884880167e-03	3.501848e+01	3.501848e-02
2.000264557312203e-03	3.746969e+01	3.746969e-02
2.000281730504915e-03	4.132183e+01	4.132184e-02
2.000297546902071e-03	4.466037e+01	4.466037e-02
2.000311697514392e-03	4.735115e+01	4.735115e-02
2.000326080306364e-03	4.970757e+01	4.970758e-02
2.000342379646576e-03	5.182360e+01	5.182360e-02
2.000371130183770e-03	5.448247e+01	5.448247e-02
2.000399651277099e-03	5.614561e+01	5.614562e-02
2.000423968074805e-03	5.693162e+01	5.693163e-02
2.000433129030631e-03	5.709247e+01	5.709248e-02
2.000436692260579e-03	5.713135e+01	5.713136e-02
2.000439647526967e-03	5.715696e+01	5.715697e-02
2.000442973000852e-03	5.718037e+01	5.718037e-02
2.000446227008762e-03	5.719887e+01	5.719887e-02
2.000450410063189e-03	5.721621e+01	5.721621e-02
2.000455921048046e-03	5.723005e+01	5.723005e-02
2.000461942368980e-03	5.723363e+01	5.723364e-02
2.000471770745459e-03	5.721758e+01	5.721758e-02
2.000485042574045e-03	5.715968e+01	5.715968e-02
2.000510783337799e-03	5.697084e+01	5.697085e-02
2.000539379760662e-03	5.668984e+01	5.668984e-02
2.000555760012675e-03	5.649628e+01	5.649629e-02
2.000570165984727e-03	5.630500e+01	5.630501e-02
2.000587281966977e-03	5.605826e+01	5.605827e-02
2.000605568448947e-03	5.577246e+01	5.577247e-02
2.000626122259853e-03	5.542603e+01	5.542603e-02
2.000638370231343e-03	5.520506e+01	5.520506e-02
2.000648788612174e-03	5.500523e+01	5.500523e-02
2.000660342589247e-03	5.477127e+01	5.477127e-02
2.000672862762975e-03	5.450237e+01	5.450237e-02
2.000687146016708e-03	5.417372e+01	5.417373e-02
2.000703533708936e-03	5.376405e+01	5.376405e-02
2.000723161755144e-03	5.322084e+01	5.322085e-02
2.000746764004646e-03	5.247432e+01	5.247432e-02
2.000780525057858e-03	5.120031e+01	5.120031e-02
2.000829811566200e-03	4.897683e+01	4.897684e-02
2.000879918473683e-03	4.640070e+01	4.640070e-02
2.000941427563445e-03	4.306417e+01	4.306418e-02
2.000997339190251e-03	4.008817e+01	4.008817e-02
2.001066623288435e-03	3.658559e+01	3.658560e-02
2.001138394754957e-03	3.315382e+01	3.315382e-02
2.001209231357895e-03	2.993091e+01	2.993091e-02
2.001280793010882e-03	2.684911e+01	2.684911e-02
2.001358263190595e-03	2.387650e+01	2.387651e-02
2.001441905040232e-03	2.131259e+01	2.131259e-02
2.001528179720552e-03	1.930657e+01	1.930657e-02
2.001574840162001e-03	1.845734e+01	1.845734e-02
2.001625795519507e-03	1.768979e+01	1.768979e-02
2.001679048037501e-03	1.698926e+01	1.698926e-02
2.001729618112760e-03	1.640324e+01	1.640324e-02
2.001773033859514e-03	1.595402e+01	1.595402e-02
2.001803060832601e-03	1.566976e+01	1.566976e-02
2.001836686123091e-03	1.537124e+01	1.537125e-02
2.001876719613679e-03	1.503666e+01	1.503666e-02
2.001917790165586e-03	1.471804e+01	1.471804e-02
2.001972728733996e-03	1.432506e+01	1.432506e-02
2.002026936702077e-03	1.396878e+01	1.396878e-02
2.002087467568177e-03	1.360608e+01	1.360608e-02
2.002163616157721e-03	1.319358e+01	1.319358e-02
2.002265441763219e-03	1.270053e+01	1.270053e-02
2.002380978266789e-03	1.220160e+01	1.220160e-02
2.002475351307866e-03	1.183175e+01	1.183175e-02
2.002508676066186e-03	1.171029e+01	1.171030e-02
2.002541630841756e-03	1.159604e+01	1.159604e-02
2.002583324356088e-03	1.145634e+01	1.145634e-02
2.002623682367655e-03	1.132594e+01	1.132594e-02
2.002672862391012e-03	1.117364e+01	1.117364e-02
2.002740779112267e-03	1.097298e+01	1.097299e-02
2.002815942420247e-03	1.076227e+01	1.076227e-02
2.002896252913613e-03	1.055001e+01	1.055001e-02
2.002995861482324e-03	1.030331e+01	1.030331e-02
2.003117831238371e-03	1.002172e+01	1.002172e-02
2.003248129698589e-03	9.744474e+00	9.744476e-03
2.003446824207293e-03	9.365221e+00	9.365222e-03
2.003844213224703e-03	8.705751e+00	8.705752e-03
2.004389975402698e-03	7.940873e+00	7.940874e-03
2.005063653233206e-03	7.150656e+00	7.150656e-03
2.005635131620940e-03	6.593731e+00	6.593732e-03
2.005958800064178e-03	6.414207e+00	6.414209e-03
2.006183628494829e-03	6.513242e+00	6.513243e-03
2.006386371278779e-03	6.836362e+00	6.836363e-03
2.006497278083346e-03	7.071289e+00	7.071290e-03
2.006632249614335e-03	7.337078e+00	7.337079e-03
2.006740797654639e-03	7.513943e+00	7.513944e-03
2.006848214136003e-03	7.673822e+00	7.673823e-03
2.006960462326576e-03	7.840449e+00	7.840449e-03
2.007054898233151e-03	7.957952e+00	7.957952e-03
2.007161778342249e-03	8.017609e+00	8.017609e-03
2.007277668850398e-03	7.989357e+00	7.989358e-03
2.007338312277164e-03	7.943259e+00	7.943260e-03
2.007400735963141e-03	7.890845e+00	7.890846e-03
2.007471465637904e-03	7.848908e+00	7.848909e-03
2.007544833603851e-03	7.827205e+00	7.827207e-03
2.007628424296809e-03	7.814752e+00	7.814753e-03
2.007704785711872e-03	7.794545e+00	7.794546e-03
2.007797423254899e-03	7.748036e+00	7.748037e-03
2.007864861521509e-03	7.703718e+00	7.703719e-03
2.007939196119502e-03	7.656338e+00	7.656339e-03
2.008019135783162e-03	7.618116e+00	7.618117e-03
2.008106412263871e-03	7.589273e+00	7.589274e-03
2.008207897404440e-03	7.557439e+00	7.557439e-03
2.008302199305194e-03	7.517795e+00	7.517796e-03
2.008396237471830e-03	7.468926e+00	7.468927e-03
2.008496577215278e-03	7.418173e+00	7.418174e-03
2.008602223620998e-03	7.374553e+00	7.374554e-03
2.008709447425503e-03	7.336311e+00	7.336312e-03
2.008837541272509e-03	7.286393e+00	7.286394e-03
2.008965475475333e-03	7.229688e+00	7.229689e-03
2.009097372004111e-03	7.172657e+00	7.172658e-03
2.009239473722742e-03	7.118473e+00	7.118473e-03
2.009380006992502e-03	7.066273e+00	7.066273e-03
2.009549733034603e-03	6.998856e+00	6.998856e-03
2.009714997356245e-03	6.933773e+00	6.933774e-03
2.009905814408358e-03	6.863978e+00	6.863979e-03
2.010095737270113e-03	6.795367e+00	6.795367e-03
2.010313889606834e-03	6.715433e+00	6.715434e-03
2.010555310678282e-03	6.630543e+00	6.630544e-03
2.010803873805406e-03	6.546242e+00	6.546243e-03
2.011092729172625e-03	6.449134e+00	6.449135e-03
2.011401794104915e-03	6.348929e+00	6.348929e-03
2.011729086329619e-03	6.246690e+00	6.246691e-03
2.012111641957222e-03	6.130602e+00	6.130603e-03
2.012577398562067e-03	5.995609e+00	5.995610e-03
2.013050026987551e-03	5.864657e+00	5.864658e-03
2.013587406302388e-03	5.723061e+00	5.723062e-03
2.014175835324857e-03	5.577075e+00	5.577076e-03
2.014918580002644e-03	5.404823e+00	5.404824e-03
2.015847688556063e-03	5.205963e+00	5.205963e-03
2.016786629871639e-03	5.022308e+00	5.022309e-03
2.017828198871574e-03	4.837862e+00	4.837863e-03
2.018901908919194e-03	4.666619e+00	4.666620e-03
2.020062188324816e-03	4.501348e+00	4.501349e-03
2.021337094208208e-03	4.340840e+00	4.340841e-03
2.022807907522343e-03	4.173228e+00	4.173229e-03
2.023040598564011e-03	4.149348e+00	4.149348e-03
2.023505980647346e-03	4.104764e+00	4.104765e-03
2.023922000594475e-03	4.065552e+00	4.065553e-03
2.024325863213999e-03	4.028841e+00	4.028841e-03
2.024655014057557e-03	3.999391e+00	3.999392e-03
2.024660968431032e-03	3.998862e+00	3.998862e-03
2.024672877177982e-03	3.997797e+00	3.997797e-03
2.024696694671883e-03	3.995610e+00	3.995610e-03
2.024725426349655e-03	3.992832e+00	3.992832e-03
2.024756707800678e-03	3.989520e+00	3.989520e-03
2.024810396400482e-03	3.983183e+00	3.983183e-03
2.024875581728195e-03	3.974882e+00	3.974883e-03
2.024982298053874e-03	3.961435e+00	3.961436e-03
2.025086065934292e-03	3.949835e+00	3.949835e-03
2.025233494291736e-03	3.934851e+00	3.934851e-03
2.025394250303297e-03	3.917054e+00	3.917054e-03
2.025560075031475e-03	3.895764e+00	3.895765e-03
2.025737752902300e-03	3.871293e+00	3.871293e-03
2.025932621432525e-03	3.843223e+00	3.843224e-03
2.026153427938578e-03	3.807455e+00	3.807455e-03
2.026388295659306e-03	3.762996e+00	3.762997e-03
2.026725839361587e-03	3.690107e+00	3.690107e-03
2.027035284414498e-03	3.612598e+00	3.612598e-03
2.027471644163348e-03	3.484965e+00	3.484966e-03
2.027877570326423e-03	3.353470e+00	3.353470e-03
2.028368392481658e-03	3.194654e+00	3.194655e-03
2.029188585619813e-03	2.964217e+00	2.964217e-03
2.030079634262832e-03	2.776292e+00	2.776292e-03
2.031055943466714e-03	2.634792e+00	2.634792e-03
2.031943114310181e-03	2.547982e+00	2.547982e-03
2.033638067762666e-03	2.437387e+00	2.437387e-03
2.035398582823251e-03	2.359192e+00	2.359192e-03
2.037385118046360e-03	2.299895e+00	2.299895e-03
2.040854657977324e-03	2.229424e+00	2.229425e-03
2.046086668513605e-03	2.158737e+00	2.158738e-03
2.051177256776443e-03	2.115702e+00	2.115702e-03
2.056058922158205e-03	2.091007e+00	2.091007e-03
2.060644724362049e-03	2.076923e+00	2.076923e-03
2.065456877157080e-03	2.067865e+00	2.067866e-03
2.070281229644266e-03	2.062283e+00	2.062283e-03
2.075302748864953e-03	2.058777e+00	2.058777e-03
2.080370152523878e-03	2.056657e+00	2.056657e-03
2.085735191322666e-03	2.055360e+00	2.055360e-03
2.091390880020297e-03	2.054581e+00	2.054581e-03
2.097656185994812e-03	2.054129e+00	2.054129e-03
2.103880225940075e-03	2.053896e+00	2.053897e-03
2.110095958723628e-03	2.053794e+00	2.053794e-03
2.116931896223628e-03	2.053746e+00	2.053746e-03
2.123767833723628e-03	2.053741e+00	2.053741e-03
2.130603771223628e-03	2.053750e+00	2.053751e-03
2.137439708723628e-03	2.053770e+00	2.053771e-03
2.144275646223628e-03	2.053789e+00	2.053789e-03
2.151111583723628e-03	2.053813e+00	2.053813e-03
2.157947521223628e-03	2.053834e+00	2.053834e-03
2.164783458723628e-03	2.053856e+00	2.053856e-03
2.171619396223628e-03	2.053874e+00	2.053874e-03
2.178455333723628e-03	2.053892e+00	2.053893e-03
2.185291271223628e-03	2.053910e+00	2.053910e-03
2.192127208723628e-03	2.053927e+00	2.053927e-03
2.198963146223628e-03	2.053941e+00	2.053942e-03
2.205799083723628e-03	2.053955e+00	2.053955e-03
2.212635021223628e-03	2.053969e+00	2.053969e-03
2.219470958723628e-03	2.053981e+00	2.053981e-03
2.226306896223628e-03	2.053993e+00	2.053993e-03
2.233142833723628e-03	2.054003e+00	2.054003e-03
2.239978771223628e-03	2.054013e+00	2.054014e-03
2.246814708723628e-03	2.054022e+00	2.054023e-03
2.253650646223628e-03	2.054032e+00	2.054032e-03
2.260486583723628e-03	2.054039e+00	2.054039e-03
2.267322521223628e-03	2.054047e+00	2.054047e-03
2.274158458723628e-03	2.054054e+00	2.054054e-03
2.280994396223628e-03	2.054061e+00	2.054062e-03
2.287830333723628e-03	2.054067e+00	2.054067e-03
2.294666271223628e-03	2.054073e+00	2.054073e-03
2.301502208723628e-03	2.054078e+00	2.054078e-03
2.308338146223628e-03	2.054084e+00	2.054084e-03
2.315174083723628e-03	2.054088e+00	2.054088e-03
2.322010021223628e-03	2.054092e+00	2.054092e-03
2.328845958723628e-03	2.054096e+00	2.054096e-03
2.335681896223628e-03	2.054101e+00	2.054101e-03
2.342517833723628e-03	2.054104e+00	2.054104e-03
2.349353771223628e-03	2.054107e+00	2.054107e-03
2.356189708723628e-03	2.054110e+00	2.054110e-03
2.363025646223628e-03	2.054113e+00	2.054113e-03
2.369861583723628e-03	2.054116e+00	2.054116e-03
2.376697521223628e-03	2.054118e+00	2.054119e-03
2.383533458723628e-03	2.054121e+00	2.054121e-03
2.390369396223628e-03	2.054123e+00	2.054123e-03
2.397205333723628e-03	2.054125e+00	2.054126e-03
2.404041271223628e-03	2.054127e+00	2.054127e-03
2.410877208723628e-03	2.054129e+00	2.054129e-03
2.417713146223628e-03	2.054130e+00	2.054131e-03
2.424549083723628e-03	2.054132e+00	2.054133e-03
2.431385021223628e-03	2.054133e+00	2.054134e-03
2.438220958723628e-03	2.054135e+00	2.054135e-03
2.445056896223628e-03	2.054136e+00	2.054136e-03
2.451892833723628e-03	2.054137e+00	2.054138e-03
2.458728771223628e-03	2.054138e+00	2.054139e-03
2.465564708723628e-03	2.054140e+00	2.054140e-03
2.472400646223628e-03	2.054140e+00	2.054140e-03
2.479236583723628e-03	2.054142e+00	2.054142e-03
2.486072521223628e-03	2.054142e+00	2.054142e-03
2.492908458723628e-03	2.054143e+00	2.054143e-03
2.499744396223628e-03	2.054144e+00	2.054144e-03
2.506580333723628e-03	2.054144e+00	2.054145e-03
2.513416271223628e-03	2.054145e+00	2.054145e-03
2.520252208723628e-03	2.054146e+00	2.054146e-03
2.527088146223628e-03	2.054146e+00	2.054146e-03
2.533924083723628e-03	2.054147e+00	2.054147e-03
2.540760021223628e-03	2.054147e+00	2.054147e-03
2.547595958723628e-03	2.054148e+00	2.054148e-03
2.554431896223628e-03	2.054148e+00	2.054148e-03
2.561267833723628e-03	2.054148e+00	2.054149e-03
2.568103771223628e-03	2.054149e+00	2.054149e-03
2.574939708723628e-03	2.054149e+00	2.054149e-03
2.581775646223628e-03	2.054150e+00	2.054150e-03
2.588611583723628e-03	2.054150e+00	2.054150e-03
2.595447521223628e-03	2.054150e+00	2.054150e-03
2.602283458723628e-03	2.054150e+00	2.054151e-03
2.609119396223628e-03	2.054151e+00	2.054151e-03
2.615955333723628e-03	2.054151e+00	2.054151e-03
2.622791271223628e-03	2.054151e+00	2.054151e-03
2.629627208723628e-03	2.054151e+00	2.054152e-03
2.636463146223628e-03	2.054152e+00	2.054152e-03
2.643299083723628e-03	2.054152e+00	2.054152e-03
2.650135021223628e-03	2.054152e+00	2.054152e-03
2.656970958723628e-03	2.054152e+00	2.054152e-03
2.663806896223628e-03	2.054152e+00	2.054152e-03
2.670642833723628e-03	2.054152e+00	2.054153e-03
2.677478771223628e-03	2.054152e+00	2.054153e-03
2.684314708723628e-03	2.054152e+00	2.054153e-03
2.691150646223628e-03	2.054153e+00	2.054153e-03
2.697986583723628e-03	2.054153e+00	2.054153e-03
2.704822521223628e-03	2.054153e+00	2.054153e-03
2.711658458723628e-03	2.054153e+00	2.054153e-03
2.718494396223628e-03	2.054153e+00	2.054153e-03
2.725330333723628e-03	2.054153e+00	2.054153e-03
2.732166271223628e-03	2.054153e+00	2.054153e-03
2.739002208723628e-03	2.054153e+00	2.054153e-03
2.745838146223628e-03	2.054153e+00	2.054153e-03
2.752674083723628e-03	2.054153e+00	2.054153e-03
2.759510021223628e-03	2.054153e+00	2.054153e-03
2.766345958723628e-03	2.054153e+00	2.054153e-03
2.773181896223628e-03	2.054153e+00	2.054154e-03
2.780017833723628e-03	2.054153e+00	2.054154e-03
2.786853771223628e-03	2.054153e+00	2.054154e-03
2.793689708723628e-03	2.054153e+00	2.054154e-03
2.800525646223628e-03	2.054153e+00	2.054154e-03
2.807361583723628e-03	2.054154e+00	2.054154e-03
2.814197521223628e-03	2.054154e+00	2.054154e-03
2.821033458723628e-03	2.054154e+00	2.054154e-03
2.827869396223628e-03	2.054154e+00	2.054154e-03
2.834705333723628e-03	2.054154e+00	2.054154e-03
2.841541271223628e-03	2.054154e+00	2.054154e-03
2.848377208723628e-03	2.054154e+00	2.054154e-03
2.855213146223628e-03	2.054154e+00	2.054154e-03
2.862049083723628e-03	2.054154e+00	2.054154e-03
2.868885021223628e-03	2.054154e+00	2.054154e-03
2.875720958723628e-03	2.054154e+00	2.054154e-03
2.882556896223628e-03	2.054154e+00	2.054154e-03
2.889392833723628e-03	2.054154e+00	2.054154e-03
2.896228771223628e-03	2.054154e+00	2.054154e-03
2.903064708723628e-03	2.054154e+00	2.054154e-03
2.909900646223628e-03	2.054154e+00	2.054154e-03
2.916736583723628e-03	2.054154e+00	2.054154e-03
2.923572521223628e-03	2.054154e+00	2.054154e-03
2.930408458723628e-03	2.054154e+00	2.054154e-03
2.937244396223628e-03	2.054154e+00	2.054154e-03
2.944080333723628e-03	2.054154e+00	2.054154e-03
2.950916271223628e-03	2.054154e+00	2.054154e-03
2.957752208723628e-03	2.054154e+00	2.054154e-03
2.964588146223628e-03	2.054154e+00	2.054154e-03
2.971424083723628e-03	2.054154e+00	2.054154e-03
2.978260021223628e-03	2.054154e+00	2.054154e-03
2.985095958723628e-03	2.054154e+00	2.054154e-03
2.991931896223628e-03	2.054154e+00	2.054154e-03
2.998767833723628e-03	2.054154e+00	2.054154e-03
3.005603771223628e-03	2.054154e+00	2.054154e-03
3.012439708723628e-03	2.054154e+00	2.054154e-03
3.019275646223628e-03	2.054154e+00	2.054154e-03
3.026111583723628e-03	2.054154e+00	2.054154e-03
3.032947521223628e-03	2.054154e+00	2.054154e-03
3.039783458723628e-03	2.054154e+00	2.054154e-03
3.046619396223628e-03	2.054154e+00	2.054154e-03
3.053455333723628e-03	2.054154e+00	2.054154e-03
3.060291271223628e-03	2.054154e+00	2.054154e-03
3.067127208723628e-03	2.054154e+00	2.054154e-03
3.073963146223628e-03	2.054154e+00	2.054154e-03
3.080799083723628e-03	2.054154e+00	2.054154e-03
3.087635021223628e-03	2.054154e+00	2.054154e-03
3.094470958723628e-03	2.054154e+00	2.054154e-03
3.101306896223628e-03	2.054154e+00	2.054154e-03
3.108142833723628e-03	2.054154e+00	2.054154e-03
3.114978771223628e-03	2.054154e+00	2.054154e-03
3.121814708723628e-03	2.054154e+00	2.054154e-03
3.135486583723628e-03	2.054154e+00	2.054154e-03
3.142322521223628e-03	2.054154e+00	2.054154e-03
3.149158458723628e-03	2.054154e+00	2.054154e-03
3.155994396223628e-03	2.054154e+00	2.054154e-03
3.162830333723628e-03	2.054154e+00	2.054154e-03
3.169666271223628e-03	2.054154e+00	2.054154e-03
3.176502208723628e-03	2.054154e+00	2.054154e-03
3.183338146223628e-03	2.054154e+00	2.054154e-03
3.190174083723628e-03	2.054154e+00	2.054154e-03
3.197010021223628e-03	2.054154e+00	2.054154e-03
3.203845958723628e-03	2.054154e+00	2.054154e-03
3.210681896223628e-03	2.054154e+00	2.054154e-03
3.224353771223628e-03	2.054154e+00	2.054154e-03
3.238025646223628e-03	2.054154e+00	2.054154e-03
3.244861583723628e-03	2.054154e+00	2.054154e-03
3.251697521223628e-03	2.054154e+00	2.054154e-03
3.258533458723628e-03	2.054154e+00	2.054154e-03
3.265369396223628e-03	2.054154e+00	2.054154e-03
3.272205333723628e-03	2.054154e+00	2.054154e-03
3.279041271223628e-03	2.054154e+00	2.054154e-03
3.285877208723628e-03	2.054154e+00	2.054154e-03
3.299549083723628e-03	2.054154e+00	2.054154e-03
3.313220958723628e-03	2.054154e+00	2.054154e-03
3.326892833723628e-03	2.054154e+00	2.054154e-03
3.340564708723628e-03	2.054154e+00	2.054154e-03
3.361072521223628e-03	2.054154e+00	2.054154e-03
3.374744396223628e-03	2.054154e+00	2.054154e-03
3.388416271223628e-03	2.054154e+00	2.054154e-03
3.402088146223628e-03	2.054154e+00	2.054154e-03
3.415760021223628e-03	2.054154e+00	2.054154e-03
3.436267833723628e-03	2.054154e+00	2.054154e-03
3.456775646223628e-03	2.054154e+00	2.054154e-03
3.996421547130795e-03	2.054154e+00	2.054154e-03
4.000000000000000e-03	1.028462e+00	9.318113e-01
4.000004833657034e-03	6.847180e-01	1.264030e+00
4.000014500971102e-03	2.004013e-10	1.984171e+00
4.000014537062161e-03	2.001404e-10	1.981588e+00
4.000014609244279e-03	1.992718e-10	1.972988e+00
4.000014753608514e-03	1.984137e-10	1.964492e+00
4.000014928528274e-03	1.979987e-10	1.960383e+00
4.000015138453178e-03	1.977859e-10	1.958277e+00
4.000015357867200e-03	1.976340e-10	1.956772e+00
4.000015796695245e-03	1.973910e-10	1.954366e+00
4.000016401711116e-03	1.971240e-10	1.951723e+00
4.000017186605371e-03	1.968658e-10	1.949167e+00
4.000018357190258e-03	1.966028e-10	1.946563e+00
4.000020682149872e-03	1.962640e-10	1.943208e+00
4.000023410471999e-03	1.959897e-10	1.940492e+00
4.000025604436258e-03	1.958146e-10	1.938758e+00
4.000027850858137e-03	1.956468e-10	1.937097e+00
4.000030224280157e-03	1.954662e-10	1.935309e+00
4.000032907116960e-03	1.952577e-10	1.933245e+00
4.000036028978217e-03	1.950193e-10	1.930884e+00
4.000038275364422e-03	1.948523e-10	1.929231e+00
4.000039931656578e-03	1.947311e-10	1.928031e+00
4.000042071776632e-03	1.945756e-10	1.926491e+00
4.000044372975734e-03	1.944095e-10	1.924846e+00
4.000047238368679e-03	1.942036e-10	1.922808e+00
4.000050589499480e-03	1.939635e-10	1.920431e+00
4.000055063935276e-03	1.936437e-10	1.917265e+00
4.000060806029442e-03	1.932347e-10	1.913215e+00
4.000069199380250e-03	1.926394e-10	1.907322e+00
4.000081156959834e-03	1.917971e-10	1.898981e+00
4.000099976133230e-03	1.904834e-10	1.885975e+00
4.000119569762085e-03	1.891314e-10	1.872589e+00
4.000139256732694e-03	1.877910e-10	1.859317e+00
4.000158323578870e-03	1.865097e-10	1.846631e+00
4.000173002806766e-03	1.855359e-10	1.836988e+00
4.000188712884575e-03	1.845069e-10	1.826801e+00
4.000207112454743e-03	1.833172e-10	1.815022e+00
4.000225187491841e-03	1.821652e-10	1.803616e+00
4.000246179708116e-03	1.808494e-10	1.790588e+00
4.000268081729954e-03	1.795389e-10	1.777613e+00
4.000288773059737e-03	1.785072e-10	1.767398e+00
4.000311835305219e-03	1.775855e-10	1.758272e+00
4.000334023455164e-03	1.766298e-10	1.748810e+00
4.000359312238830e-03	1.753238e-10	1.735879e+00
4.000385576635086e-03	1.738487e-10	1.721275e+00
4.000416289856457e-03	1.720843e-10	1.703805e+00
4.000449091125792e-03	1.702111e-10	1.685258e+00
4.000480604505872e-03	1.684400e-10	1.667723e+00
4.000512623802495e-03	1.666777e-10	1.650274e+00
4.000552925745257e-03	1.645167e-10	1.628878e+00
4.000616701040787e-03	1.612036e-10	1.596075e+00
4.000683081280457e-03	1.578805e-10	1.563174e+00
4.000753844650139e-03	1.544945e-10	1.529649e+00
4.000853144666226e-03	1.500134e-10	1.485282e+00
4.001022605814521e-03	1.428842e-10	1.414695e+00
4.001182264066383e-03	1.366813e-10	1.353280e+00
4.001332759660184e-03	1.313149e-10	1.300148e+00
4.001488187050402e-03	1.261961e-10	1.249467e+00
4.001646065490022e-03	1.213654e-10	1.201638e+00
4.001801554432611e-03	1.169593e-10	1.158013e+00
4.002012089558688e-03	1.114761e-10	1.103724e+00
4.002259158998126e-03	1.056530e-10	1.046069e+00
4.002601142088571e-03	9.849883e-11	9.752359e-01
4.002983063060035e-03	9.146529e-11	9.055969e-01
4.003315344705042e-03	8.609297e-11	8.524056e-01
4.003616036256138e-03	8.182085e-11	8.101073e-01
4.003972118185025e-03	7.726515e-11	7.650014e-01
4.004098281241956e-03	7.577928e-11	7.502898e-01
4.004258171587049e-03	7.401182e-11	7.327902e-01
4.004355189214532e-03	7.298452e-11	7.226191e-01
4.004475621591235e-03	7.176420e-11	7.105367e-01
4.004602177859536e-03	7.053576e-11	6.983739e-01
4.004745821501531e-03	6.920909e-11	6.852385e-01
4.004911698920842e-03	6.776031e-11	6.708943e-01
4.005091523824742e-03	6.629494e-11	6.563857e-01
4.005330005690535e-03	6.458638e-11	6.394691e-01
4.005541116423073e-03	6.360217e-11	6.297243e-01
4.005648365678988e-03	6.388035e-11	6.324787e-01
4.005734982155263e-03	6.517680e-11	6.453148e-01
4.005818387527915e-03	6.746569e-11	6.679771e-01
4.005885055448580e-03	6.990478e-11	6.921266e-01
4.005955797359845e-03	7.284249e-11	7.212130e-01
4.006026296431713e-03	7.586531e-11	7.511420e-01
4.006115025792654e-03	7.961412e-11	7.882588e-01
4.006220741094704e-03	8.393820e-11	8.310713e-01
4.006316762530314e-03	8.776169e-11	8.689278e-01
4.006443260564529e-03	9.274230e-11	9.182408e-01
4.006637308707567e-03	1.003535e-10	9.935996e-01
4.006832088816454e-03	1.078867e-10	1.068186e+00
4.007011678260440e-03	1.145672e-10	1.134329e+00
4.007184031662574e-03	1.204249e-10	1.192326e+00
4.007360693491484e-03	1.253239e-10	1.240831e+00
4.007565947859694e-03	1.294105e-10	1.281292e+00
4.007675245363884e-03	1.307832e-10	1.294884e+00
4.007767198562078e-03	1.314702e-10	1.301685e+00
4.007882717250406e-03	1.321091e-10	1.308011e+00
4.008007507175825e-03	1.327521e-10	1.314378e+00
4.008128010554218e-03	1.334226e-10	1.321016e+00
4.008261147705296e-03	1.342340e-10	1.329049e+00
4.008399519140595e-03	1.350940e-10	1.337564e+00
4.008582744409771e-03	1.361789e-10	1.348306e+00
4.008762461242505e-03	1.371697e-10	1.358115e+00
4.008990299373141e-03	1.383710e-10	1.370010e+00
4.009255019470040e-03	1.397459e-10	1.383623e+00
4.009660406242703e-03	1.418140e-10	1.404100e+00
4.010033763560087e-03	1.436703e-10	1.422479e+00
4.010780478194855e-03	1.473099e-10	1.458514e+00
4.011592275166472e-03	1.512162e-10	1.497190e+00
4.012602056846486e-03	1.560147e-10	1.544700e+00
4.014621620206514e-03	1.655060e-10	1.638673e+00
4.017079473132213e-03	1.768846e-10	1.751332e+00
4.021995178983611e-03	1.991364e-10	1.971647e+00
4.028831116483611e-03	2.291977e-10	2.269283e+00
4.035667053983612e-03	2.582221e-10	2.556654e+00
4.042502991483611e-03	2.861676e-10	2.833343e+00
4.049338928983612e-03	3.130738e-10	3.099741e+00
4.056174866483611e-03	3.389792e-10	3.356230e+00
4.063010803983611e-03	3.639207e-10	3.603176e+00
4.069846741483612e-03	3.879343e-10	3.840934e+00
4.076682678983611e-03	4.110546e-10	4.069847e+00
4.083518616483611e-03	4.333145e-10	4.290243e+00
4.090354553983612e-03	4.547463e-10	4.502439e+00
4.097190491483611e-03	4.753808e-10	4.706741e+00
4.104026428983611e-03	4.952477e-10	4.903442e+00
4.110862366483612e-03	5.143754e-10	5.092825e+00
4.117698303983611e-03	5.327915e-10	5.275163e+00
4.124534241483612e-03	5.505225e-10	5.450718e+00
4.131370178983611e-03	5.675940e-10	5.619743e+00
4.138206116483611e-03	5.840304e-10	5.782480e+00
4.145042053983612e-03	5.998553e-10	5.939163e+00
4.151877991483611e-03	6.150916e-10	6.090018e+00
4.158713928983611e-03	6.297612e-10	6.235261e+00
4.165549866483612e-03	6.438852e-10	6.375103e+00
4.172385803983611e-03	6.574838e-10	6.509742e+00
4.179221741483612e-03	6.705766e-10	6.639374e+00
4.186057678983611e-03	6.831826e-10	6.764184e+00
4.192893616483611e-03	6.953195e-10	6.884352e+00
4.199729553983612e-03	7.070051e-10	7.000051e+00
4.206565491483611e-03	7.182561e-10	7.111445e+00
4.213401428983611e-03	7.290886e-10	7.218698e+00
4.220237366483612e-03	7.395182e-10	7.321961e+00
4.227073303983611e-03	7.495598e-10	7.421385e+00
4.233909241483611e-03	7.592280e-10	7.517110e+00
4.240745178983612e-03	7.685366e-10	7.609276e+00
4.247581116483611e-03	7.774992e-10	7.698013e+00
4.254417053983612e-03	7.861284e-10	7.783451e+00
4.261252991483611e-03	7.944368e-10	7.865712e+00
4.268088928983611e-03	8.024361e-10	7.944913e+00
4.274924866483612e-03	8.101379e-10	8.021170e+00
4.281760803983611e-03	8.175532e-10	8.094590e+00
4.288596741483611e-03	8.246932e-10	8.165279e+00
4.295432678983612e-03	8.315675e-10	8.233341e+00
4.302268616483611e-03	8.381859e-10	8.298871e+00
4.309104553983612e-03	8.445584e-10	8.361965e+00
4.315940491483612e-03	8.506941e-10	8.422712e+00
4.322776428983611e-03	8.566015e-10	8.481201e+00
4.329612366483612e-03	8.622890e-10	8.537516e+00
4.336448303983611e-03	8.677651e-10	8.591735e+00
4.343284241483611e-03	8.730375e-10	8.643939e+00
4.350120178983612e-03	8.781140e-10	8.694201e+00
4.356956116483611e-03	8.830018e-10	8.742595e+00
4.363792053983611e-03	8.877079e-10	8.789189e+00
4.370627991483612e-03	8.922390e-10	8.834051e+00
4.377463928983611e-03	8.966016e-10	8.877244e+00
4.384299866483612e-03	9.008020e-10	8.918832e+00
4.391135803983611e-03	9.048463e-10	8.958874e+00
4.397971741483611e-03	9.087401e-10	8.997426e+00
4.404807678983612e-03	9.124891e-10	9.034545e+00
4.411643616483611e-03	9.160988e-10	9.070284e+00
4.418479553983611e-03	9.195743e-10	9.104694e+00
4.425315491483612e-03	9.229204e-10	9.137825e+00
4.432151428983611e-03	9.261420e-10	9.169724e+00
4.438987366483612e-03	9.292441e-10	9.200438e+00
4.445823303983612e-03	9.322308e-10	9.230008e+00
4.452659241483611e-03	9.351064e-10	9.258480e+00
4.459495178983612e-03	9.378750e-10	9.285892e+00
4.466331116483611e-03	9.405406e-10	9.312286e+00
4.473167053983611e-03	9.431074e-10	9.337700e+00
4.480002991483612e-03	9.455789e-10	9.362167e+00
4.486838928983611e-03	9.479583e-10	9.385725e+00
4.493674866483611e-03	9.502490e-10	9.408407e+00
4.500510803983612e-03	9.524547e-10	9.430246e+00
4.507346741483611e-03	9.545786e-10	9.451274e+00
4.514182678983612e-03	9.566237e-10	9.471519e+00
4.521018616483611e-03	9.585923e-10	9.491012e+00
4.527854553983611e-03	9.604877e-10	9.509779e+00
4.534690491483612e-03	9.623129e-10	9.527849e+00
4.541526428983611e-03	9.640702e-10	9.545248e+00
4.548362366483611e-03	9.657619e-10	9.562000e+00
4.555198303983612e-03	9.673908e-10	9.578129e+00
4.562034241483611e-03	9.689592e-10	9.593658e+00
4.568870178983612e-03	9.704694e-10	9.608610e+00
4.575706116483612e-03	9.719233e-10	9.623006e+00
4.582542053983611e-03	9.733232e-10	9.636868e+00
4.589377991483612e-03	9.746713e-10	9.650213e+00
4.596213928983611e-03	9.759693e-10	9.663062e+00
4.603049866483611e-03	9.772188e-10	9.675434e+00
4.609885803983612e-03	9.784218e-10	9.687346e+00
4.616721741483611e-03	9.795804e-10	9.698814e+00
4.623557678983611e-03	9.806957e-10	9.709858e+00
4.630393616483612e-03	9.817696e-10	9.720490e+00
4.637229553983611e-03	9.828033e-10	9.730726e+00
4.644065491483612e-03	9.837986e-10	9.740583e+00
4.650901428983611e-03	9.847572e-10	9.750073e+00
4.657737366483611e-03	9.856803e-10	9.759211e+00
4.664573303983612e-03	9.865689e-10	9.768007e+00
4.671409241483611e-03	9.874244e-10	9.776478e+00
4.678245178983611e-03	9.882479e-10	9.784634e+00
4.685081116483612e-03	9.890408e-10	9.792486e+00
4.691917053983611e-03	9.898047e-10	9.800047e+00
4.698752991483612e-03	9.905399e-10	9.807327e+00
4.705588928983612e-03	9.912476e-10	9.814336e+00
4.712424866483611e-03	9.919292e-10	9.821084e+00
4.719260803983612e-03	9.925856e-10	9.827581e+00
4.726096741483611e-03	9.932177e-10	9.833838e+00
4.732932678983611e-03	9.938261e-10	9.839862e+00
4.739768616483612e-03	9.944118e-10	9.845661e+00
4.746604553983611e-03	9.949758e-10	9.851245e+00
4.753440491483611e-03	9.955188e-10	9.856622e+00
4.760276428983612e-03	9.960416e-10	9.861798e+00
4.767112366483611e-03	9.965451e-10	9.866783e+00
4.773948303983612e-03	9.970298e-10	9.871582e+00
4.780784241483611e-03	9.974963e-10	9.876203e+00
4.787620178983611e-03	9.979459e-10	9.880651e+00
4.794456116483612e-03	9.983787e-10	9.884935e+00
4.801292053983611e-03	9.987953e-10	9.889060e+00
4.808127991483611e-03	9.991962e-10	9.893031e+00
4.814963928983612e-03	9.995824e-10	9.896854e+00
4.821799866483611e-03	9.999542e-10	9.900537e+00
4.828635803983612e-03	1.000312e-09	9.904081e+00
4.835471741483612e-03	1.000657e-09	9.907494e+00
4.842307678983611e-03	1.000989e-09	9.910780e+00
4.849143616483612e-03	1.001308e-09	9.913944e+00
4.855979553983611e-03	1.001616e-09	9.916990e+00
4.862815491483611e-03	1.001912e-09	9.919924e+00
4.869651428983612e-03	1.002197e-09	9.922749e+00
4.876487366483611e-03	1.002472e-09	9.925467e+00
4.883323303983611e-03	1.002737e-09	9.928086e+00
4.890159241483612e-03	1.002991e-09	9.930608e+00
4.896995178983611e-03	1.003237e-09	9.933036e+00
4.903831116483612e-03	1.003473e-09	9.935373e+00
4.910667053983611e-03	1.003700e-09	9.937624e+00
4.917502991483611e-03	1.003919e-09	9.939791e+00
4.924338928983612e-03	1.004130e-09	9.941877e+00
4.931174866483611e-03	1.004333e-09	9.943886e+00
4.938010803983611e-03	1.004528e-09	9.945821e+00
4.944846741483612e-03	1.004716e-09	9.947683e+00
4.951682678983611e-03	1.004897e-09	9.949477e+00
4.958518616483612e-03	1.005072e-09	9.951204e+00
4.965354553983612e-03	1.005240e-09	9.952868e+00
4.972190491483611e-03	1.005402e-09	9.954469e+00
4.979026428983612e-03	1.005557e-09	9.956011e+00
4.985862366483611e-03	1.005707e-09	9.957496e+00
4.992698303983611e-03	1.005852e-09	9.958939e+00
4.994095579532777e-03	1.005882e-09	9.959225e+00
4.995958613598332e-03	1.005920e-09	9.959602e+00
4.996273931868892e-03	1.005926e-09	9.959665e+00
4.996904568410012e-03	1.005939e-09	9.959792e+00
4.998165841492251e-03	1.005964e-09	9.960043e+00
5.000000000000000e-03	1.006001e-09	9.960405e+00
5.003668317015497e-03	1.006073e-09	9.961116e+00
5.010504254515498e-03	1.006203e-09	9.962406e+00
5.017340192015498e-03	1.006329e-09	9.963655e+00
5.024176129515497e-03	1.006451e-09	9.964856e+00
5.031012067015498e-03	1.006567e-09	9.966014e+00
5.037848004515498e-03	1.006680e-09	9.967128e+00
5.044683942015497e-03	1.006788e-09	9.968202e+00
5.051519879515498e-03	1.006893e-09	9.969235e+00
5.058355817015497e-03	1.006993e-09	9.970230e+00
5.065191754515498e-03	1.007090e-09	9.971189e+00
5.072027692015498e-03	1.007183e-09	9.972112e+00
5.078863629515497e-03	1.007273e-09	9.973001e+00
5.085699567015498e-03	1.007359e-09	9.973857e+00
5.092535504515498e-03	1.007443e-09	9.974681e+00
5.099371442015497e-03	1.007523e-09	9.975475e+00
5.106207379515498e-03	1.007600e-09	9.976239e+00
5.113043317015497e-03	1.007674e-09	9.976975e+00
5.119879254515498e-03	1.007746e-09	9.977684e+00
5.126715192015498e-03	1.007815e-09	9.978367e+00
5.133551129515497e-03	1.007881e-09	9.979024e+00
5.140387067015498e-03	1.007945e-09	9.979657e+00
5.147223004515498e-03	1.008007e-09	9.980267e+00
5.154058942015497e-03	1.008066e-09	9.980853e+00
5.160894879515498e-03	1.008123e-09	9.981419e+00
5.167730817015498e-03	1.008178e-09	9.981962e+00
5.174566754515497e-03	1.008231e-09	9.982487e+00
5.181402692015498e-03	1.008282e-09	9.982990e+00
5.188238629515497e-03	1.008331e-09	9.983477e+00
5.195074567015498e-03	1.008378e-09	9.983944e+00
5.201910504515498e-03	1.008424e-09	9.984394e+00
5.208746442015497e-03	1.008467e-09	9.984828e+00
5.215582379515498e-03	1.008510e-09	9.985246e+00
5.222418317015498e-03	1.008550e-09	9.985647e+00
5.229254254515497e-03	1.008589e-09	9.986034e+00
5.236090192015498e-03	1.008627e-09	9.986407e+00
5.242926129515497e-03	1.008663e-09	9.986767e+00
5.249762067015498e-03	1.008698e-09	9.987112e+00
5.256598004515498e-03	1.008732e-09	9.987445e+00
5.263433942015497e-03	1.008764e-09	9.987765e+00
5.270269879515498e-03	1.008795e-09	9.988073e+00
5.277105817015498e-03	1.008825e-09	9.988370e+00
5.283941754515497e-03	1.008854e-09	9.988656e+00
5.290777692015498e-03	1.008882e-09	9.988932e+00
5.297613629515498e-03	1.008909e-09	9.989197e+00
5.304449567015497e-03	1.008935e-09	9.989452e+00
5.311285504515498e-03	1.008959e-09	9.989698e+00
5.318121442015497e-03	1.008983e-09	9.989935e+00
5.331793317015498e-03	1.009028e-09	9.990382e+00
5.345465192015498e-03	1.009070e-09	9.990796e+00
5.359137067015497e-03	1.009109e-09	9.991180e+00
5.372808942015497e-03	1.009145e-09	9.991537e+00
5.393316754515497e-03	1.009194e-09	9.992023e+00
5.413824567015497e-03	1.009238e-09	9.992457e+00
5.434332379515497e-03	1.009277e-09	9.992845e+00
5.454840192015498e-03	1.009312e-09	9.993190e+00
5.475348004515498e-03	1.009343e-09	9.993499e+00
5.495855817015498e-03	1.009371e-09	9.993773e+00
5.516363629515498e-03	1.009396e-09	9.994020e+00
5.536871442015498e-03	1.009418e-09	9.994239e+00
5.557379254515498e-03	1.009438e-09	9.994434e+00
5.577887067015497e-03	1.009455e-09	9.994609e+00
5.598394879515497e-03	1.009471e-09	9.994764e+00
5.618902692015497e-03	1.009485e-09	9.994904e+00
5.639410504515498e-03	1.009498e-09	9.995028e+00
5.659918317015498e-03	1.009509e-09	9.995139e+00
5.680426129515498e-03	1.009519e-09	9.995237e+00
5.700933942015498e-03	1.009528e-09	9.995325e+00
5.721441754515498e-03	1.009536e-09	9.995404e+00
5.741949567015498e-03	1.009543e-09	9.995475e+00
5.762457379515497e-03	1.009549e-09	9.995538e+00
5.782965192015497e-03	1.009554e-09	9.995593e+00
5.803473004515497e-03	1.009560e-09	9.995644e+00
5.823980817015497e-03	1.009564e-09	9.995687e+00
5.844488629515498e-03	1.009569e-09	9.995728e+00
5.864996442015498e-03	1.009572e-09	9.995763e+00
5.885504254515498e-03	1.009575e-09	9.995794e+00
5.906012067015498e-03	1.009578e-09	9.995823e+00
5.926519879515498e-03	1.009580e-09	9.995848e+00
5.947027692015498e-03	1.009583e-09	9.995871e+00
5.967535504515497e-03	1.009585e-09	9.995891e+00
5.988043317015497e-03	1.009587e-09	9.995908e+00
6.008551129515497e-03	1.009588e-09	9.995924e+00
6.029058942015498e-03	1.009590e-09	9.995938e+00
6.049566754515498e-03	1.009591e-09	9.995951e+00
6.070074567015498e-03	1.009592e-09	9.995962e+00
6.090582379515498e-03	1.009593e-09	9.995973e+00
6.111090192015498e-03	1.009594e-09	9.995981e+00
6.131598004515498e-03	1.009595e-09	9.995990e+00
6.152105817015498e-03	1.009595e-09	9.995996e+00
6.172613629515497e-03	1.009596e-09	9.996003e+00
6.193121442015497e-03	1.009597e-09	9.996009e+00
6.213629254515497e-03	1.009597e-09	9.996014e+00
6.231207379515497e-03	1.009598e-09	9.996018e+00
6.248785504515498e-03	1.009598e-09	9.996021e+00
6.266363629515498e-03	1.009598e-09	9.996025e+00
6.283941754515497e-03	1.009599e-09	9.996027e+00
6.301519879515497e-03	1.009599e-09	9.996030e+00
6.319098004515498e-03	1.009599e-09	9.996033e+00
6.336676129515498e-03	1.009600e-09	9.996035e+00
6.355230817015498e-03	1.009600e-09	9.996037e+00
6.373785504515498e-03	1.009600e-09	9.996039e+00
6.392340192015498e-03	1.009600e-09	9.996040e+00
6.410894879515497e-03	1.009600e-09	9.996042e+00
6.429449567015497e-03	1.009600e-09	9.996044e+00
6.448004254515497e-03	1.009600e-09	9.996045e+00
6.466558942015498e-03	1.009600e-09	9.996046e+00
6.487066754515497e-03	1.009601e-09	9.996047e+00
6.507574567015497e-03	1.009601e-09	9.996048e+00
6.528082379515497e-03	1.009601e-09	9.996049e+00
6.548590192015498e-03	1.009601e-09	9.996049e+00
6.569098004515498e-03	1.009601e-09	9.996050e+00
6.589605817015498e-03	1.009601e-09	9.996051e+00
6.610113629515498e-03	1.009601e-09	9.996052e+00
6.635504254515498e-03	1.009601e-09	9.996052e+00
6.660894879515497e-03	1.009601e-09	9.996053e+00
6.686285504515497e-03	1.009601e-09	9.996053e+00
6.711676129515498e-03	1.009601e-09	9.996054e+00
6.737066754515498e-03	1.009601e-09	9.996054e+00
6.762457379515498e-03	1.009601e-09	9.996054e+00
6.787848004515497e-03	1.009601e-09	9.996055e+00
6.817144879515498e-03	1.009601e-09	9.996055e+00
6.846441754515497e-03	1.009601e-09	9.996055e+00
6.875738629515497e-03	1.009601e-09	9.996056e+00
6.905035504515497e-03	1.009601e-09	9.996056e+00
6.934332379515498e-03	1.009601e-09	9.996056e+00
6.963629254515497e-03	1.009601e-09	9.996056e+00
6.992926129515497e-03	1.009601e-09	9.996056e+00
6.999762067015498e-03	1.009601e-09	9.996056e+00
7.000000000000000e-03	1.009601e-09	9.996056e+00
