time	-I(Rl)	V(vout)
0.000000000000000e+00	1.009601e-09	9.996057e+00
2.000000000000000e-03	1.009601e-09	9.996057e+00
2.000000010902467e-03	4.408913e+01	1.818318e-01
2.000000011211448e-03	4.422040e+01	4.422041e-02
2.000000011221103e-03	4.420444e+01	4.420445e-02
2.000000136221103e-03	1.776669e+01	1.776669e-02
2.000000136465244e-03	1.771549e+01	1.771549e-02
2.000000136953525e-03	1.766359e+01	1.766359e-02
2.000001136953525e-03	1.411369e+01	1.411369e-02
2.000002136953525e-03	1.253502e+01	1.253502e-02
2.000003136953525e-03	1.208349e+01	1.208349e-02
2.000004136953525e-03	1.184356e+01	1.184356e-02
2.000005136953525e-03	1.172233e+01	1.172233e-02
2.000005248555162e-03	1.171381e+01	1.171382e-02
2.000005471758436e-03	1.170218e+01	1.170218e-02
2.000005918164983e-03	1.169616e+01	1.169616e-02
2.000006810978078e-03	1.172641e+01	1.172641e-02
2.000007689701501e-03	1.179684e+01	1.179684e-02
2.000008437564032e-03	1.187982e+01	1.187982e-02
2.000008948395260e-03	1.193751e+01	1.193751e-02
2.000009489855545e-03	1.199454e+01	1.199455e-02
2.000010044421914e-03	1.204890e+01	1.204890e-02
2.000010829521559e-03	1.211724e+01	1.211724e-02
2.000011621113999e-03	1.217435e+01	1.217435e-02
2.000012603873449e-03	1.222646e+01	1.222646e-02
2.000014171707007e-03	1.228178e+01	1.228178e-02
2.000015638264345e-03	1.231336e+01	1.231336e-02
2.000017516402824e-03	1.233615e+01	1.233615e-02
2.000019381614508e-03	1.234500e+01	1.234500e-02
2.000020594222996e-03	1.233883e+01	1.233883e-02
2.000021904174746e-03	1.232404e+01	1.232404e-02
2.000023216768880e-03	1.231078e+01	1.231078e-02
2.000024673609670e-03	1.230069e+01	1.230069e-02
2.000026033938180e-03	1.229512e+01	1.229512e-02
2.000027422135457e-03	1.229346e+01	1.229347e-02
2.000029395811161e-03	1.229596e+01	1.229597e-02
2.000031289501086e-03	1.230163e+01	1.230163e-02
2.000034599868000e-03	1.231495e+01	1.231495e-02
2.000037972713547e-03	1.232971e+01	1.232971e-02
2.000043806676921e-03	1.235567e+01	1.235567e-02
2.000049408434323e-03	1.238172e+01	1.238172e-02
2.000054910985789e-03	1.241214e+01	1.241214e-02
2.000060556856834e-03	1.245512e+01	1.245512e-02
2.000066534301211e-03	1.252285e+01	1.252285e-02
2.000072894914199e-03	1.263240e+01	1.263240e-02
2.000081132550201e-03	1.284095e+01	1.284095e-02
2.000090740674838e-03	1.316731e+01	1.316731e-02
2.000096347171987e-03	1.340584e+01	1.340584e-02
2.000100006484692e-03	1.359241e+01	1.359241e-02
2.000103732793406e-03	1.381219e+01	1.381219e-02
2.000108633162240e-03	1.414426e+01	1.414426e-02
2.000115903440509e-03	1.469820e+01	1.469820e-02
2.000120376580176e-03	1.506915e+01	1.506915e-02
2.000122988799157e-03	1.529313e+01	1.529313e-02
2.000124592146157e-03	1.542472e+01	1.542472e-02
2.000125430450332e-03	1.548943e+01	1.548943e-02
2.000126203313169e-03	1.554843e+01	1.554844e-02
2.000126957738495e-03	1.560608e+01	1.560608e-02
2.000127690160147e-03	1.566112e+01	1.566112e-02
2.000129155003453e-03	1.576775e+01	1.576775e-02
2.000130974982965e-03	1.588560e+01	1.588560e-02
2.000133915539150e-03	1.598971e+01	1.598972e-02
2.000136210791007e-03	1.587682e+01	1.587682e-02
2.000137693872468e-03	1.570272e+01	1.570272e-02
2.000138575956934e-03	1.568227e+01	1.568227e-02
2.000138983797489e-03	1.572852e+01	1.572852e-02
2.000139236036300e-03	1.576290e+01	1.576290e-02
2.000139460845300e-03	1.579143e+01	1.579143e-02
2.000139612403871e-03	1.581135e+01	1.581135e-02
2.000139757587663e-03	1.582973e+01	1.582973e-02
2.000139917740066e-03	1.584955e+01	1.584955e-02
2.000140097575894e-03	1.587173e+01	1.587173e-02
2.000140347893488e-03	1.590155e+01	1.590156e-02
2.000140728167967e-03	1.594515e+01	1.594515e-02
2.000141319759647e-03	1.600956e+01	1.600956e-02
2.000141959441678e-03	1.607662e+01	1.607663e-02
2.000142571738607e-03	1.613820e+01	1.613820e-02
2.000143244163574e-03	1.620376e+01	1.620376e-02
2.000143960902636e-03	1.627300e+01	1.627300e-02
2.000144928697089e-03	1.636680e+01	1.636680e-02
2.000145901048253e-03	1.646230e+01	1.646230e-02
2.000147845750581e-03	1.665746e+01	1.665747e-02
2.000150632600610e-03	1.694567e+01	1.694567e-02
2.000153960964179e-03	1.730432e+01	1.730432e-02
2.000158391861394e-03	1.780613e+01	1.780613e-02
2.000163384682374e-03	1.841271e+01	1.841271e-02
2.000173370324335e-03	1.973722e+01	1.973722e-02
2.000184195981685e-03	2.136534e+01	2.136534e-02
2.000205847296386e-03	2.508077e+01	2.508077e-02
2.000221056730023e-03	2.803084e+01	2.803084e-02
2.000241656783021e-03	3.242820e+01	3.242820e-02
2.000254214967463e-03	3.524641e+01	3.524641e-02
2.000264904127302e-03	3.769418e+01	3.769419e-02
2.000275511305751e-03	4.008015e+01	4.008015e-02
2.000293442036134e-03	4.390005e+01	4.390005e-02
2.000310720429367e-03	4.717096e+01	4.717097e-02
2.000333689805242e-03	5.080599e+01	5.080599e-02
2.000349263872732e-03	5.276784e+01	5.276784e-02
2.000363401013723e-03	5.413115e+01	5.413115e-02
2.000377112820403e-03	5.511189e+01	5.511190e-02
2.000400364995102e-03	5.625011e+01	5.625011e-02
2.000425985529727e-03	5.703863e+01	5.703864e-02
2.000442873492559e-03	5.732206e+01	5.732207e-02
2.000451542924377e-03	5.739382e+01	5.739383e-02
2.000454689560515e-03	5.740865e+01	5.740865e-02
2.000457505406398e-03	5.741770e+01	5.741771e-02
2.000460856931893e-03	5.742458e+01	5.742459e-02
2.000464820744630e-03	5.742830e+01	5.742830e-02
2.000469974935727e-03	5.742544e+01	5.742545e-02
2.000480283317922e-03	5.740224e+01	5.740225e-02
2.000490168370803e-03	5.735934e+01	5.735935e-02
2.000509938476566e-03	5.722820e+01	5.722820e-02
2.000530997172889e-03	5.704699e+01	5.704699e-02
2.000547335651527e-03	5.687732e+01	5.687732e-02
2.000565969248886e-03	5.665757e+01	5.665758e-02
2.000584597389602e-03	5.641487e+01	5.641488e-02
2.000607060735839e-03	5.609291e+01	5.609291e-02
2.000631152946792e-03	5.571237e+01	5.571238e-02
2.000657015474960e-03	5.525755e+01	5.525756e-02
2.000685047794804e-03	5.470274e+01	5.470274e-02
2.000712841063837e-03	5.407095e+01	5.407096e-02
2.000744897496613e-03	5.321089e+01	5.321090e-02
2.000781872746544e-03	5.199032e+01	5.199032e-02
2.000831906963424e-03	4.989764e+01	4.989764e-02
2.000905147235966e-03	4.623498e+01	4.623499e-02
2.000971420530977e-03	4.267623e+01	4.267623e-02
2.001043802985229e-03	3.885706e+01	3.885707e-02
2.001117686018992e-03	3.516762e+01	3.516763e-02
2.001167254544523e-03	3.281991e+01	3.281992e-02
2.001224386026602e-03	3.022081e+01	3.022081e-02
2.001272116349335e-03	2.811822e+01	2.811822e-02
2.001330028612025e-03	2.571474e+01	2.571474e-02
2.001401576148366e-03	2.312517e+01	2.312517e-02
2.001480391596788e-03	2.085209e+01	2.085209e-02
2.001550163126246e-03	1.930863e+01	1.930863e-02
2.001612016967211e-03	1.823294e+01	1.823294e-02
2.001678308628170e-03	1.728136e+01	1.728136e-02
2.001738338913286e-03	1.655113e+01	1.655114e-02
2.001800910337496e-03	1.589484e+01	1.589485e-02
2.001848479291073e-03	1.545112e+01	1.545112e-02
2.001891658916153e-03	1.508395e+01	1.508395e-02
2.001942552764480e-03	1.468571e+01	1.468571e-02
2.001994960875132e-03	1.431613e+01	1.431614e-02
2.002099777096434e-03	1.366580e+01	1.366581e-02
2.002229405277407e-03	1.297328e+01	1.297328e-02
2.002383748021567e-03	1.227564e+01	1.227564e-02
2.002532294614060e-03	1.168902e+01	1.168902e-02
2.002561925404392e-03	1.158281e+01	1.158281e-02
2.002591673578450e-03	1.148253e+01	1.148254e-02
2.002628707954440e-03	1.136135e+01	1.136135e-02
2.002664194682167e-03	1.124872e+01	1.124872e-02
2.002702385192680e-03	1.113156e+01	1.113156e-02
2.002753124727000e-03	1.098143e+01	1.098144e-02
2.002807533284962e-03	1.082716e+01	1.082716e-02
2.002885574762403e-03	1.061640e+01	1.061640e-02
2.002966160830586e-03	1.041179e+01	1.041179e-02
2.003105956057107e-03	1.008214e+01	1.008214e-02
2.003252756699176e-03	9.764144e+00	9.764144e-03
2.003446642197401e-03	9.386956e+00	9.386958e-03
2.003766623087165e-03	8.840820e+00	8.840822e-03
2.004248212966646e-03	8.149710e+00	8.149710e-03
2.005127824250051e-03	7.134612e+00	7.134613e-03
2.006366630193612e-03	6.019332e+00	6.019332e-03
2.007961062291275e-03	5.029502e+00	5.029503e-03
2.008949159894518e-03	4.948813e+00	4.948813e-03
2.009777198344666e-03	5.396382e+00	5.396383e-03
2.010250621399226e-03	5.751298e+00	5.751299e-03
2.010713081833264e-03	6.055318e+00	6.055319e-03
2.011184802949666e-03	6.276992e+00	6.276993e-03
2.011440510210592e-03	6.300841e+00	6.300842e-03
2.011662476592205e-03	6.252812e+00	6.252813e-03
2.011915559504248e-03	6.184960e+00	6.184961e-03
2.011978716148128e-03	6.168373e+00	6.168373e-03
2.012027068816452e-03	6.154939e+00	6.154940e-03
2.012038825797620e-03	6.151455e+00	6.151456e-03
2.012053874218562e-03	6.146824e+00	6.146825e-03
2.012071572982451e-03	6.141254e+00	6.141255e-03
2.012094965483793e-03	6.133779e+00	6.133780e-03
2.012117142060073e-03	6.126620e+00	6.126620e-03
2.012143939871374e-03	6.117950e+00	6.117951e-03
2.012172849068530e-03	6.108683e+00	6.108683e-03
2.012212511238991e-03	6.096269e+00	6.096270e-03
2.012273331347071e-03	6.077925e+00	6.077926e-03
2.012333812932207e-03	6.060443e+00	6.060444e-03
2.012414568704368e-03	6.037824e+00	6.037824e-03
2.012504060794801e-03	6.012830e+00	6.012830e-03
2.012683044975667e-03	5.962369e+00	5.962369e-03
2.012845586042266e-03	5.916919e+00	5.916919e-03
2.013106137965717e-03	5.846124e+00	5.846125e-03
2.013455618326288e-03	5.754045e+00	5.754046e-03
2.013826152820798e-03	5.660099e+00	5.660099e-03
2.014480192545085e-03	5.504807e+00	5.504807e-03
2.015788271993659e-03	5.222094e+00	5.222094e-03
2.017316222407426e-03	4.934296e+00	4.934296e-03
2.019546935430923e-03	4.588620e+00	4.588620e-03
2.022609861891202e-03	4.223286e+00	4.223287e-03
2.026944803527486e-03	3.855644e+00	3.855645e-03
2.031692083216779e-03	3.589862e+00	3.589862e-03
2.036792621236938e-03	3.412053e+00	3.412053e-03
2.041423337170433e-03	3.313158e+00	3.313158e-03
2.046194197994895e-03	3.250997e+00	3.250998e-03
2.050827345723505e-03	3.213541e+00	3.213541e-03
2.055671024031238e-03	3.189406e+00	3.189407e-03
2.060421483465565e-03	3.174814e+00	3.174814e-03
2.065330690709552e-03	3.165609e+00	3.165610e-03
2.070228904614980e-03	3.160022e+00	3.160022e-03
2.075352335580065e-03	3.156516e+00	3.156516e-03
2.080623619126246e-03	3.154354e+00	3.154354e-03
2.086303339563086e-03	3.152974e+00	3.152974e-03
2.092439815262049e-03	3.152154e+00	3.152154e-03
2.099423674219875e-03	3.151683e+00	3.151683e-03
2.106651592882081e-03	3.151463e+00	3.151464e-03
2.113395478391445e-03	3.151380e+00	3.151380e-03
2.122374167986699e-03	3.151281e+00	3.151282e-03
2.128305841665468e-03	3.151236e+00	3.151236e-03
2.130830856763241e-03	3.151229e+00	3.151230e-03
2.132020967475209e-03	3.151238e+00	3.151239e-03
2.132519540062316e-03	3.151214e+00	3.151215e-03
2.132862093766822e-03	3.151223e+00	3.151224e-03
2.133185848181389e-03	3.151240e+00	3.151241e-03
2.133290528335048e-03	3.151213e+00	3.151214e-03
2.133343474074173e-03	3.151198e+00	3.151199e-03
2.133379928144797e-03	3.151196e+00	3.151196e-03
2.133424444467924e-03	3.151201e+00	3.151202e-03
2.133479773848361e-03	3.151214e+00	3.151215e-03
2.133541572401557e-03	3.151227e+00	3.151227e-03
2.133644911699974e-03	3.151236e+00	3.151237e-03
2.133750321476873e-03	3.151233e+00	3.151234e-03
2.133918928059930e-03	3.151225e+00	3.151226e-03
2.134159255974339e-03	3.151225e+00	3.151225e-03
2.134526777996192e-03	3.151227e+00	3.151227e-03
2.135187989528451e-03	3.151226e+00	3.151226e-03
2.136510412592969e-03	3.151224e+00	3.151224e-03
2.139155258722004e-03	3.151222e+00	3.151222e-03
2.144444950980075e-03	3.151218e+00	3.151219e-03
2.155024335496217e-03	3.151214e+00	3.151214e-03
2.163623221886094e-03	3.151206e+00	3.151206e-03
2.169397081604178e-03	3.150008e+00	3.150009e-03
2.169475166644733e-03	3.150386e+00	3.150387e-03
2.169631336725843e-03	3.151169e+00	3.151170e-03
2.169943676888063e-03	3.151158e+00	3.151159e-03
2.170429660734420e-03	3.151154e+00	3.151154e-03
2.171401628427132e-03	3.151144e+00	3.151144e-03
2.172998147973248e-03	3.151117e+00	3.151117e-03
2.174212097640597e-03	3.151078e+00	3.151079e-03
2.175407522890996e-03	3.150963e+00	3.150963e-03
2.176054348160259e-03	3.150792e+00	3.150792e-03
2.176107987334272e-03	3.150758e+00	3.150759e-03
2.176215265682299e-03	3.150638e+00	3.150638e-03
2.176429822378353e-03	3.150271e+00	3.150272e-03
2.176648865388306e-03	3.149621e+00	3.149621e-03
2.176832611411458e-03	3.148245e+00	3.148245e-03
2.176905583525328e-03	3.146269e+00	3.146269e-03
2.176975165617431e-03	3.141940e+00	3.141941e-03
2.177045572838153e-03	3.135074e+00	3.135074e-03
2.177112381174141e-03	3.126648e+00	3.126648e-03
2.177245997846117e-03	3.106780e+00	3.106781e-03
2.177404229515048e-03	3.078308e+00	3.078308e-03
2.177569883958006e-03	3.038389e+00	3.038390e-03
2.177765698594017e-03	2.974537e+00	2.974538e-03
2.177953539971849e-03	2.895998e+00	2.895998e-03
2.178185437812205e-03	2.780061e+00	2.780061e-03
2.178432859763321e-03	2.640110e+00	2.640110e-03
2.178831054570286e-03	2.397882e+00	2.397883e-03
2.179245841250004e-03	2.144886e+00	2.144886e-03
2.179820089964373e-03	1.820632e+00	1.820632e-03
2.180502096587541e-03	1.491793e+00	1.491793e-03
2.181138344709943e-03	1.256140e+00	1.256140e-03
2.182096728428324e-03	1.016698e+00	1.016698e-03
2.183288078450558e-03	8.342775e-01	8.342775e-04
2.184391622558457e-03	7.313750e-01	7.313751e-04
2.185716134988147e-03	6.442814e-01	6.442814e-04
2.187145942860985e-03	5.764157e-01	5.764157e-04
2.188629111594697e-03	5.334426e-01	5.334427e-04
2.190977343120261e-03	4.881930e-01	4.881931e-04
2.193111151821644e-03	4.542717e-01	4.542717e-04
2.195868784225269e-03	4.214885e-01	4.214886e-04
2.200293574442404e-03	3.805597e-01	3.805597e-04
2.204649992836732e-03	3.472358e-01	3.472359e-04
2.210775625468355e-03	3.121489e-01	3.121489e-04
2.218344727840403e-03	2.795625e-01	2.795625e-04
2.225832082468722e-03	2.569797e-01	2.569798e-04
2.234871909547246e-03	2.389023e-01	2.389024e-04
2.245225914350388e-03	2.254710e-01	2.254710e-04
2.256944664350388e-03	2.164465e-01	2.164465e-04
2.268663414350388e-03	2.111076e-01	2.111076e-04
2.280382164350388e-03	2.082145e-01	2.082145e-04
2.292100914350388e-03	2.064693e-01	2.064693e-04
2.303819664350388e-03	2.056055e-01	2.056055e-04
2.315538414350388e-03	2.050096e-01	2.050096e-04
2.327257164350388e-03	2.047629e-01	2.047629e-04
2.338975914350388e-03	2.045630e-01	2.045630e-04
2.350694664350388e-03	2.044678e-01	2.044678e-04
2.362413414350388e-03	2.044295e-01	2.044295e-04
2.374132164350388e-03	2.043642e-01	2.043642e-04
2.385850914350388e-03	2.044035e-01	2.044035e-04
2.397569664350389e-03	2.043277e-01	2.043277e-04
2.409288414350389e-03	2.043783e-01	2.043783e-04
2.421007164350389e-03	2.043142e-01	2.043142e-04
2.432725914350389e-03	2.043613e-01	2.043613e-04
2.444444664350388e-03	2.043198e-01	2.043199e-04
2.456163414350388e-03	2.043409e-01	2.043409e-04
2.467882164350388e-03	2.043342e-01	2.043343e-04
2.479600914350388e-03	2.043221e-01	2.043221e-04
2.491319664350388e-03	2.043482e-01	2.043482e-04
2.503038414350388e-03	2.043095e-01	2.043095e-04
2.514757164350388e-03	2.043558e-01	2.043558e-04
2.526475914350388e-03	2.043064e-01	2.043064e-04
2.538194664350388e-03	2.043546e-01	2.043546e-04
2.549913414350388e-03	2.043131e-01	2.043131e-04
2.561632164350388e-03	2.043457e-01	2.043457e-04
2.573350914350388e-03	2.043263e-01	2.043264e-04
2.585069664350388e-03	2.043327e-01	2.043327e-04
2.596788414350388e-03	2.043402e-01	2.043402e-04
2.608507164350388e-03	2.043200e-01	2.043200e-04
2.620225914350388e-03	2.043490e-01	2.043490e-04
2.631944664350388e-03	2.043118e-01	2.043119e-04
2.643663414350388e-03	2.043500e-01	2.043500e-04
2.655382164350388e-03	2.043107e-01	2.043108e-04
2.667100914350388e-03	2.043438e-01	2.043438e-04
2.678819664350388e-03	2.043167e-01	2.043167e-04
2.690538414350388e-03	2.043331e-01	2.043331e-04
2.702257164350388e-03	2.043269e-01	2.043269e-04
2.713975914350388e-03	2.043220e-01	2.043220e-04
2.725694664350388e-03	2.043369e-01	2.043369e-04
2.737413414350388e-03	2.043143e-01	2.043144e-04
2.749132164350388e-03	2.043430e-01	2.043430e-04
2.760850914350388e-03	2.043124e-01	2.043124e-04
2.772569664350388e-03	2.043435e-01	2.043435e-04
2.784288414350388e-03	2.043165e-01	2.043165e-04
2.796007164350388e-03	2.043387e-01	2.043387e-04
2.807725914350388e-03	2.043249e-01	2.043249e-04
2.819444664350388e-03	2.043309e-01	2.043309e-04
2.831163414350388e-03	2.043339e-01	2.043339e-04
2.842882164350388e-03	2.043229e-01	2.043229e-04
2.854600914350388e-03	2.043402e-01	2.043402e-04
2.866319664350388e-03	2.043175e-01	2.043176e-04
2.878038414350388e-03	2.043416e-01	2.043416e-04
2.889757164350389e-03	2.043166e-01	2.043166e-04
2.901475914350389e-03	2.043383e-01	2.043383e-04
2.913194664350389e-03	2.043201e-01	2.043201e-04
2.924913414350389e-03	2.043318e-01	2.043318e-04
2.936632164350388e-03	2.043264e-01	2.043264e-04
2.948350914350388e-03	2.043247e-01	2.043248e-04
2.960069664350388e-03	2.043329e-01	2.043329e-04
2.971788414350388e-03	2.043196e-01	2.043196e-04
2.983507164350388e-03	2.043372e-01	2.043372e-04
2.995225914350388e-03	2.043180e-01	2.043181e-04
3.006944664350388e-03	2.043379e-01	2.043379e-04
3.018663414350388e-03	2.043204e-01	2.043204e-04
3.030382164350388e-03	2.043353e-01	2.043353e-04
3.042100914350388e-03	2.043255e-01	2.043255e-04
3.053819664350388e-03	2.043304e-01	2.043304e-04
3.065538414350388e-03	2.043313e-01	2.043313e-04
3.077257164350388e-03	2.043253e-01	2.043253e-04
3.088975914350388e-03	2.043355e-01	2.043355e-04
3.100694664350388e-03	2.043217e-01	2.043217e-04
3.112413414350388e-03	2.043368e-01	2.043368e-04
3.124132164350388e-03	2.043209e-01	2.043209e-04
3.135850914350388e-03	2.043350e-01	2.043350e-04
3.147569664350388e-03	2.043228e-01	2.043229e-04
3.159288414350388e-03	2.043310e-01	2.043310e-04
3.171007164350388e-03	2.043267e-01	2.043267e-04
3.182725914350388e-03	2.043265e-01	2.043265e-04
3.194444664350388e-03	2.043309e-01	2.043309e-04
3.206163414350388e-03	2.043231e-01	2.043231e-04
3.217882164350388e-03	2.043338e-01	2.043338e-04
3.229600914350388e-03	2.043219e-01	2.043219e-04
3.241319664350388e-03	2.043345e-01	2.043345e-04
3.253038414350388e-03	2.043231e-01	2.043232e-04
3.264757164350388e-03	2.043330e-01	2.043330e-04
3.276475914350388e-03	2.043262e-01	2.043263e-04
3.288194664350388e-03	2.043300e-01	2.043300e-04
3.299913414350388e-03	2.043299e-01	2.043299e-04
3.311632164350388e-03	2.043267e-01	2.043268e-04
3.323350914350388e-03	2.043327e-01	2.043327e-04
3.335069664350388e-03	2.043243e-01	2.043244e-04
3.346788414350388e-03	2.043337e-01	2.043338e-04
3.358507164350388e-03	2.043236e-01	2.043237e-04
3.370225914350389e-03	2.043328e-01	2.043328e-04
3.381944664350389e-03	2.043247e-01	2.043248e-04
3.393663414350389e-03	2.043304e-01	2.043304e-04
3.405382164350389e-03	2.043271e-01	2.043271e-04
3.417100914350388e-03	2.043275e-01	2.043275e-04
3.428819664350388e-03	2.043298e-01	2.043298e-04
3.440538414350388e-03	2.043252e-01	2.043252e-04
3.452257164350388e-03	2.043317e-01	2.043317e-04
3.463975914350388e-03	2.043243e-01	2.043243e-04
3.475694664350388e-03	2.043323e-01	2.043323e-04
3.487413414350388e-03	2.043250e-01	2.043250e-04
3.499132164350388e-03	2.043315e-01	2.043315e-04
3.510850914350388e-03	2.043269e-01	2.043269e-04
3.522569664350388e-03	2.043297e-01	2.043297e-04
3.534288414350388e-03	2.043292e-01	2.043292e-04
3.546007164350388e-03	2.043276e-01	2.043276e-04
3.557725914350388e-03	2.043310e-01	2.043310e-04
3.569444664350388e-03	2.043260e-01	2.043260e-04
3.581163414350388e-03	2.043318e-01	2.043318e-04
3.592882164350388e-03	2.043254e-01	2.043254e-04
3.604600914350388e-03	2.043313e-01	2.043313e-04
3.616319664350388e-03	2.043260e-01	2.043260e-04
3.628038414350388e-03	2.043299e-01	2.043299e-04
3.639757164350388e-03	2.043275e-01	2.043275e-04
3.651475914350388e-03	2.043280e-01	2.043281e-04
3.663194664350388e-03	2.043291e-01	2.043292e-04
3.674913414350388e-03	2.043265e-01	2.043266e-04
3.686632164350388e-03	2.043304e-01	2.043305e-04
3.698350914350388e-03	2.043259e-01	2.043259e-04
3.710069664350388e-03	2.043309e-01	2.043310e-04
3.721788414350388e-03	2.043262e-01	2.043262e-04
3.733507164350388e-03	2.043305e-01	2.043305e-04
3.745225914350388e-03	2.043273e-01	2.043274e-04
3.756944664350388e-03	2.043294e-01	2.043294e-04
3.768663414350388e-03	2.043288e-01	2.043288e-04
3.780382164350388e-03	2.043280e-01	2.043281e-04
3.792100914350388e-03	2.043300e-01	2.043300e-04
3.803819664350388e-03	2.043270e-01	2.043270e-04
3.815538414350388e-03	2.043306e-01	2.043306e-04
3.827257164350388e-03	2.043266e-01	2.043266e-04
3.838975914350388e-03	2.043304e-01	2.043304e-04
3.850694664350388e-03	2.043269e-01	2.043269e-04
3.862413414350389e-03	2.043295e-01	2.043295e-04
3.874132164350389e-03	2.043277e-01	2.043278e-04
3.885850914350389e-03	2.043283e-01	2.043284e-04
3.897569664350389e-03	2.043288e-01	2.043288e-04
3.909288414350389e-03	2.043273e-01	2.043274e-04
3.921007164350388e-03	2.043297e-01	2.043297e-04
3.932725914350389e-03	2.043269e-01	2.043269e-04
3.944444664350388e-03	2.043300e-01	2.043301e-04
3.956163414350389e-03	2.043270e-01	2.043270e-04
3.967882164350388e-03	2.043298e-01	2.043298e-04
3.979600914350389e-03	2.043247e-01	2.043247e-04
3.988281250000000e-03	2.043263e-01	2.043263e-04
4.000000000000000e-03	1.315929e-01	3.184105e-02
4.004740869372344e-03	3.257404e-02	6.227814e-02
4.006960021487715e-03	5.552469e-12	5.497494e-02
4.007974896220714e-03	4.479737e-12	4.435384e-02
4.008491020257245e-03	4.178863e-12	4.137489e-02
4.008774647353740e-03	4.050198e-12	4.010097e-02
4.008919818679366e-03	3.993723e-12	3.954181e-02
4.009000226680440e-03	3.965517e-12	3.926255e-02
4.009055918944101e-03	3.945806e-12	3.906739e-02
4.009118938041001e-03	3.924609e-12	3.885752e-02
4.009176926156656e-03	3.905869e-12	3.867198e-02
4.009246598288187e-03	3.884084e-12	3.845628e-02
4.009328159957538e-03	3.859765e-12	3.821549e-02
4.009491283296238e-03	3.813924e-12	3.776164e-02
4.009642772468814e-03	3.775014e-12	3.737638e-02
4.009945750813966e-03	3.707595e-12	3.670886e-02
4.010457335513646e-03	3.615753e-12	3.579953e-02
4.011203548636138e-03	3.523659e-12	3.488771e-02
4.012695974881121e-03	3.445446e-12	3.411333e-02
4.014812874818549e-03	3.708845e-12	3.672124e-02
4.016080798885032e-03	4.641185e-12	4.595233e-02
4.017168615950373e-03	6.387844e-12	6.324598e-02
4.017849805559341e-03	7.710354e-12	7.634012e-02
4.018688391691729e-03	8.758445e-12	8.671726e-02
4.019312335934490e-03	8.685404e-12	8.599409e-02
4.019632660596502e-03	8.360273e-12	8.277497e-02
4.019887073380505e-03	8.065610e-12	7.985751e-02
4.020067531961277e-03	7.864251e-12	7.786386e-02
4.020230247107455e-03	7.691624e-12	7.615471e-02
4.020378259957716e-03	7.543170e-12	7.468488e-02
4.020529290933263e-03	7.400119e-12	7.326853e-02
4.020686509463028e-03	7.260468e-12	7.188583e-02
4.020862338951338e-03	7.116997e-12	7.046532e-02
4.021167688905414e-03	6.897657e-12	6.829365e-02
4.021653890995727e-03	6.605370e-12	6.539972e-02
4.022148596097937e-03	6.382415e-12	6.319224e-02
4.022971672951768e-03	6.175350e-12	6.114208e-02
4.023983804883223e-03	6.304491e-12	6.242072e-02
4.025357686441259e-03	7.263095e-12	7.191186e-02
4.026466130504440e-03	8.524676e-12	8.440276e-02
4.027203567240865e-03	9.246420e-12	9.154873e-02
4.027962977923373e-03	9.472382e-12	9.378598e-02
4.028654846897645e-03	9.269120e-12	9.177347e-02
4.029377913088065e-03	8.895648e-12	8.807573e-02
4.030126221310906e-03	8.556533e-12	8.471816e-02
4.031142653552078e-03	8.367283e-12	8.284440e-02
4.033175518034424e-03	8.775425e-12	8.688542e-02
4.035084296911828e-03	9.747315e-12	9.650809e-02
4.036379262490898e-03	1.032698e-11	1.022474e-01
4.037749420403325e-03	1.043470e-11	1.033139e-01
4.039156304726026e-03	1.024176e-11	1.014036e-01
4.040555228034140e-03	1.017890e-11	1.007812e-01
4.041935811388552e-03	1.047790e-11	1.037416e-01
4.043995168773281e-03	1.127766e-11	1.116600e-01
4.045692954838614e-03	1.177309e-11	1.165653e-01
4.047380385168280e-03	1.190467e-11	1.178681e-01
4.049289031433074e-03	1.196060e-11	1.184218e-01
4.051175092284674e-03	1.229658e-11	1.217483e-01
4.053469725419899e-03	1.294242e-11	1.281428e-01
4.056062158906725e-03	1.347192e-11	1.333853e-01
4.058568958311490e-03	1.376207e-11	1.362581e-01
4.061420919648501e-03	1.423936e-11	1.409838e-01
4.064185568694002e-03	1.486321e-11	1.471605e-01
4.067686864392251e-03	1.549055e-11	1.533718e-01
4.071239448992585e-03	1.604889e-11	1.588999e-01
4.075692518447214e-03	1.690600e-11	1.673861e-01
4.080617254359466e-03	1.781396e-11	1.763759e-01
4.086446461710666e-03	1.882163e-11	1.863528e-01
4.092555200178427e-03	1.995306e-11	1.975550e-01
4.101005471582726e-03	2.147187e-11	2.125928e-01
4.109773257330441e-03	2.304965e-11	2.282143e-01
4.120425726379565e-03	2.498655e-11	2.473916e-01
4.131506983170483e-03	2.697806e-11	2.671095e-01
4.143225733170484e-03	2.910528e-11	2.881711e-01
4.154944483170483e-03	3.121322e-11	3.090417e-01
4.166663233170484e-03	3.333695e-11	3.300688e-01
4.178381983170484e-03	3.544998e-11	3.509899e-01
4.190100733170484e-03	3.756714e-11	3.719518e-01
4.201819483170484e-03	3.968685e-11	3.929391e-01
4.213538233170484e-03	4.179842e-11	4.138458e-01
4.225256983170484e-03	4.392198e-11	4.348711e-01
4.236975733170484e-03	4.603195e-11	4.557618e-01
4.248694483170484e-03	4.815464e-11	4.767786e-01
4.260413233170484e-03	5.026746e-11	4.976978e-01
4.272131983170484e-03	5.238577e-11	5.186712e-01
4.283850733170484e-03	5.450355e-11	5.396394e-01
4.295569483170484e-03	5.661721e-11	5.605667e-01
4.307288233170484e-03	5.873859e-11	5.815703e-01
4.319006983170484e-03	6.085023e-11	6.024776e-01
4.330725733170484e-03	6.297180e-11	6.234831e-01
4.342444483170484e-03	6.508487e-11	6.444046e-01
4.354163233170484e-03	6.720362e-11	6.653823e-01
4.365881983170484e-03	6.932018e-11	6.863384e-01
4.377600733170484e-03	7.143534e-11	7.072805e-01
4.389319483170484e-03	7.355498e-11	7.282670e-01
4.401038233170484e-03	7.566804e-11	7.491884e-01
4.412756983170484e-03	7.778847e-11	7.701829e-01
4.424475733170484e-03	7.990199e-11	7.911089e-01
4.436194483170484e-03	8.202081e-11	8.120873e-01
4.447913233170484e-03	8.413668e-11	8.330364e-01
4.459631983170484e-03	8.625280e-11	8.539882e-01
4.471350733170483e-03	8.837115e-11	8.749620e-01
4.483069483170484e-03	9.048534e-11	8.958945e-01
4.494788233170483e-03	9.260476e-11	9.168789e-01
4.506506983170484e-03	9.471879e-11	9.378101e-01
4.518225733170483e-03	9.683741e-11	9.587865e-01
4.529944483170484e-03	9.895294e-11	9.797321e-01
4.541663233170483e-03	1.010697e-10	1.000690e+00
4.553381983170484e-03	1.031871e-10	1.021654e+00
4.565100733170483e-03	1.053021e-10	1.042596e+00
4.576819483170484e-03	1.074208e-10	1.063572e+00
4.588538233170483e-03	1.095353e-10	1.084508e+00
4.600256983170484e-03	1.116536e-10	1.105481e+00
4.611975733170483e-03	1.137690e-10	1.126426e+00
4.623694483170484e-03	1.158859e-10	1.147385e+00
4.635413233170483e-03	1.180029e-10	1.168345e+00
4.647131983170484e-03	1.201183e-10	1.189291e+00
4.658850733170483e-03	1.222363e-10	1.210261e+00
4.670569483170484e-03	1.243513e-10	1.231201e+00
4.682288233170484e-03	1.264691e-10	1.252170e+00
4.694006983170484e-03	1.285847e-10	1.273116e+00
4.705725733170484e-03	1.307017e-10	1.294076e+00
4.717444483170484e-03	1.328183e-10	1.315032e+00
4.729163233170484e-03	1.349342e-10	1.335983e+00
4.740881983170484e-03	1.370516e-10	1.356947e+00
4.752600733170484e-03	1.391670e-10	1.377891e+00
4.764319483170484e-03	1.412845e-10	1.398857e+00
4.776038233170484e-03	1.434000e-10	1.419803e+00
4.787756983170484e-03	1.455171e-10	1.440763e+00
4.799475733170484e-03	1.476333e-10	1.461716e+00
4.811194483170484e-03	1.497496e-10	1.482669e+00
4.822913233170484e-03	1.518665e-10	1.503628e+00
4.834631983170484e-03	1.539821e-10	1.524576e+00
4.846350733170484e-03	1.560993e-10	1.545538e+00
4.858069483170484e-03	1.582150e-10	1.566485e+00
4.869788233170484e-03	1.603320e-10	1.587445e+00
4.881506983170484e-03	1.624480e-10	1.608397e+00
4.893225733170484e-03	1.645645e-10	1.629351e+00
4.904944483170484e-03	1.666811e-10	1.650308e+00
4.916663233170484e-03	1.687970e-10	1.671257e+00
4.928381983170484e-03	1.709139e-10	1.692217e+00
4.940100733170484e-03	1.730297e-10	1.713165e+00
4.951819483170483e-03	1.751465e-10	1.734123e+00
4.963538233170484e-03	1.772624e-10	1.755074e+00
4.975256983170483e-03	1.793789e-10	1.776029e+00
4.986975733170484e-03	1.814941e-10	1.796972e+00
4.988281250000000e-03	1.817290e-10	1.799297e+00
4.990892283659032e-03	1.822007e-10	1.803967e+00
4.994777932681935e-03	1.829050e-10	1.810941e+00
5.000000000000000e-03	1.838479e-10	1.820276e+00
5.010444134636130e-03	1.857332e-10	1.838943e+00
5.022162884636130e-03	1.878497e-10	1.859899e+00
5.033881634636130e-03	1.899657e-10	1.880849e+00
5.045600384636130e-03	1.920823e-10	1.901805e+00
5.057319134636130e-03	1.941983e-10	1.922756e+00
5.069037884636130e-03	1.963148e-10	1.943711e+00
5.080756634636130e-03	1.984309e-10	1.964663e+00
5.092475384636130e-03	2.005472e-10	1.985616e+00
5.104194134636130e-03	2.026635e-10	2.006569e+00
5.115912884636130e-03	2.047796e-10	2.027520e+00
5.127631634636130e-03	2.068960e-10	2.048475e+00
5.139350384636130e-03	2.090119e-10	2.069425e+00
5.151069134636130e-03	2.111283e-10	2.090380e+00
5.162787884636130e-03	2.132444e-10	2.111331e+00
5.174506634636130e-03	2.153606e-10	2.132284e+00
5.186225384636130e-03	2.174768e-10	2.153236e+00
5.197944134636130e-03	2.195929e-10	2.174187e+00
5.209662884636130e-03	2.217092e-10	2.195141e+00
5.221381634636130e-03	2.238251e-10	2.216091e+00
5.233100384636130e-03	2.259414e-10	2.237044e+00
5.244819134636130e-03	2.280575e-10	2.257995e+00
5.268256634636130e-03	2.322898e-10	2.299899e+00
5.279975384636130e-03	2.344059e-10	2.320850e+00
5.291694134636130e-03	2.365221e-10	2.341803e+00
5.303412884636130e-03	2.386381e-10	2.362753e+00
5.315131634636130e-03	2.407543e-10	2.383706e+00
5.326850384636130e-03	2.428702e-10	2.404656e+00
5.338569134636130e-03	2.449863e-10	2.425608e+00
5.350287884636130e-03	2.471023e-10	2.446558e+00
5.362006634636130e-03	2.492184e-10	2.467510e+00
5.373725384636130e-03	2.513345e-10	2.488461e+00
5.385444134636130e-03	2.534505e-10	2.509411e+00
5.397162884636130e-03	2.555666e-10	2.530363e+00
5.408881634636130e-03	2.576825e-10	2.551313e+00
5.420600384636130e-03	2.597986e-10	2.572264e+00
5.432319134636130e-03	2.619146e-10	2.593214e+00
5.444037884636130e-03	2.640306e-10	2.614165e+00
5.455756634636130e-03	2.661466e-10	2.635116e+00
5.467475384636130e-03	2.682626e-10	2.656066e+00
5.490912884636130e-03	2.724945e-10	2.697966e+00
5.502631634636130e-03	2.746106e-10	2.718917e+00
5.514350384636130e-03	2.767264e-10	2.739866e+00
5.526069134636130e-03	2.788424e-10	2.760817e+00
5.537787884636130e-03	2.809584e-10	2.781767e+00
5.549506634636130e-03	2.830743e-10	2.802716e+00
5.561225384636130e-03	2.851902e-10	2.823666e+00
5.584662884636130e-03	2.894221e-10	2.865566e+00
5.596381634636130e-03	2.915380e-10	2.886515e+00
5.619819134636130e-03	2.957698e-10	2.928414e+00
5.631537884636130e-03	2.978857e-10	2.949363e+00
5.643256634636130e-03	3.000016e-10	2.970313e+00
5.654975384636130e-03	3.021174e-10	2.991262e+00
5.678412884636130e-03	3.063491e-10	3.033160e+00
5.690131634636130e-03	3.084649e-10	3.054109e+00
5.713569134636130e-03	3.126966e-10	3.096007e+00
5.725287884636130e-03	3.148125e-10	3.116956e+00
5.748725384636130e-03	3.190441e-10	3.158853e+00
5.772162884636130e-03	3.232758e-10	3.200750e+00
5.783881634636130e-03	3.253915e-10	3.221698e+00
5.807319134636130e-03	3.296231e-10	3.263595e+00
5.819037884636130e-03	3.317388e-10	3.284543e+00
5.842475384636130e-03	3.359703e-10	3.326439e+00
5.865912884636130e-03	3.402018e-10	3.368335e+00
5.889350384636130e-03	3.444333e-10	3.410230e+00
6.133770027493273e-03	3.885593e-10	3.847122e+00
6.378189670350416e-03	4.326824e-10	4.283984e+00
6.622609313207559e-03	4.768026e-10	4.720818e+00
6.867028956064702e-03	5.209198e-10	5.157622e+00
7.111448598921845e-03	5.650341e-10	5.594398e+00
7.355868241778987e-03	6.091455e-10	6.031144e+00
7.600287884636130e-03	6.532540e-10	6.467861e+00
7.647162884636130e-03	6.617128e-10	6.551612e+00
7.694037884636130e-03	6.701715e-10	6.635363e+00
7.740912884636130e-03	6.786302e-10	6.719112e+00
7.787787884636129e-03	6.870888e-10	6.802860e+00
7.834662884636129e-03	6.955473e-10	6.886608e+00
7.881537884636129e-03	7.040057e-10	6.970354e+00
7.928412884636129e-03	7.124640e-10	7.054099e+00
7.940131634636130e-03	7.145785e-10	7.075035e+00
7.968591456064700e-03	7.197138e-10	7.125880e+00
7.997051277493273e-03	7.248491e-10	7.176724e+00
8.025511098921844e-03	7.299844e-10	7.227568e+00
8.053970920350416e-03	7.351195e-10	7.278411e+00
8.082430741778987e-03	7.402547e-10	7.329255e+00
8.110890563207560e-03	7.453897e-10	7.380097e+00
8.139350384636130e-03	7.505248e-10	7.430940e+00
8.174506634636130e-03	7.568680e-10	7.493744e+00
8.209662884636129e-03	7.632112e-10	7.556549e+00
8.244819134636131e-03	7.695545e-10	7.619352e+00
8.279975384636130e-03	7.758976e-10	7.682154e+00
8.303412884636130e-03	7.801261e-10	7.724022e+00
8.326850384636130e-03	7.843548e-10	7.765889e+00
8.350287884636130e-03	7.885833e-10	7.807756e+00
8.373725384636131e-03	7.928118e-10	7.849623e+00
8.397162884636130e-03	7.970402e-10	7.891489e+00
8.420600384636131e-03	8.012688e-10	7.933354e+00
8.444037884636130e-03	8.054969e-10	7.975219e+00
8.467475384636131e-03	8.097253e-10	8.017083e+00
8.490912884636130e-03	8.139535e-10	8.058947e+00
8.514350384636131e-03	8.181817e-10	8.100809e+00
8.526069134636129e-03	8.202957e-10	8.121739e+00
8.537787884636130e-03	8.224096e-10	8.142670e+00
8.549506634636130e-03	8.245236e-10	8.163600e+00
8.561225384636131e-03	8.266374e-10	8.184530e+00
8.572944134636129e-03	8.287513e-10	8.205460e+00
8.584662884636130e-03	8.308653e-10	8.226389e+00
8.596381634636130e-03	8.329791e-10	8.247318e+00
8.608100384636131e-03	8.350929e-10	8.268247e+00
8.619819134636129e-03	8.372066e-10	8.289175e+00
8.631537884636130e-03	8.393204e-10	8.310102e+00
8.643256634636130e-03	8.414339e-10	8.331030e+00
8.654975384636131e-03	8.435472e-10	8.351956e+00
8.666694134636129e-03	8.456608e-10	8.372882e+00
8.678412884636130e-03	8.477745e-10	8.393807e+00
8.690131634636130e-03	8.498881e-10	8.414732e+00
8.701850384636131e-03	8.520014e-10	8.435657e+00
8.713569134636130e-03	8.541147e-10	8.456580e+00
8.725287884636130e-03	8.562279e-10	8.477503e+00
8.737006634636130e-03	8.583407e-10	8.498425e+00
8.748725384636131e-03	8.604537e-10	8.519344e+00
8.760444134636130e-03	8.625665e-10	8.540264e+00
8.772162884636130e-03	8.646794e-10	8.561183e+00
8.783881634636130e-03	8.667921e-10	8.582101e+00
8.795600384636129e-03	8.689046e-10	8.603016e+00
8.807319134636130e-03	8.710170e-10	8.623931e+00
8.819037884636130e-03	8.731292e-10	8.644844e+00
8.830756634636130e-03	8.752413e-10	8.665755e+00
8.842475384636129e-03	8.773533e-10	8.686665e+00
8.854194134636130e-03	8.794652e-10	8.707573e+00
8.865912884636130e-03	8.815765e-10	8.728478e+00
8.877631634636131e-03	8.836877e-10	8.749382e+00
8.889350384636129e-03	8.857986e-10	8.770283e+00
8.901069134636130e-03	8.879091e-10	8.791182e+00
8.912787884636130e-03	8.900194e-10	8.812077e+00
8.924506634636131e-03	8.921295e-10	8.832968e+00
8.936225384636129e-03	8.942393e-10	8.853857e+00
8.947944134636130e-03	8.963490e-10	8.874742e+00
8.959662884636130e-03	8.984580e-10	8.895622e+00
8.971381634636131e-03	9.005663e-10	8.916499e+00
8.983100384636129e-03	9.026742e-10	8.937371e+00
8.994819134636130e-03	9.047817e-10	8.958238e+00
9.006537884636130e-03	9.068887e-10	8.979098e+00
9.018256634636131e-03	9.089951e-10	8.999953e+00
9.029975384636129e-03	9.111006e-10	9.020802e+00
9.041694134636130e-03	9.132055e-10	9.041641e+00
9.053412884636130e-03	9.153097e-10	9.062474e+00
9.065131634636131e-03	9.174130e-10	9.083298e+00
9.076850384636129e-03	9.195154e-10	9.104113e+00
9.088569134636130e-03	9.216163e-10	9.124916e+00
9.100287884636130e-03	9.237162e-10	9.145707e+00
9.112006634636131e-03	9.258150e-10	9.166487e+00
9.123725384636129e-03	9.279125e-10	9.187252e+00
9.135444134636130e-03	9.300085e-10	9.208003e+00
9.147162884636130e-03	9.321025e-10	9.228737e+00
9.158881634636131e-03	9.341945e-10	9.249453e+00
9.170600384636129e-03	9.362847e-10	9.270147e+00
9.182319134636130e-03	9.383727e-10	9.290819e+00
9.194037884636130e-03	9.404583e-10	9.311466e+00
9.205756634636131e-03	9.425407e-10	9.332087e+00
9.217475384636130e-03	9.446200e-10	9.352674e+00
9.229194134636130e-03	9.466961e-10	9.373229e+00
9.240912884636130e-03	9.487682e-10	9.393744e+00
9.252631634636131e-03	9.508357e-10	9.414216e+00
9.264350384636130e-03	9.528983e-10	9.434638e+00
9.287787884636130e-03	9.570059e-10	9.475309e+00
9.311225384636130e-03	9.610843e-10	9.515688e+00
9.322944134636130e-03	9.631094e-10	9.535739e+00
9.334662884636130e-03	9.651233e-10	9.555676e+00
9.346381634636129e-03	9.671237e-10	9.575481e+00
9.358100384636130e-03	9.691081e-10	9.595130e+00
9.369819134636130e-03	9.710734e-10	9.614590e+00
9.381537884636131e-03	9.730159e-10	9.633822e+00
9.393256634636129e-03	9.749308e-10	9.652781e+00
9.404975384636130e-03	9.768120e-10	9.671405e+00
9.416694134636130e-03	9.786516e-10	9.689622e+00
9.428412884636131e-03	9.804416e-10	9.707346e+00
9.440131634636129e-03	9.821725e-10	9.724483e+00
9.451850384636130e-03	9.838343e-10	9.740936e+00
9.463569134636130e-03	9.854186e-10	9.756622e+00
9.475287884636131e-03	9.869193e-10	9.771482e+00
9.487006634636129e-03	9.883340e-10	9.785487e+00
9.498725384636130e-03	9.896630e-10	9.798646e+00
9.510444134636130e-03	9.909096e-10	9.810987e+00
9.522162884636131e-03	9.920782e-10	9.822556e+00
9.533881634636129e-03	9.931732e-10	9.833399e+00
9.545600384636130e-03	9.941995e-10	9.843561e+00
9.557319134636130e-03	9.951616e-10	9.853086e+00
9.569037884636131e-03	9.960637e-10	9.862017e+00
9.580756634636129e-03	9.969091e-10	9.870388e+00
9.592475384636130e-03	9.977015e-10	9.878236e+00
9.604194134636130e-03	9.984447e-10	9.885593e+00
9.615912884636131e-03	9.991415e-10	9.892490e+00
9.627631634636129e-03	9.997947e-10	9.898956e+00
9.639350384636130e-03	1.000407e-09	9.905019e+00
9.651069134636130e-03	1.000981e-09	9.910702e+00
9.662787884636131e-03	1.001519e-09	9.916030e+00
9.674506634636129e-03	1.002024e-09	9.921025e+00
9.686225384636130e-03	1.002497e-09	9.925709e+00
9.697944134636130e-03	1.002940e-09	9.930099e+00
9.709662884636131e-03	1.003356e-09	9.934216e+00
9.721381634636130e-03	1.003745e-09	9.938075e+00
9.733100384636130e-03	1.004111e-09	9.941693e+00
9.744819134636130e-03	1.004454e-09	9.945086e+00
9.756537884636131e-03	1.004775e-09	9.948268e+00
9.768256634636130e-03	1.005076e-09	9.951251e+00
9.779975384636130e-03	1.005359e-09	9.954048e+00
9.791694134636130e-03	1.005624e-09	9.956672e+00
9.803412884636129e-03	1.005872e-09	9.959131e+00
9.815131634636130e-03	1.006105e-09	9.961438e+00
9.826850384636130e-03	1.006324e-09	9.963601e+00
9.838569134636131e-03	1.006529e-09	9.965631e+00
9.850287884636129e-03	1.006721e-09	9.967533e+00
9.862006634636130e-03	1.006901e-09	9.969318e+00
9.873725384636130e-03	1.007070e-09	9.970992e+00
9.885444134636131e-03	1.007229e-09	9.972562e+00
9.897162884636129e-03	1.007377e-09	9.974034e+00
9.908881634636130e-03	1.007517e-09	9.975415e+00
9.920600384636130e-03	1.007648e-09	9.976710e+00
9.932319134636131e-03	1.007770e-09	9.977924e+00
9.944037884636129e-03	1.007885e-09	9.979063e+00
9.955756634636130e-03	1.007993e-09	9.980130e+00
9.967475384636130e-03	1.008094e-09	9.981131e+00
9.979194134636131e-03	1.008189e-09	9.982069e+00
9.990912884636129e-03	1.008278e-09	9.982948e+00
1.000263163463613e-02	1.008361e-09	9.983772e+00
1.001435038463613e-02	1.008439e-09	9.984545e+00
1.002606913463613e-02	1.008512e-09	9.985270e+00
1.003778788463613e-02	1.008581e-09	9.985949e+00
1.004950663463613e-02	1.008645e-09	9.986585e+00
1.006122538463613e-02	1.008705e-09	9.987181e+00
1.007294413463613e-02	1.008762e-09	9.987740e+00
1.008466288463613e-02	1.008815e-09	9.988264e+00
1.009638163463613e-02	1.008864e-09	9.988755e+00
1.010810038463613e-02	1.008911e-09	9.989216e+00
1.011981913463613e-02	1.008954e-09	9.989647e+00
1.013153788463613e-02	1.008995e-09	9.990051e+00
1.014325663463613e-02	1.009033e-09	9.990429e+00
1.015497538463613e-02	1.009069e-09	9.990784e+00
1.016669413463613e-02	1.009103e-09	9.991117e+00
1.017841288463613e-02	1.009134e-09	9.991428e+00
1.019013163463613e-02	1.009164e-09	9.991720e+00
1.020185038463613e-02	1.009191e-09	9.991995e+00
1.021356913463613e-02	1.009217e-09	9.992250e+00
1.022528788463613e-02	1.009241e-09	9.992491e+00
1.024872538463613e-02	1.009286e-09	9.992928e+00
1.027216288463613e-02	1.009324e-09	9.993310e+00
1.029560038463613e-02	1.009358e-09	9.993647e+00
1.031903788463613e-02	1.009388e-09	9.993941e+00
1.034247538463613e-02	1.009414e-09	9.994200e+00
1.036591288463613e-02	1.009437e-09	9.994428e+00
1.038935038463613e-02	1.009457e-09	9.994627e+00
1.040106913463613e-02	1.009466e-09	9.994717e+00
1.042450663463613e-02	1.009483e-09	9.994882e+00
1.044794413463613e-02	1.009497e-09	9.995026e+00
1.047138163463613e-02	1.009510e-09	9.995152e+00
1.049481913463613e-02	1.009521e-09	9.995262e+00
1.051825663463613e-02	1.009531e-09	9.995359e+00
1.054169413463613e-02	1.009540e-09	9.995445e+00
1.056513163463613e-02	1.009547e-09	9.995520e+00
1.057685038463613e-02	1.009551e-09	9.995554e+00
1.060028788463613e-02	1.009557e-09	9.995615e+00
1.062372538463613e-02	1.009563e-09	9.995669e+00
1.064716288463613e-02	1.009567e-09	9.995717e+00
1.067060038463613e-02	1.009572e-09	9.995759e+00
1.069403788463613e-02	1.009575e-09	9.995795e+00
1.071747538463613e-02	1.009579e-09	9.995828e+00
1.072919413463613e-02	1.009580e-09	9.995842e+00
1.074091288463613e-02	1.009581e-09	9.995855e+00
1.076435038463613e-02	1.009584e-09	9.995880e+00
1.077606913463613e-02	1.009585e-09	9.995892e+00
1.078778788463613e-02	1.009586e-09	9.995902e+00
1.079950663463613e-02	1.009587e-09	9.995912e+00
1.081122538463613e-02	1.009588e-09	9.995921e+00
1.083466288463613e-02	1.009590e-09	9.995937e+00
1.084638163463613e-02	1.009590e-09	9.995945e+00
1.086981913463613e-02	1.009592e-09	9.995958e+00
1.089325663463613e-02	1.009593e-09	9.995971e+00
1.091669413463613e-02	1.009594e-09	9.995981e+00
1.094013163463613e-02	1.009595e-09	9.995991e+00
1.096356913463613e-02	1.009596e-09	9.995998e+00
1.098700663463613e-02	1.009596e-09	9.996006e+00
1.101044413463613e-02	1.009597e-09	9.996012e+00
1.103388163463613e-02	1.009598e-09	9.996017e+00
1.105731913463613e-02	1.009598e-09	9.996022e+00
1.108075663463613e-02	1.009598e-09	9.996027e+00
1.110419413463613e-02	1.009599e-09	9.996030e+00
1.112763163463613e-02	1.009599e-09	9.996034e+00
1.115106913463613e-02	1.009600e-09	9.996037e+00
1.117450663463613e-02	1.009600e-09	9.996038e+00
1.119794413463613e-02	1.009600e-09	9.996041e+00
1.122138163463613e-02	1.009600e-09	9.996043e+00
1.124481913463613e-02	1.009601e-09	9.996044e+00
1.126825663463613e-02	1.009601e-09	9.996046e+00
1.129169413463613e-02	1.009601e-09	9.996047e+00
1.132685038463613e-02	1.009601e-09	9.996049e+00
1.136200663463613e-02	1.009601e-09	9.996050e+00
1.139716288463613e-02	1.009601e-09	9.996052e+00
1.143231913463613e-02	1.009601e-09	9.996052e+00
1.146747538463613e-02	1.009602e-09	9.996054e+00
1.150263163463613e-02	1.009602e-09	9.996054e+00
1.153109145606470e-02	1.009602e-09	9.996054e+00
1.155955127749327e-02	1.009602e-09	9.996055e+00
1.158801109892184e-02	1.009602e-09	9.996055e+00
1.161647092035042e-02	1.009602e-09	9.996056e+00
1.164493074177899e-02	1.009602e-09	9.996056e+00
1.167339056320756e-02	1.009602e-09	9.996056e+00
1.170185038463613e-02	1.009602e-09	9.996056e+00
1.174202895606470e-02	1.009602e-09	9.996056e+00
1.178220752749327e-02	1.009602e-09	9.996056e+00
1.182238609892184e-02	1.009602e-09	9.996056e+00
1.186256467035042e-02	1.009602e-09	9.996056e+00
1.190274324177899e-02	1.009602e-09	9.996056e+00
1.194292181320756e-02	1.009602e-09	9.996056e+00
1.198310038463613e-02	1.009602e-09	9.996056e+00
1.199481913463613e-02	1.009602e-09	9.996056e+00
1.200000000000000e-02	1.009602e-09	9.996056e+00
