time	V(vout)	-I(Rl)
0.000000000000000e+000	1.027415e+000	1.037689e-010
1.000000013351432e-010	1.027415e+000	1.037689e-010
2.000000026702864e-010	1.027415e+000	1.037689e-010
4.000000053405728e-010	1.027415e+000	1.037689e-010
8.000000106811456e-010	1.027415e+000	1.037689e-010
1.600000021362291e-009	1.027415e+000	1.037689e-010
3.200000042724582e-009	1.027415e+000	1.037689e-010
6.400000085449165e-009	1.027415e+000	1.037689e-010
1.280000017089833e-008	1.027415e+000	1.037689e-010
2.560000034179666e-008	1.027415e+000	1.037689e-010
1.024000013671866e-007	1.027415e+000	1.037689e-010
2.048000027343733e-007	1.027415e+000	1.037689e-010
4.096000054687465e-007	1.027415e+000	1.037689e-010
8.192000109374931e-007	1.027415e+000	1.037689e-010
1.638400021874986e-006	1.027415e+000	1.037689e-010
2.638400021874986e-006	1.027415e+000	1.037689e-010
3.638400021874986e-006	1.027415e+000	1.037689e-010
5.638400021874986e-006	1.027415e+000	1.037689e-010
7.638400021874986e-006	1.027415e+000	1.037689e-010
8.638400021874987e-006	1.027415e+000	1.037689e-010
9.638400021874986e-006	1.027415e+000	1.037689e-010
1.063840002187499e-005	1.027415e+000	1.037689e-010
1.163840002187499e-005	1.027415e+000	1.037689e-010
1.263840002187499e-005	1.027415e+000	1.037689e-010
1.363840002187499e-005	1.027415e+000	1.037689e-010
1.463840002187499e-005	1.027415e+000	1.037689e-010
1.663840002187499e-005	1.027415e+000	1.037689e-010
1.963840002187499e-005	1.027415e+000	1.037689e-010
2.063840002187499e-005	1.027415e+000	1.037689e-010
2.163840002187499e-005	1.027415e+000	1.037689e-010
2.263840002187499e-005	1.027415e+000	1.037689e-010
2.363840002187499e-005	1.027415e+000	1.037689e-010
2.463840002187499e-005	1.027415e+000	1.037689e-010
2.563840002187499e-005	1.027415e+000	1.037689e-010
2.663840002187499e-005	1.027415e+000	1.037689e-010
2.863840002187499e-005	1.027415e+000	1.037689e-010
2.935268573616070e-005	1.027415e+000	1.037689e-010
3.006697145044642e-005	1.027415e+000	1.037689e-010
3.078125716473213e-005	1.027415e+000	1.037689e-010
3.149554287901785e-005	1.027415e+000	1.037689e-010
3.220982859330356e-005	1.027415e+000	1.037689e-010
3.292411430758927e-005	1.027415e+000	1.037689e-010
3.363840002187499e-005	1.027415e+000	1.037689e-010
3.463840002187499e-005	1.027415e+000	1.037689e-010
3.563840002187499e-005	1.027415e+000	1.037689e-010
3.663840002187498e-005	1.027415e+000	1.037689e-010
3.763840002187499e-005	1.027415e+000	1.037689e-010
3.963840002187499e-005	1.027415e+000	1.037689e-010
4.049554287901785e-005	1.027415e+000	1.037689e-010
4.135268573616071e-005	1.027415e+000	1.037689e-010
4.220982859330356e-005	1.027415e+000	1.037689e-010
4.306697145044642e-005	1.027415e+000	1.037689e-010
4.392411430758928e-005	1.027415e+000	1.037689e-010
4.478125716473213e-005	1.027415e+000	1.037689e-010
4.563840002187499e-005	1.027415e+000	1.037689e-010
4.763840002187499e-005	1.027415e+000	1.037689e-010
4.863840002187498e-005	1.027415e+000	1.037689e-010
5.063840002187499e-005	1.027415e+000	1.037689e-010
5.263840002187499e-005	1.027415e+000	1.037689e-010
5.349554287901784e-005	1.027415e+000	1.037689e-010
5.435268573616070e-005	1.027415e+000	1.037689e-010
5.520982859330356e-005	1.027415e+000	1.037689e-010
5.606697145044642e-005	1.027415e+000	1.037689e-010
5.692411430758927e-005	1.027415e+000	1.037689e-010
5.778125716473213e-005	1.027415e+000	1.037689e-010
5.863840002187499e-005	1.027415e+000	1.037689e-010
6.063840002187498e-005	1.027415e+000	1.037689e-010
6.263840002187499e-005	1.027415e+000	1.037689e-010
6.463840002187499e-005	1.027415e+000	1.037689e-010
6.563840002187498e-005	1.027415e+000	1.037689e-010
6.663840002187498e-005	1.027415e+000	1.037689e-010
6.763840002187499e-005	1.027415e+000	1.037689e-010
6.863840002187499e-005	1.027415e+000	1.037689e-010
6.963840002187499e-005	1.027415e+000	1.037689e-010
7.063840002187498e-005	1.027415e+000	1.037689e-010
7.163840002187498e-005	1.027415e+000	1.037689e-010
7.363840002187499e-005	1.027415e+000	1.037689e-010
7.563840002187498e-005	1.027415e+000	1.037689e-010
7.663840002187498e-005	1.027415e+000	1.037689e-010
7.763840002187499e-005	1.027415e+000	1.037689e-010
7.863840002187499e-005	1.027415e+000	1.037689e-010
7.963840002187499e-005	1.027415e+000	1.037689e-010
8.063840002187500e-005	1.027415e+000	1.037689e-010
8.163840002187499e-005	1.027415e+000	1.037689e-010
8.263840002187499e-005	1.027415e+000	1.037689e-010
8.463840002187498e-005	1.027415e+000	1.037689e-010
8.663840002187499e-005	1.027415e+000	1.037689e-010
8.963840002187498e-005	1.027415e+000	1.037689e-010
9.078125716473213e-005	1.027415e+000	1.037689e-010
9.192411430758927e-005	1.027415e+000	1.037689e-010
9.306697145044642e-005	1.027415e+000	1.037689e-010
9.420982859330355e-005	1.027415e+000	1.037689e-010
9.535268573616070e-005	1.027415e+000	1.037689e-010
9.649554287901785e-005	1.027415e+000	1.037689e-010
9.763840002187499e-005	1.027415e+000	1.037689e-010
1.006384000218750e-004	1.027415e+000	1.037689e-010
1.017812571647321e-004	1.027415e+000	1.037689e-010
1.029241143075893e-004	1.027415e+000	1.037689e-010
1.040669714504464e-004	1.027415e+000	1.037689e-010
1.052098285933036e-004	1.027415e+000	1.037689e-010
1.063526857361607e-004	1.027415e+000	1.037689e-010
1.074955428790179e-004	1.027415e+000	1.037689e-010
1.086384000218750e-004	1.027415e+000	1.037689e-010
1.116384000218750e-004	1.027415e+000	1.037689e-010
1.127812571647321e-004	1.027415e+000	1.037689e-010
1.139241143075893e-004	1.027415e+000	1.037689e-010
1.150669714504464e-004	1.027415e+000	1.037689e-010
1.162098285933036e-004	1.027415e+000	1.037689e-010
1.173526857361607e-004	1.027415e+000	1.037689e-010
1.184955428790179e-004	1.027415e+000	1.037689e-010
1.196384000218750e-004	1.027415e+000	1.037689e-010
1.226384000218750e-004	1.027415e+000	1.037689e-010
1.239241143075893e-004	1.027415e+000	1.037689e-010
1.252098285933036e-004	1.027415e+000	1.037689e-010
1.264955428790178e-004	1.027415e+000	1.037689e-010
1.277812571647321e-004	1.027415e+000	1.037689e-010
1.290669714504464e-004	1.027415e+000	1.037689e-010
1.303526857361607e-004	1.027415e+000	1.037689e-010
1.316384000218750e-004	1.027415e+000	1.037689e-010
1.346384000218750e-004	1.027415e+000	1.037689e-010
1.359241143075893e-004	1.027415e+000	1.037689e-010
1.372098285933036e-004	1.027415e+000	1.037689e-010
1.384955428790178e-004	1.027415e+000	1.037689e-010
1.397812571647322e-004	1.027415e+000	1.037689e-010
1.410669714504464e-004	1.027415e+000	1.037689e-010
1.423526857361607e-004	1.027415e+000	1.037689e-010
1.436384000218750e-004	1.027415e+000	1.037689e-010
1.450669714504464e-004	1.027415e+000	1.037689e-010
1.464955428790179e-004	1.027415e+000	1.037689e-010
1.479241143075893e-004	1.027415e+000	1.037689e-010
1.493526857361607e-004	1.027415e+000	1.037689e-010
1.507812571647321e-004	1.027415e+000	1.037689e-010
1.522098285933036e-004	1.027415e+000	1.037689e-010
1.536384000218750e-004	1.027415e+000	1.037689e-010
1.553526857361607e-004	1.027415e+000	1.037689e-010
1.570669714504464e-004	1.027415e+000	1.037689e-010
1.587812571647322e-004	1.027415e+000	1.037689e-010
1.604955428790179e-004	1.027415e+000	1.037689e-010
1.622098285933036e-004	1.027415e+000	1.037689e-010
1.639241143075893e-004	1.027415e+000	1.037689e-010
1.656384000218750e-004	1.027415e+000	1.037689e-010
1.674955428790178e-004	1.027415e+000	1.037689e-010
1.693526857361607e-004	1.027415e+000	1.037689e-010
1.712098285933036e-004	1.027415e+000	1.037689e-010
1.730669714504464e-004	1.027415e+000	1.037689e-010
1.749241143075893e-004	1.027415e+000	1.037689e-010
1.767812571647321e-004	1.027415e+000	1.037689e-010
1.786384000218750e-004	1.027415e+000	1.037689e-010
1.804955428790178e-004	1.027415e+000	1.037689e-010
1.823526857361607e-004	1.027415e+000	1.037689e-010
1.842098285933036e-004	1.027415e+000	1.037689e-010
1.860669714504464e-004	1.027415e+000	1.037689e-010
1.879241143075893e-004	1.027415e+000	1.037689e-010
1.897812571647321e-004	1.027415e+000	1.037689e-010
1.916384000218750e-004	1.027415e+000	1.037689e-010
1.936384000218750e-004	1.027415e+000	1.037689e-010
1.956384000218750e-004	1.027415e+000	1.037689e-010
1.976384000218750e-004	1.027415e+000	1.037689e-010
1.996384000218750e-004	1.027415e+000	1.037689e-010
2.016384000218750e-004	1.027415e+000	1.037689e-010
2.036384000218750e-004	1.027415e+000	1.037689e-010
2.056384000218750e-004	1.027415e+000	1.037689e-010
2.077812571647321e-004	1.027415e+000	1.037689e-010
2.099241143075893e-004	1.027415e+000	1.037689e-010
2.120669714504464e-004	1.027415e+000	1.037689e-010
2.142098285933036e-004	1.027415e+000	1.037689e-010
2.163526857361607e-004	1.027415e+000	1.037689e-010
2.184955428790179e-004	1.027415e+000	1.037689e-010
2.206384000218750e-004	1.027415e+000	1.037689e-010
2.237812571647321e-004	1.027415e+000	1.037689e-010
2.269241143075893e-004	1.027415e+000	1.037689e-010
2.300669714504464e-004	1.027415e+000	1.037689e-010
2.332098285933036e-004	1.027415e+000	1.037689e-010
2.363526857361607e-004	1.027415e+000	1.037689e-010
2.394955428790179e-004	1.027415e+000	1.037689e-010
2.426384000218750e-004	1.027415e+000	1.037689e-010
2.463526857361607e-004	1.027415e+000	1.037689e-010
2.500669714504464e-004	1.027415e+000	1.037689e-010
2.537812571647321e-004	1.027415e+000	1.037689e-010
2.574955428790178e-004	1.027415e+000	1.037689e-010
2.612098285933036e-004	1.027415e+000	1.037689e-010
2.649241143075893e-004	1.027415e+000	1.037689e-010
2.686384000218750e-004	1.027415e+000	1.037689e-010
2.724955428790178e-004	1.027415e+000	1.037689e-010
2.763526857361607e-004	1.027415e+000	1.037689e-010
2.802098285933036e-004	1.027415e+000	1.037689e-010
2.840669714504464e-004	1.027415e+000	1.037689e-010
2.879241143075893e-004	1.027415e+000	1.037689e-010
2.917812571647321e-004	1.027415e+000	1.037689e-010
2.956384000218750e-004	1.027415e+000	1.037689e-010
3.974955428790179e-004	1.027415e+000	1.037689e-010
4.993526857361608e-004	1.027415e+000	1.037689e-010
6.012098285933037e-004	1.027415e+000	1.037689e-010
7.030669714504466e-004	1.027415e+000	1.037689e-010
8.049241143075895e-004	1.027415e+000	1.037689e-010
9.067812571647324e-004	1.027415e+000	1.037689e-010
1.008638400021875e-003	1.027415e+000	1.037689e-010
1.009638400021875e-003	1.027415e+000	1.037689e-010
1.998638400021875e-003	1.027415e+000	1.037689e-010
2.000000000000000e-003	1.027415e+000	1.037689e-010
2.000000746245893e-003	7.094983e-001	3.670266e-001
2.000002238737679e-003	5.287839e-001	5.287839e-001
2.000002516975571e-003	5.320441e-001	5.320441e-001
2.000002783042536e-003	5.334874e-001	5.334874e-001
2.000002862782139e-003	5.333107e-001	5.333107e-001
2.000002919185816e-003	5.339822e-001	5.339822e-001
2.000002986005612e-003	5.341545e-001	5.341545e-001
2.000003055176835e-003	5.342104e-001	5.342104e-001
2.000003193519282e-003	5.342245e-001	5.342245e-001
2.000003398107128e-003	5.342211e-001	5.342211e-001
2.000003807282819e-003	5.342037e-001	5.342037e-001
2.000004625634200e-003	5.341688e-001	5.341688e-001
2.000005464195789e-003	5.341213e-001	5.341213e-001
2.000006492996235e-003	5.340458e-001	5.340458e-001
2.000007573063593e-003	5.339605e-001	5.339605e-001
2.000008776393772e-003	5.338870e-001	5.338870e-001
2.000010298343305e-003	5.338679e-001	5.338679e-001
2.000012040726792e-003	5.340001e-001	5.340001e-001
2.000014234684994e-003	5.344657e-001	5.344657e-001
2.000016827495556e-003	5.355265e-001	5.355265e-001
2.000020298089260e-003	5.378364e-001	5.378364e-001
2.000024845961553e-003	5.421238e-001	5.421238e-001
2.000030283879933e-003	5.485302e-001	5.485302e-001
2.000035539814429e-003	5.555307e-001	5.555307e-001
2.000041105048207e-003	5.633512e-001	5.633512e-001
2.000046665329276e-003	5.712428e-001	5.712428e-001
2.000053018697807e-003	5.801207e-001	5.801207e-001
2.000059878903874e-003	5.893767e-001	5.893767e-001
2.000067938633174e-003	5.997030e-001	5.997030e-001
2.000077032456593e-003	6.105812e-001	6.105812e-001
2.000088098019995e-003	6.227171e-001	6.227171e-001
2.000101189953924e-003	6.357129e-001	6.357129e-001
2.000113684803943e-003	6.468200e-001	6.468200e-001
2.000127576733298e-003	6.578179e-001	6.578179e-001
2.000141502840297e-003	6.676496e-001	6.676496e-001
2.000154730155009e-003	6.760183e-001	6.760183e-001
2.000166611635460e-003	6.828216e-001	6.828216e-001
2.000178717142144e-003	6.891594e-001	6.891594e-001
2.000190781536146e-003	6.949686e-001	6.949686e-001
2.000206717811051e-003	7.020645e-001	7.020645e-001
2.000226918948099e-003	7.106664e-001	7.106664e-001
2.000247646676480e-003	7.200065e-001	7.200065e-001
2.000266589141925e-003	7.309922e-001	7.309922e-001
2.000285126596436e-003	7.479080e-001	7.479080e-001
2.000305089401988e-003	7.776972e-001	7.776972e-001
2.000323308306217e-003	8.188532e-001	8.188532e-001
2.000342644566458e-003	8.762728e-001	8.762728e-001
2.000362179331230e-003	9.421535e-001	9.421535e-001
2.000372476144252e-003	9.779409e-001	9.779409e-001
2.000380012857770e-003	1.003677e+000	1.003677e+000
2.000386661261189e-003	1.025600e+000	1.025600e+000
2.000393189152029e-003	1.046228e+000	1.046228e+000
2.000399313516594e-003	1.064652e+000	1.064652e+000
2.000404505287929e-003	1.079426e+000	1.079426e+000
2.000409479665519e-003	1.092734e+000	1.092734e+000
2.000414706881826e-003	1.105739e+000	1.105739e+000
2.000421039135071e-003	1.120052e+000	1.120052e+000
2.000429266016571e-003	1.136378e+000	1.136378e+000
2.000438021398560e-003	1.150642e+000	1.150642e+000
2.000450199218889e-003	1.165741e+000	1.165741e+000
2.000459621184706e-003	1.173695e+000	1.173695e+000
2.000469414058822e-003	1.178070e+000	1.178070e+000
2.000481344197159e-003	1.179291e+000	1.179291e+000
2.000493898245882e-003	1.177017e+000	1.177017e+000
2.000508608009666e-003	1.171920e+000	1.171920e+000
2.000524652785966e-003	1.165954e+000	1.165954e+000
2.000537524201837e-003	1.161757e+000	1.161757e+000
2.000550593633932e-003	1.158172e+000	1.158172e+000
2.000568826334130e-003	1.153938e+000	1.153938e+000
2.000586316093633e-003	1.150508e+000	1.150508e+000
2.000602336278445e-003	1.147624e+000	1.147624e+000
2.000617579045276e-003	1.144780e+000	1.144780e+000
2.000632829659404e-003	1.141709e+000	1.141709e+000
2.000649297161160e-003	1.138156e+000	1.138156e+000
2.000668513944722e-003	1.133794e+000	1.133794e+000
2.000686178435021e-003	1.129642e+000	1.129642e+000
2.000705064713414e-003	1.125108e+000	1.125108e+000
2.000723416427885e-003	1.120657e+000	1.120657e+000
2.000744502355542e-003	1.115527e+000	1.115527e+000
2.000768646510191e-003	1.109668e+000	1.109668e+000
2.000799454518852e-003	1.102242e+000	1.102242e+000
2.000825465436131e-003	1.096035e+000	1.096035e+000
2.000856037438006e-003	1.088828e+000	1.088828e+000
2.000885216383965e-003	1.082047e+000	1.082047e+000
2.000928459941802e-003	1.072179e+000	1.072179e+000
2.000985383017697e-003	1.059478e+000	1.059478e+000
2.001053395250356e-003	1.044694e+000	1.044694e+000
2.001118601480460e-003	1.030980e+000	1.030980e+000
2.001235581493257e-003	1.007264e+000	1.007264e+000
2.001340418103568e-003	9.868053e-001	9.868053e-001
2.001443684865034e-003	9.674634e-001	9.674634e-001
2.001551567255519e-003	9.479768e-001	9.479768e-001
2.001619686521759e-003	9.360973e-001	9.360973e-001
2.001683696162073e-003	9.254705e-001	9.254705e-001
2.001771199217494e-003	9.121853e-001	9.121853e-001
2.001834552005831e-003	9.042518e-001	9.042518e-001
2.001872255691982e-003	9.012229e-001	9.012229e-001
2.001905254941478e-003	9.007098e-001	9.007098e-001
2.001947163846944e-003	9.033905e-001	9.033905e-001
2.001987219054738e-003	9.096309e-001	9.096309e-001
2.002029427829300e-003	9.200904e-001	9.200904e-001
2.002073656710918e-003	9.341840e-001	9.341840e-001
2.002117166912933e-003	9.497886e-001	9.497886e-001
2.002163548254133e-003	9.666657e-001	9.666657e-001
2.002213056775321e-003	9.833280e-001	9.833280e-001
2.002267962968542e-003	9.989934e-001	9.989934e-001
2.002322868158337e-003	1.011023e+000	1.011023e+000
2.002384086359652e-003	1.020294e+000	1.020294e+000
2.002439506040010e-003	1.025411e+000	1.025411e+000
2.002498322942120e-003	1.028128e+000	1.028128e+000
2.002558814015092e-003	1.029029e+000	1.029029e+000
2.002633360305059e-003	1.028733e+000	1.028733e+000
2.002701879864905e-003	1.027903e+000	1.027903e+000
2.002767703495475e-003	1.027048e+000	1.027048e+000
2.002838093307313e-003	1.026402e+000	1.026402e+000
2.002913853766299e-003	1.026133e+000	1.026133e+000
2.003003615814955e-003	1.026276e+000	1.026276e+000
2.003100790241909e-003	1.026710e+000	1.026710e+000
2.003217064802408e-003	1.027209e+000	1.027209e+000
2.003354642280379e-003	1.027485e+000	1.027485e+000
2.003495657708301e-003	1.027437e+000	1.027437e+000
2.003645352829478e-003	1.027261e+000	1.027261e+000
2.003838476471687e-003	1.027150e+000	1.027150e+000
2.004053965582802e-003	1.027187e+000	1.027187e+000
2.004294771544396e-003	1.027241e+000	1.027241e+000
2.004681841589475e-003	1.027229e+000	1.027229e+000
2.005051715792996e-003	1.027213e+000	1.027213e+000
2.005709961368546e-003	1.027223e+000	1.027223e+000
2.006320666827668e-003	1.027222e+000	1.027222e+000
2.007320666827669e-003	1.027217e+000	1.027217e+000
2.008320666827668e-003	1.027217e+000	1.027217e+000
2.009320666827668e-003	1.027214e+000	1.027214e+000
2.010320666827669e-003	1.027214e+000	1.027214e+000
2.011320666827668e-003	1.027212e+000	1.027212e+000
2.012320666827668e-003	1.027211e+000	1.027211e+000
2.013320666827669e-003	1.027210e+000	1.027210e+000
2.014320666827668e-003	1.027209e+000	1.027209e+000
2.015320666827668e-003	1.027209e+000	1.027209e+000
2.016320666827668e-003	1.027208e+000	1.027208e+000
2.017320666827668e-003	1.027208e+000	1.027208e+000
2.018320666827668e-003	1.027207e+000	1.027207e+000
2.019320666827668e-003	1.027207e+000	1.027207e+000
2.020320666827669e-003	1.027206e+000	1.027206e+000
2.021320666827668e-003	1.027206e+000	1.027206e+000
2.022320666827668e-003	1.027206e+000	1.027206e+000
2.023320666827669e-003	1.027206e+000	1.027206e+000
2.024320666827668e-003	1.027206e+000	1.027206e+000
2.025320666827668e-003	1.027205e+000	1.027205e+000
2.026320666827669e-003	1.027205e+000	1.027205e+000
2.027320666827668e-003	1.027205e+000	1.027205e+000
2.028320666827668e-003	1.027205e+000	1.027205e+000
2.029320666827668e-003	1.027205e+000	1.027205e+000
2.030320666827668e-003	1.027205e+000	1.027205e+000
2.031320666827668e-003	1.027205e+000	1.027205e+000
2.032320666827668e-003	1.027205e+000	1.027205e+000
2.033320666827669e-003	1.027205e+000	1.027205e+000
2.034320666827668e-003	1.027205e+000	1.027205e+000
2.035320666827668e-003	1.027206e+000	1.027206e+000
2.036320666827669e-003	1.027206e+000	1.027206e+000
2.037320666827668e-003	1.027206e+000	1.027206e+000
2.038320666827668e-003	1.027206e+000	1.027206e+000
2.039320666827669e-003	1.027206e+000	1.027206e+000
2.040320666827668e-003	1.027206e+000	1.027206e+000
2.041320666827668e-003	1.027206e+000	1.027206e+000
2.042320666827668e-003	1.027206e+000	1.027206e+000
2.043320666827669e-003	1.027206e+000	1.027206e+000
2.044320666827668e-003	1.027207e+000	1.027207e+000
2.045320666827668e-003	1.027207e+000	1.027207e+000
2.046320666827669e-003	1.027207e+000	1.027207e+000
2.047320666827668e-003	1.027207e+000	1.027207e+000
2.048320666827668e-003	1.027207e+000	1.027207e+000
2.049320666827669e-003	1.027207e+000	1.027207e+000
2.050320666827668e-003	1.027207e+000	1.027207e+000
2.051320666827668e-003	1.027208e+000	1.027208e+000
2.052320666827668e-003	1.027208e+000	1.027208e+000
2.053320666827668e-003	1.027208e+000	1.027208e+000
2.054320666827668e-003	1.027208e+000	1.027208e+000
2.055320666827668e-003	1.027208e+000	1.027208e+000
2.056320666827669e-003	1.027208e+000	1.027208e+000
2.057320666827668e-003	1.027208e+000	1.027208e+000
2.058320666827668e-003	1.027209e+000	1.027209e+000
2.059320666827669e-003	1.027209e+000	1.027209e+000
2.060320666827668e-003	1.027209e+000	1.027209e+000
2.061320666827668e-003	1.027209e+000	1.027209e+000
2.062320666827669e-003	1.027209e+000	1.027209e+000
2.063320666827668e-003	1.027209e+000	1.027209e+000
2.064320666827668e-003	1.027209e+000	1.027209e+000
2.065320666827668e-003	1.027210e+000	1.027210e+000
2.066320666827668e-003	1.027210e+000	1.027210e+000
2.067320666827668e-003	1.027210e+000	1.027210e+000
2.068320666827668e-003	1.027210e+000	1.027210e+000
2.069320666827669e-003	1.027210e+000	1.027210e+000
2.070320666827668e-003	1.027210e+000	1.027210e+000
2.071320666827668e-003	1.027210e+000	1.027210e+000
2.072320666827669e-003	1.027210e+000	1.027210e+000
2.073320666827668e-003	1.027210e+000	1.027210e+000
2.074320666827668e-003	1.027210e+000	1.027210e+000
2.075320666827669e-003	1.027211e+000	1.027211e+000
2.076320666827668e-003	1.027211e+000	1.027211e+000
2.077320666827668e-003	1.027211e+000	1.027211e+000
2.078320666827668e-003	1.027211e+000	1.027211e+000
2.079320666827668e-003	1.027211e+000	1.027211e+000
2.080320666827668e-003	1.027211e+000	1.027211e+000
2.081320666827668e-003	1.027211e+000	1.027211e+000
2.082320666827669e-003	1.027211e+000	1.027211e+000
2.083320666827668e-003	1.027212e+000	1.027212e+000
2.084320666827668e-003	1.027212e+000	1.027212e+000
2.085320666827669e-003	1.027212e+000	1.027212e+000
2.086320666827668e-003	1.027212e+000	1.027212e+000
2.087320666827668e-003	1.027212e+000	1.027212e+000
2.088320666827669e-003	1.027212e+000	1.027212e+000
2.089320666827668e-003	1.027212e+000	1.027212e+000
2.090320666827668e-003	1.027212e+000	1.027212e+000
2.091320666827668e-003	1.027212e+000	1.027212e+000
2.092320666827669e-003	1.027212e+000	1.027212e+000
2.093320666827668e-003	1.027213e+000	1.027213e+000
2.094320666827668e-003	1.027213e+000	1.027213e+000
2.095320666827669e-003	1.027213e+000	1.027213e+000
2.096320666827668e-003	1.027213e+000	1.027213e+000
2.097320666827668e-003	1.027213e+000	1.027213e+000
2.098320666827669e-003	1.027213e+000	1.027213e+000
2.099320666827668e-003	1.027213e+000	1.027213e+000
2.100320666827668e-003	1.027213e+000	1.027213e+000
2.101320666827668e-003	1.027213e+000	1.027213e+000
2.102320666827668e-003	1.027213e+000	1.027213e+000
2.103320666827668e-003	1.027213e+000	1.027213e+000
2.104320666827668e-003	1.027213e+000	1.027213e+000
2.105320666827669e-003	1.027213e+000	1.027213e+000
2.106320666827668e-003	1.027214e+000	1.027214e+000
2.107320666827668e-003	1.027214e+000	1.027214e+000
2.108320666827669e-003	1.027214e+000	1.027214e+000
2.109320666827668e-003	1.027214e+000	1.027214e+000
2.110320666827668e-003	1.027214e+000	1.027214e+000
2.111320666827669e-003	1.027214e+000	1.027214e+000
2.112320666827668e-003	1.027214e+000	1.027214e+000
2.113320666827668e-003	1.027214e+000	1.027214e+000
2.114320666827668e-003	1.027214e+000	1.027214e+000
2.115320666827668e-003	1.027214e+000	1.027214e+000
2.116320666827668e-003	1.027214e+000	1.027214e+000
2.117320666827668e-003	1.027214e+000	1.027214e+000
2.118320666827669e-003	1.027214e+000	1.027214e+000
2.119320666827668e-003	1.027214e+000	1.027214e+000
2.120320666827668e-003	1.027215e+000	1.027215e+000
2.121320666827669e-003	1.027215e+000	1.027215e+000
2.122320666827668e-003	1.027215e+000	1.027215e+000
2.123320666827668e-003	1.027215e+000	1.027215e+000
2.124320666827669e-003	1.027215e+000	1.027215e+000
2.125320666827668e-003	1.027215e+000	1.027215e+000
2.126320666827668e-003	1.027215e+000	1.027215e+000
2.127320666827668e-003	1.027215e+000	1.027215e+000
2.128320666827668e-003	1.027215e+000	1.027215e+000
2.129320666827668e-003	1.027215e+000	1.027215e+000
2.130320666827668e-003	1.027215e+000	1.027215e+000
2.131320666827669e-003	1.027215e+000	1.027215e+000
2.132320666827668e-003	1.027215e+000	1.027215e+000
2.133320666827668e-003	1.027215e+000	1.027215e+000
2.134320666827669e-003	1.027215e+000	1.027215e+000
2.135320666827668e-003	1.027215e+000	1.027215e+000
2.136320666827668e-003	1.027215e+000	1.027215e+000
2.137320666827668e-003	1.027215e+000	1.027215e+000
2.138320666827668e-003	1.027216e+000	1.027216e+000
2.139320666827668e-003	1.027216e+000	1.027216e+000
2.140320666827668e-003	1.027216e+000	1.027216e+000
2.141320666827669e-003	1.027216e+000	1.027216e+000
2.142320666827668e-003	1.027216e+000	1.027216e+000
2.143320666827668e-003	1.027216e+000	1.027216e+000
2.144320666827669e-003	1.027216e+000	1.027216e+000
2.145320666827668e-003	1.027216e+000	1.027216e+000
2.146320666827668e-003	1.027216e+000	1.027216e+000
2.147320666827669e-003	1.027216e+000	1.027216e+000
2.148320666827668e-003	1.027216e+000	1.027216e+000
2.149320666827668e-003	1.027216e+000	1.027216e+000
2.150320666827668e-003	1.027216e+000	1.027216e+000
2.151320666827668e-003	1.027216e+000	1.027216e+000
2.152320666827668e-003	1.027216e+000	1.027216e+000
2.153320666827668e-003	1.027216e+000	1.027216e+000
2.154320666827669e-003	1.027216e+000	1.027216e+000
2.155320666827668e-003	1.027216e+000	1.027216e+000
2.156320666827668e-003	1.027216e+000	1.027216e+000
2.157320666827669e-003	1.027216e+000	1.027216e+000
2.158320666827668e-003	1.027217e+000	1.027217e+000
2.159320666827668e-003	1.027217e+000	1.027217e+000
2.160320666827669e-003	1.027217e+000	1.027217e+000
2.161320666827668e-003	1.027217e+000	1.027217e+000
2.162320666827668e-003	1.027217e+000	1.027217e+000
2.163320666827668e-003	1.027217e+000	1.027217e+000
2.164320666827668e-003	1.027217e+000	1.027217e+000
2.165320666827668e-003	1.027217e+000	1.027217e+000
2.167320666827669e-003	1.027217e+000	1.027217e+000
2.168320666827668e-003	1.027217e+000	1.027217e+000
2.169320666827668e-003	1.027217e+000	1.027217e+000
2.170320666827669e-003	1.027217e+000	1.027217e+000
2.171320666827668e-003	1.027217e+000	1.027217e+000
2.172320666827668e-003	1.027217e+000	1.027217e+000
2.173320666827669e-003	1.027217e+000	1.027217e+000
2.174320666827668e-003	1.027217e+000	1.027217e+000
2.175320666827668e-003	1.027217e+000	1.027217e+000
2.176320666827668e-003	1.027217e+000	1.027217e+000
2.177320666827668e-003	1.027217e+000	1.027217e+000
2.179320666827668e-003	1.027217e+000	1.027217e+000
2.180320666827669e-003	1.027217e+000	1.027217e+000
2.181320666827668e-003	1.027217e+000	1.027217e+000
2.182320666827668e-003	1.027217e+000	1.027217e+000
2.183320666827669e-003	1.027217e+000	1.027217e+000
2.184320666827668e-003	1.027218e+000	1.027217e+000
2.185320666827668e-003	1.027218e+000	1.027218e+000
2.186320666827668e-003	1.027218e+000	1.027218e+000
2.187320666827668e-003	1.027218e+000	1.027218e+000
2.188320666827668e-003	1.027218e+000	1.027218e+000
2.189320666827668e-003	1.027218e+000	1.027218e+000
2.190320666827669e-003	1.027218e+000	1.027218e+000
2.191320666827668e-003	1.027218e+000	1.027218e+000
2.192320666827668e-003	1.027218e+000	1.027218e+000
2.193320666827669e-003	1.027218e+000	1.027218e+000
2.194320666827668e-003	1.027218e+000	1.027218e+000
2.195320666827668e-003	1.027218e+000	1.027218e+000
2.196320666827669e-003	1.027218e+000	1.027218e+000
2.197320666827668e-003	1.027218e+000	1.027218e+000
2.198320666827668e-003	1.027218e+000	1.027218e+000
2.199320666827668e-003	1.027218e+000	1.027218e+000
2.200320666827668e-003	1.027218e+000	1.027218e+000
2.201320666827668e-003	1.027218e+000	1.027218e+000
2.202320666827668e-003	1.027218e+000	1.027218e+000
2.203320666827669e-003	1.027218e+000	1.027218e+000
2.204320666827668e-003	1.027218e+000	1.027218e+000
2.205320666827668e-003	1.027218e+000	1.027218e+000
2.206320666827669e-003	1.027218e+000	1.027218e+000
2.207320666827668e-003	1.027218e+000	1.027218e+000
2.208320666827668e-003	1.027218e+000	1.027218e+000
2.209320666827669e-003	1.027218e+000	1.027218e+000
2.210320666827668e-003	1.027218e+000	1.027218e+000
2.211320666827668e-003	1.027218e+000	1.027218e+000
2.212320666827668e-003	1.027218e+000	1.027218e+000
2.213320666827668e-003	1.027218e+000	1.027218e+000
2.214320666827668e-003	1.027218e+000	1.027218e+000
2.215320666827668e-003	1.027218e+000	1.027218e+000
2.216320666827669e-003	1.027218e+000	1.027218e+000
2.217320666827668e-003	1.027218e+000	1.027218e+000
2.218320666827668e-003	1.027218e+000	1.027218e+000
2.219320666827669e-003	1.027218e+000	1.027218e+000
2.220320666827668e-003	1.027218e+000	1.027218e+000
2.221320666827668e-003	1.027218e+000	1.027218e+000
2.222320666827669e-003	1.027218e+000	1.027218e+000
2.223320666827668e-003	1.027218e+000	1.027218e+000
2.224320666827668e-003	1.027218e+000	1.027218e+000
2.225320666827668e-003	1.027218e+000	1.027218e+000
2.226320666827668e-003	1.027218e+000	1.027218e+000
2.228320666827668e-003	1.027219e+000	1.027219e+000
2.229320666827669e-003	1.027219e+000	1.027219e+000
2.230320666827668e-003	1.027219e+000	1.027219e+000
2.231320666827668e-003	1.027219e+000	1.027219e+000
2.232320666827669e-003	1.027219e+000	1.027219e+000
2.233320666827668e-003	1.027219e+000	1.027219e+000
2.234320666827668e-003	1.027219e+000	1.027219e+000
2.235320666827668e-003	1.027219e+000	1.027219e+000
2.236320666827668e-003	1.027219e+000	1.027219e+000
2.237320666827668e-003	1.027219e+000	1.027219e+000
2.238320666827668e-003	1.027219e+000	1.027219e+000
2.240320666827668e-003	1.027219e+000	1.027219e+000
2.241320666827668e-003	1.027219e+000	1.027219e+000
2.242320666827669e-003	1.027219e+000	1.027219e+000
2.243320666827668e-003	1.027219e+000	1.027219e+000
2.244320666827668e-003	1.027219e+000	1.027219e+000
2.245320666827669e-003	1.027219e+000	1.027219e+000
2.246320666827668e-003	1.027219e+000	1.027219e+000
2.247320666827668e-003	1.027219e+000	1.027219e+000
2.248320666827668e-003	1.027219e+000	1.027219e+000
2.249320666827668e-003	1.027219e+000	1.027219e+000
2.250320666827668e-003	1.027219e+000	1.027219e+000
2.252320666827669e-003	1.027219e+000	1.027219e+000
2.253320666827668e-003	1.027219e+000	1.027219e+000
2.254320666827668e-003	1.027219e+000	1.027219e+000
2.255320666827669e-003	1.027219e+000	1.027219e+000
2.256320666827668e-003	1.027219e+000	1.027219e+000
2.257320666827668e-003	1.027219e+000	1.027219e+000
2.258320666827669e-003	1.027219e+000	1.027219e+000
2.259320666827668e-003	1.027219e+000	1.027219e+000
2.260320666827668e-003	1.027219e+000	1.027219e+000
2.261320666827668e-003	1.027219e+000	1.027219e+000
2.262320666827668e-003	1.027219e+000	1.027219e+000
2.264320666827668e-003	1.027219e+000	1.027219e+000
2.265320666827669e-003	1.027219e+000	1.027219e+000
2.266320666827668e-003	1.027219e+000	1.027219e+000
2.267320666827668e-003	1.027219e+000	1.027219e+000
2.268320666827669e-003	1.027219e+000	1.027219e+000
2.269320666827668e-003	1.027219e+000	1.027219e+000
2.270320666827668e-003	1.027219e+000	1.027219e+000
2.271320666827669e-003	1.027219e+000	1.027219e+000
2.272320666827668e-003	1.027219e+000	1.027219e+000
2.273320666827668e-003	1.027219e+000	1.027219e+000
2.274320666827668e-003	1.027219e+000	1.027219e+000
2.277320666827668e-003	1.027219e+000	1.027219e+000
2.278320666827669e-003	1.027219e+000	1.027219e+000
2.279320666827668e-003	1.027219e+000	1.027219e+000
2.280320666827668e-003	1.027219e+000	1.027219e+000
2.281320666827669e-003	1.027219e+000	1.027219e+000
2.282320666827668e-003	1.027219e+000	1.027219e+000
2.283320666827668e-003	1.027219e+000	1.027219e+000
2.284320666827668e-003	1.027219e+000	1.027219e+000
2.285320666827668e-003	1.027220e+000	1.027220e+000
2.286320666827668e-003	1.027220e+000	1.027220e+000
2.289320666827668e-003	1.027220e+000	1.027220e+000
2.290320666827668e-003	1.027220e+000	1.027220e+000
2.291320666827669e-003	1.027220e+000	1.027220e+000
2.292320666827668e-003	1.027220e+000	1.027220e+000
2.293320666827668e-003	1.027220e+000	1.027220e+000
2.294320666827669e-003	1.027220e+000	1.027220e+000
2.295320666827668e-003	1.027220e+000	1.027220e+000
2.296320666827668e-003	1.027220e+000	1.027220e+000
2.297320666827668e-003	1.027220e+000	1.027220e+000
2.298320666827668e-003	1.027220e+000	1.027220e+000
2.301320666827669e-003	1.027220e+000	1.027220e+000
2.302320666827668e-003	1.027220e+000	1.027220e+000
2.303320666827668e-003	1.027220e+000	1.027220e+000
2.304320666827669e-003	1.027220e+000	1.027220e+000
2.305320666827668e-003	1.027220e+000	1.027220e+000
2.306320666827668e-003	1.027220e+000	1.027220e+000
2.307320666827669e-003	1.027220e+000	1.027220e+000
2.308320666827668e-003	1.027220e+000	1.027220e+000
2.309320666827668e-003	1.027220e+000	1.027220e+000
2.310320666827668e-003	1.027220e+000	1.027220e+000
2.313320666827668e-003	1.027220e+000	1.027220e+000
2.314320666827669e-003	1.027220e+000	1.027220e+000
2.315320666827668e-003	1.027220e+000	1.027220e+000
2.316320666827668e-003	1.027220e+000	1.027220e+000
2.317320666827669e-003	1.027220e+000	1.027220e+000
2.318320666827668e-003	1.027220e+000	1.027220e+000
2.319320666827668e-003	1.027220e+000	1.027220e+000
2.320320666827669e-003	1.027220e+000	1.027220e+000
2.321320666827668e-003	1.027220e+000	1.027220e+000
2.322320666827668e-003	1.027220e+000	1.027220e+000
2.326320666827668e-003	1.027220e+000	1.027220e+000
2.327320666827669e-003	1.027220e+000	1.027220e+000
2.328320666827668e-003	1.027220e+000	1.027220e+000
2.329320666827668e-003	1.027220e+000	1.027220e+000
2.330320666827669e-003	1.027220e+000	1.027220e+000
2.331320666827668e-003	1.027220e+000	1.027220e+000
2.332320666827668e-003	1.027220e+000	1.027220e+000
2.333320666827668e-003	1.027220e+000	1.027220e+000
2.334320666827668e-003	1.027220e+000	1.027220e+000
2.335034952541954e-003	1.027220e+000	1.027220e+000
2.335749238256240e-003	1.027220e+000	1.027220e+000
2.336463523970525e-003	1.027220e+000	1.027220e+000
2.337177809684811e-003	1.027220e+000	1.027220e+000
2.337892095399097e-003	1.027220e+000	1.027220e+000
2.338606381113383e-003	1.027220e+000	1.027220e+000
2.339320666827668e-003	1.027220e+000	1.027220e+000
2.340320666827669e-003	1.027220e+000	1.027220e+000
2.341320666827668e-003	1.027220e+000	1.027220e+000
2.342320666827668e-003	1.027220e+000	1.027220e+000
2.343320666827669e-003	1.027220e+000	1.027220e+000
2.344320666827668e-003	1.027220e+000	1.027220e+000
2.345320666827668e-003	1.027220e+000	1.027220e+000
2.347320666827668e-003	1.027220e+000	1.027220e+000
2.350320666827669e-003	1.027220e+000	1.027220e+000
2.351320666827668e-003	1.027220e+000	1.027220e+000
2.352320666827668e-003	1.027220e+000	1.027220e+000
2.353320666827669e-003	1.027220e+000	1.027220e+000
2.354320666827668e-003	1.027220e+000	1.027220e+000
2.355320666827668e-003	1.027220e+000	1.027220e+000
2.356320666827669e-003	1.027220e+000	1.027220e+000
2.357320666827668e-003	1.027220e+000	1.027220e+000
2.359320666827668e-003	1.027220e+000	1.027220e+000
2.360034952541954e-003	1.027220e+000	1.027220e+000
2.360749238256240e-003	1.027220e+000	1.027220e+000
2.361463523970526e-003	1.027220e+000	1.027220e+000
2.362177809684811e-003	1.027220e+000	1.027220e+000
2.362892095399097e-003	1.027220e+000	1.027220e+000
2.363606381113383e-003	1.027220e+000	1.027220e+000
2.364320666827668e-003	1.027220e+000	1.027220e+000
2.365320666827668e-003	1.027220e+000	1.027220e+000
2.366320666827669e-003	1.027220e+000	1.027220e+000
2.367320666827668e-003	1.027220e+000	1.027220e+000
2.368320666827668e-003	1.027220e+000	1.027220e+000
2.370320666827668e-003	1.027220e+000	1.027220e+000
2.371177809684811e-003	1.027220e+000	1.027220e+000
2.372034952541954e-003	1.027220e+000	1.027220e+000
2.372892095399097e-003	1.027220e+000	1.027220e+000
2.373749238256240e-003	1.027220e+000	1.027220e+000
2.374606381113383e-003	1.027220e+000	1.027220e+000
2.375463523970526e-003	1.027220e+000	1.027220e+000
2.376320666827669e-003	1.027220e+000	1.027220e+000
2.378320666827668e-003	1.027220e+000	1.027220e+000
2.380320666827668e-003	1.027220e+000	1.027220e+000
2.382320666827668e-003	1.027220e+000	1.027220e+000
2.383177809684811e-003	1.027220e+000	1.027220e+000
2.384034952541954e-003	1.027220e+000	1.027220e+000
2.384892095399097e-003	1.027220e+000	1.027220e+000
2.385749238256240e-003	1.027220e+000	1.027220e+000
2.386606381113383e-003	1.027220e+000	1.027220e+000
2.387463523970526e-003	1.027220e+000	1.027220e+000
2.388320666827668e-003	1.027220e+000	1.027220e+000
2.390320666827668e-003	1.027220e+000	1.027220e+000
2.392320666827669e-003	1.027220e+000	1.027220e+000
2.394320666827668e-003	1.027220e+000	1.027220e+000
2.395320666827668e-003	1.027220e+000	1.027220e+000
2.396320666827668e-003	1.027220e+000	1.027220e+000
2.397320666827668e-003	1.027220e+000	1.027220e+000
2.398320666827668e-003	1.027220e+000	1.027220e+000
2.399320666827669e-003	1.027220e+000	1.027220e+000
2.400320666827668e-003	1.027220e+000	1.027220e+000
2.401320666827668e-003	1.027220e+000	1.027220e+000
2.403320666827668e-003	1.027220e+000	1.027220e+000
2.405320666827669e-003	1.027220e+000	1.027220e+000
2.408320666827668e-003	1.027220e+000	1.027220e+000
2.409463523970526e-003	1.027220e+000	1.027220e+000
2.410606381113383e-003	1.027220e+000	1.027220e+000
2.411749238256240e-003	1.027220e+000	1.027220e+000
2.412892095399097e-003	1.027220e+000	1.027220e+000
2.414034952541954e-003	1.027220e+000	1.027220e+000
2.415177809684811e-003	1.027220e+000	1.027220e+000
2.416320666827668e-003	1.027220e+000	1.027220e+000
2.419320666827668e-003	1.027220e+000	1.027220e+000
2.420463523970525e-003	1.027220e+000	1.027220e+000
2.421606381113382e-003	1.027220e+000	1.027220e+000
2.422749238256240e-003	1.027220e+000	1.027220e+000
2.423892095399097e-003	1.027220e+000	1.027220e+000
2.425034952541954e-003	1.027220e+000	1.027220e+000
2.426177809684811e-003	1.027220e+000	1.027220e+000
2.427320666827668e-003	1.027220e+000	1.027220e+000
2.430320666827668e-003	1.027220e+000	1.027220e+000
2.431463523970525e-003	1.027220e+000	1.027220e+000
2.432606381113383e-003	1.027220e+000	1.027220e+000
2.433749238256240e-003	1.027220e+000	1.027220e+000
2.434892095399097e-003	1.027220e+000	1.027220e+000
2.436034952541954e-003	1.027220e+000	1.027220e+000
2.437177809684811e-003	1.027220e+000	1.027220e+000
2.438320666827669e-003	1.027220e+000	1.027220e+000
2.441320666827669e-003	1.027220e+000	1.027220e+000
2.442463523970526e-003	1.027220e+000	1.027220e+000
2.443606381113383e-003	1.027220e+000	1.027220e+000
2.444749238256240e-003	1.027220e+000	1.027220e+000
2.445892095399097e-003	1.027220e+000	1.027220e+000
2.447034952541954e-003	1.027220e+000	1.027220e+000
2.448177809684811e-003	1.027220e+000	1.027220e+000
2.449320666827668e-003	1.027220e+000	1.027220e+000
2.452320666827668e-003	1.027220e+000	1.027220e+000
2.455320666827668e-003	1.027220e+000	1.027220e+000
2.456749238256240e-003	1.027220e+000	1.027220e+000
2.458177809684811e-003	1.027220e+000	1.027220e+000
2.459606381113383e-003	1.027220e+000	1.027220e+000
2.461034952541954e-003	1.027220e+000	1.027220e+000
2.462463523970525e-003	1.027220e+000	1.027220e+000
2.463892095399097e-003	1.027220e+000	1.027220e+000
2.465320666827668e-003	1.027220e+000	1.027220e+000
2.466749238256240e-003	1.027220e+000	1.027220e+000
2.468177809684811e-003	1.027220e+000	1.027220e+000
2.469606381113383e-003	1.027220e+000	1.027220e+000
2.471034952541954e-003	1.027220e+000	1.027220e+000
2.472463523970525e-003	1.027220e+000	1.027220e+000
2.473892095399097e-003	1.027220e+000	1.027220e+000
2.475320666827668e-003	1.027220e+000	1.027220e+000
2.476749238256240e-003	1.027220e+000	1.027220e+000
2.478177809684811e-003	1.027220e+000	1.027220e+000
2.479606381113383e-003	1.027220e+000	1.027220e+000
2.481034952541954e-003	1.027220e+000	1.027220e+000
2.482463523970525e-003	1.027220e+000	1.027220e+000
2.483892095399097e-003	1.027220e+000	1.027220e+000
2.485320666827668e-003	1.027220e+000	1.027220e+000
2.487034952541954e-003	1.027220e+000	1.027220e+000
2.488749238256240e-003	1.027220e+000	1.027220e+000
2.490463523970525e-003	1.027220e+000	1.027220e+000
2.492177809684811e-003	1.027220e+000	1.027220e+000
2.493892095399097e-003	1.027220e+000	1.027220e+000
2.495606381113383e-003	1.027220e+000	1.027220e+000
2.497320666827669e-003	1.027220e+000	1.027220e+000
2.499034952541954e-003	1.027220e+000	1.027220e+000
2.500749238256240e-003	1.027220e+000	1.027220e+000
2.502463523970526e-003	1.027220e+000	1.027220e+000
2.504177809684811e-003	1.027220e+000	1.027220e+000
2.505892095399097e-003	1.027220e+000	1.027220e+000
2.507606381113383e-003	1.027220e+000	1.027220e+000
2.509320666827668e-003	1.027220e+000	1.027220e+000
2.511177809684811e-003	1.027220e+000	1.027220e+000
2.513034952541954e-003	1.027220e+000	1.027220e+000
2.514892095399097e-003	1.027220e+000	1.027220e+000
2.516749238256240e-003	1.027220e+000	1.027220e+000
2.518606381113383e-003	1.027220e+000	1.027220e+000
2.520463523970526e-003	1.027220e+000	1.027220e+000
2.522320666827668e-003	1.027220e+000	1.027220e+000
2.524320666827668e-003	1.027220e+000	1.027220e+000
2.526320666827669e-003	1.027220e+000	1.027220e+000
2.528320666827668e-003	1.027220e+000	1.027220e+000
2.530320666827669e-003	1.027220e+000	1.027220e+000
2.532320666827668e-003	1.027220e+000	1.027220e+000
2.534320666827669e-003	1.027220e+000	1.027220e+000
2.536320666827669e-003	1.027220e+000	1.027220e+000
2.538463523970526e-003	1.027220e+000	1.027220e+000
2.540606381113383e-003	1.027220e+000	1.027220e+000
2.542749238256240e-003	1.027220e+000	1.027220e+000
2.544892095399097e-003	1.027220e+000	1.027220e+000
2.547034952541954e-003	1.027220e+000	1.027220e+000
2.549177809684811e-003	1.027220e+000	1.027220e+000
2.551320666827668e-003	1.027220e+000	1.027220e+000
2.554463523970525e-003	1.027220e+000	1.027220e+000
2.557606381113383e-003	1.027220e+000	1.027220e+000
2.560749238256240e-003	1.027220e+000	1.027220e+000
2.563892095399097e-003	1.027220e+000	1.027220e+000
2.567034952541954e-003	1.027220e+000	1.027220e+000
2.570177809684811e-003	1.027220e+000	1.027220e+000
2.573320666827668e-003	1.027220e+000	1.027220e+000
2.577177809684811e-003	1.027220e+000	1.027220e+000
2.581034952541954e-003	1.027220e+000	1.027220e+000
2.584892095399097e-003	1.027220e+000	1.027220e+000
2.588749238256240e-003	1.027220e+000	1.027220e+000
2.592606381113383e-003	1.027220e+000	1.027220e+000
2.596463523970526e-003	1.027220e+000	1.027220e+000
2.600320666827668e-003	1.027220e+000	1.027220e+000
2.604177809684811e-003	1.027220e+000	1.027220e+000
2.608034952541954e-003	1.027220e+000	1.027220e+000
2.611892095399097e-003	1.027220e+000	1.027220e+000
2.615749238256240e-003	1.027220e+000	1.027220e+000
2.619606381113383e-003	1.027220e+000	1.027220e+000
2.623463523970526e-003	1.027220e+000	1.027220e+000
2.627320666827668e-003	1.027220e+000	1.027220e+000
2.670606381113383e-003	1.027220e+000	1.027220e+000
2.713892095399097e-003	1.027220e+000	1.027220e+000
2.757177809684811e-003	1.027220e+000	1.027220e+000
2.800463523970525e-003	1.027220e+000	1.027220e+000
2.843749238256240e-003	1.027221e+000	1.027221e+000
2.887034952541954e-003	1.027221e+000	1.027221e+000
2.930320666827668e-003	1.027221e+000	1.027221e+000
2.931320666827668e-003	1.027221e+000	1.027221e+000
3.955320666827669e-003	1.027221e+000	1.027221e+000
3.999000000000000e-003	1.027221e+000	1.027221e+000
4.000000000000000e-003	1.474748e+000	5.146629e-001
4.000002004501234e-003	1.643071e+000	3.424237e-001
4.000006013503702e-003	2.001722e+000	2.021739e-010
4.000006927535098e-003	2.000696e+000	2.020703e-010
4.000007513742562e-003	2.001818e+000	2.021836e-010
4.000007874485699e-003	2.002608e+000	2.022634e-010
4.000008111380460e-003	2.001620e+000	2.021636e-010
4.000008379767966e-003	2.002299e+000	2.022322e-010
4.000008631051573e-003	2.002330e+000	2.022353e-010
4.000009133618786e-003	2.002496e+000	2.022521e-010
4.000009662617409e-003	2.002615e+000	2.022641e-010
4.000010257014858e-003	2.002713e+000	2.022740e-010
4.000011159804111e-003	2.002798e+000	2.022826e-010
4.000012121607305e-003	2.002823e+000	2.022851e-010
4.000013366108879e-003	2.002763e+000	2.022791e-010
4.000014790012273e-003	2.002593e+000	2.022618e-010
4.000016520765874e-003	2.002263e+000	2.022286e-010
4.000018163523932e-003	2.001852e+000	2.021871e-010
4.000020141310940e-003	2.001276e+000	2.021289e-010
4.000022160808475e-003	2.000647e+000	2.020653e-010
4.000024240614688e-003	1.999987e+000	2.019986e-010
4.000026590648168e-003	1.999247e+000	2.019239e-010
4.000029384039549e-003	1.998386e+000	2.018369e-010
4.000032776743606e-003	1.997362e+000	2.017336e-010
4.000037024430326e-003	1.996106e+000	2.016067e-010
4.000042805219802e-003	1.994425e+000	2.014370e-010
4.000052013968854e-003	1.991786e+000	2.011704e-010
4.000063834052652e-003	1.988435e+000	2.008319e-010
4.000076720126276e-003	1.984817e+000	2.004665e-010
4.000091716762238e-003	1.980645e+000	2.000452e-010
4.000106035430472e-003	1.976702e+000	1.996469e-010
4.000121734799256e-003	1.972427e+000	1.992151e-010
4.000138199346225e-003	1.968014e+000	1.987694e-010
4.000153398557861e-003	1.964120e+000	1.983761e-010
4.000165228455511e-003	1.961677e+000	1.981294e-010
4.000179249570605e-003	1.959986e+000	1.979586e-010
4.000192479467653e-003	1.959132e+000	1.978723e-010
4.000205562428211e-003	1.958129e+000	1.977710e-010
4.000219573605649e-003	1.956391e+000	1.975955e-010
4.000233121929329e-003	1.954100e+000	1.973641e-010
4.000248693569845e-003	1.950933e+000	1.970442e-010
4.000263920647564e-003	1.947476e+000	1.966950e-010
4.000280600311533e-003	1.943430e+000	1.962865e-010
4.000296179889848e-003	1.939514e+000	1.958910e-010
4.000313145064780e-003	1.935169e+000	1.954521e-010
4.000330085215343e-003	1.930796e+000	1.950104e-010
4.000349599630837e-003	1.925753e+000	1.945011e-010
4.000372761681620e-003	1.919788e+000	1.938986e-010
4.000392855519001e-003	1.914644e+000	1.933790e-010
4.000411156876187e-003	1.909995e+000	1.929095e-010
4.000434129579785e-003	1.904208e+000	1.923250e-010
4.000455828870438e-003	1.898795e+000	1.917783e-010
4.000484925504018e-003	1.891622e+000	1.910538e-010
4.000519673462249e-003	1.883179e+000	1.902011e-010
4.000568055520232e-003	1.871631e+000	1.890347e-010
4.000620522121796e-003	1.859363e+000	1.877957e-010
4.000676225858205e-003	1.846659e+000	1.865126e-010
4.000753493686663e-003	1.829596e+000	1.847892e-010
4.000875841941772e-003	1.803632e+000	1.821669e-010
4.001005982808767e-003	1.777251e+000	1.795023e-010
4.001124497872241e-003	1.754381e+000	1.771925e-010
4.001241255917627e-003	1.732991e+000	1.750321e-010
4.001401293328798e-003	1.705472e+000	1.722526e-010
4.001668858976309e-003	1.663160e+000	1.679792e-010
4.002029474611266e-003	1.611255e+000	1.627368e-010
4.002263361745791e-003	1.580624e+000	1.596430e-010
4.002433045892213e-003	1.560200e+000	1.575802e-010
4.002587384526447e-003	1.542738e+000	1.558166e-010
4.002685906560165e-003	1.532151e+000	1.547472e-010
4.002801053232340e-003	1.520330e+000	1.535534e-010
4.002946188864977e-003	1.506035e+000	1.521095e-010
4.003080459214105e-003	1.493467e+000	1.508402e-010
4.003293068647118e-003	1.474756e+000	1.489504e-010
4.003525067210054e-003	1.455776e+000	1.470334e-010
4.003793539947707e-003	1.435774e+000	1.450132e-010
4.004145374971554e-003	1.412392e+000	1.426515e-010
4.004562545707736e-003	1.388600e+000	1.402486e-010
4.005190236135334e-003	1.359405e+000	1.372999e-010
4.005929037339400e-003	1.333285e+000	1.346618e-010
4.006929037339400e-003	1.308516e+000	1.321601e-010
4.007929037339400e-003	1.292203e+000	1.305125e-010
4.008929037339400e-003	1.282100e+000	1.294921e-010
4.009929037339400e-003	1.275945e+000	1.288704e-010
4.010929037339400e-003	1.272233e+000	1.284955e-010
4.011929037339400e-003	1.270004e+000	1.282704e-010
4.012929037339400e-003	1.268667e+000	1.281354e-010
4.013929037339400e-003	1.267863e+000	1.280541e-010
4.014929037339400e-003	1.267375e+000	1.280049e-010
4.015929037339400e-003	1.267075e+000	1.279746e-010
4.016929037339400e-003	1.266887e+000	1.279556e-010
4.017929037339400e-003	1.266765e+000	1.279433e-010
4.018929037339400e-003	1.266683e+000	1.279350e-010
4.019929037339400e-003	1.266623e+000	1.279290e-010
4.020929037339400e-003	1.266578e+000	1.279244e-010
4.021929037339400e-003	1.266540e+000	1.279205e-010
4.022929037339400e-003	1.266507e+000	1.279172e-010
4.023929037339400e-003	1.266476e+000	1.279141e-010
4.024929037339400e-003	1.266447e+000	1.279111e-010
4.025929037339400e-003	1.266418e+000	1.279082e-010
4.026929037339400e-003	1.266390e+000	1.279054e-010
4.027929037339400e-003	1.266363e+000	1.279026e-010
4.028929037339400e-003	1.266335e+000	1.278999e-010
4.029929037339400e-003	1.266308e+000	1.278971e-010
4.030929037339400e-003	1.266281e+000	1.278944e-010
4.031929037339400e-003	1.266254e+000	1.278916e-010
4.032929037339400e-003	1.266227e+000	1.278889e-010
4.033929037339400e-003	1.266199e+000	1.278861e-010
4.034929037339400e-003	1.266172e+000	1.278834e-010
4.035929037339400e-003	1.266145e+000	1.278807e-010
4.036929037339400e-003	1.266118e+000	1.278779e-010
4.037929037339400e-003	1.266091e+000	1.278752e-010
4.038929037339400e-003	1.266064e+000	1.278724e-010
4.039929037339400e-003	1.266037e+000	1.278697e-010
4.040929037339400e-003	1.266009e+000	1.278670e-010
4.041929037339400e-003	1.265982e+000	1.278642e-010
4.042929037339400e-003	1.265955e+000	1.278615e-010
4.043929037339400e-003	1.265928e+000	1.278587e-010
4.044929037339400e-003	1.265901e+000	1.278560e-010
4.045929037339400e-003	1.265874e+000	1.278532e-010
4.046929037339400e-003	1.265846e+000	1.278505e-010
4.047929037339400e-003	1.265819e+000	1.278477e-010
4.048929037339400e-003	1.265792e+000	1.278450e-010
4.049929037339400e-003	1.265765e+000	1.278423e-010
4.050929037339400e-003	1.265738e+000	1.278395e-010
4.051929037339400e-003	1.265711e+000	1.278368e-010
4.052929037339400e-003	1.265684e+000	1.278340e-010
4.053929037339400e-003	1.265656e+000	1.278313e-010
4.054929037339400e-003	1.265629e+000	1.278286e-010
4.055929037339400e-003	1.265602e+000	1.278258e-010
4.056929037339400e-003	1.265575e+000	1.278231e-010
4.057929037339400e-003	1.265548e+000	1.278203e-010
4.058929037339400e-003	1.265521e+000	1.278176e-010
4.059929037339400e-003	1.265494e+000	1.278148e-010
4.060929037339400e-003	1.265466e+000	1.278121e-010
4.061929037339400e-003	1.265439e+000	1.278094e-010
4.062929037339400e-003	1.265412e+000	1.278066e-010
4.063929037339400e-003	1.265385e+000	1.278039e-010
4.064929037339400e-003	1.265358e+000	1.278011e-010
4.065929037339400e-003	1.265331e+000	1.277984e-010
4.066929037339400e-003	1.265303e+000	1.277956e-010
4.067929037339400e-003	1.265276e+000	1.277929e-010
4.068929037339400e-003	1.265249e+000	1.277902e-010
4.069929037339400e-003	1.265222e+000	1.277874e-010
4.070929037339400e-003	1.265195e+000	1.277847e-010
4.071929037339400e-003	1.265168e+000	1.277819e-010
4.072929037339400e-003	1.265141e+000	1.277792e-010
4.073929037339400e-003	1.265113e+000	1.277765e-010
4.074929037339400e-003	1.265086e+000	1.277737e-010
4.075929037339400e-003	1.265059e+000	1.277710e-010
4.076929037339400e-003	1.265032e+000	1.277682e-010
4.077929037339400e-003	1.265005e+000	1.277655e-010
4.078929037339400e-003	1.264978e+000	1.277627e-010
4.079929037339400e-003	1.264951e+000	1.277600e-010
4.080929037339400e-003	1.264923e+000	1.277573e-010
4.081929037339400e-003	1.264896e+000	1.277545e-010
4.082929037339400e-003	1.264869e+000	1.277518e-010
4.083929037339400e-003	1.264842e+000	1.277490e-010
4.084929037339400e-003	1.264815e+000	1.277463e-010
4.085929037339400e-003	1.264788e+000	1.277436e-010
4.086929037339400e-003	1.264761e+000	1.277408e-010
4.087929037339400e-003	1.264733e+000	1.277381e-010
4.088929037339400e-003	1.264706e+000	1.277353e-010
4.089929037339400e-003	1.264679e+000	1.277326e-010
4.090929037339400e-003	1.264652e+000	1.277299e-010
4.091929037339400e-003	1.264625e+000	1.277271e-010
4.092929037339400e-003	1.264598e+000	1.277244e-010
4.093929037339400e-003	1.264571e+000	1.277216e-010
4.094929037339400e-003	1.264544e+000	1.277189e-010
4.095929037339400e-003	1.264516e+000	1.277161e-010
4.096929037339400e-003	1.264489e+000	1.277134e-010
4.097929037339400e-003	1.264462e+000	1.277107e-010
4.098929037339400e-003	1.264435e+000	1.277079e-010
4.099929037339400e-003	1.264408e+000	1.277052e-010
4.100929037339400e-003	1.264381e+000	1.277024e-010
4.101929037339400e-003	1.264354e+000	1.276997e-010
4.102929037339400e-003	1.264326e+000	1.276970e-010
4.103929037339400e-003	1.264299e+000	1.276942e-010
4.104929037339400e-003	1.264272e+000	1.276915e-010
4.105929037339400e-003	1.264245e+000	1.276887e-010
4.106929037339400e-003	1.264218e+000	1.276860e-010
4.107929037339400e-003	1.264191e+000	1.276833e-010
4.108929037339400e-003	1.264164e+000	1.276805e-010
4.109929037339400e-003	1.264137e+000	1.276778e-010
4.110929037339400e-003	1.264109e+000	1.276751e-010
4.111929037339400e-003	1.264082e+000	1.276723e-010
4.112929037339400e-003	1.264055e+000	1.276696e-010
4.113929037339400e-003	1.264028e+000	1.276668e-010
4.114929037339400e-003	1.264001e+000	1.276641e-010
4.115929037339400e-003	1.263974e+000	1.276614e-010
4.116929037339400e-003	1.263947e+000	1.276586e-010
4.117929037339400e-003	1.263920e+000	1.276559e-010
4.118929037339400e-003	1.263893e+000	1.276531e-010
4.119929037339400e-003	1.263865e+000	1.276504e-010
4.120929037339400e-003	1.263838e+000	1.276477e-010
4.121929037339400e-003	1.263811e+000	1.276449e-010
4.122929037339400e-003	1.263784e+000	1.276422e-010
4.123929037339400e-003	1.263757e+000	1.276394e-010
4.124929037339400e-003	1.263730e+000	1.276367e-010
4.125929037339400e-003	1.263703e+000	1.276340e-010
4.126929037339400e-003	1.263676e+000	1.276312e-010
4.127929037339400e-003	1.263648e+000	1.276285e-010
4.128929037339400e-003	1.263621e+000	1.276257e-010
4.129929037339400e-003	1.263594e+000	1.276230e-010
4.130929037339400e-003	1.263567e+000	1.276203e-010
4.131929037339400e-003	1.263540e+000	1.276175e-010
4.132929037339400e-003	1.263513e+000	1.276148e-010
4.133929037339400e-003	1.263486e+000	1.276121e-010
4.134929037339400e-003	1.263459e+000	1.276093e-010
4.135929037339400e-003	1.263432e+000	1.276066e-010
4.136929037339400e-003	1.263404e+000	1.276038e-010
4.137929037339400e-003	1.263377e+000	1.276011e-010
4.139929037339400e-003	1.263323e+000	1.275956e-010
4.140929037339400e-003	1.263296e+000	1.275929e-010
4.141929037339400e-003	1.263269e+000	1.275902e-010
4.142929037339400e-003	1.263242e+000	1.275874e-010
4.143929037339400e-003	1.263215e+000	1.275847e-010
4.144929037339400e-003	1.263188e+000	1.275819e-010
4.145929037339400e-003	1.263160e+000	1.275792e-010
4.146929037339400e-003	1.263133e+000	1.275765e-010
4.147929037339400e-003	1.263106e+000	1.275737e-010
4.148929037339400e-003	1.263079e+000	1.275710e-010
4.149929037339400e-003	1.263052e+000	1.275683e-010
4.150929037339400e-003	1.263025e+000	1.275655e-010
4.151929037339400e-003	1.262998e+000	1.275628e-010
4.152929037339400e-003	1.262971e+000	1.275600e-010
4.153929037339400e-003	1.262944e+000	1.275573e-010
4.154929037339400e-003	1.262917e+000	1.275546e-010
4.155929037339400e-003	1.262889e+000	1.275518e-010
4.156929037339400e-003	1.262862e+000	1.275491e-010
4.157929037339400e-003	1.262835e+000	1.275464e-010
4.158929037339400e-003	1.262808e+000	1.275436e-010
4.159929037339400e-003	1.262781e+000	1.275409e-010
4.160929037339400e-003	1.262754e+000	1.275381e-010
4.161929037339400e-003	1.262727e+000	1.275354e-010
4.162929037339400e-003	1.262700e+000	1.275327e-010
4.163929037339400e-003	1.262673e+000	1.275299e-010
4.164929037339400e-003	1.262646e+000	1.275272e-010
4.165929037339400e-003	1.262619e+000	1.275245e-010
4.166929037339400e-003	1.262591e+000	1.275217e-010
4.167929037339400e-003	1.262564e+000	1.275190e-010
4.168929037339400e-003	1.262537e+000	1.275162e-010
4.169929037339400e-003	1.262510e+000	1.275135e-010
4.170929037339400e-003	1.262483e+000	1.275108e-010
4.171929037339400e-003	1.262456e+000	1.275081e-010
4.172929037339400e-003	1.262429e+000	1.275053e-010
4.173929037339400e-003	1.262402e+000	1.275026e-010
4.174929037339400e-003	1.262375e+000	1.274998e-010
4.175929037339400e-003	1.262348e+000	1.274971e-010
4.176929037339400e-003	1.262321e+000	1.274944e-010
4.177929037339400e-003	1.262293e+000	1.274916e-010
4.178929037339400e-003	1.262266e+000	1.274889e-010
4.179929037339400e-003	1.262239e+000	1.274862e-010
4.180929037339400e-003	1.262212e+000	1.274834e-010
4.181929037339400e-003	1.262185e+000	1.274807e-010
4.182929037339400e-003	1.262158e+000	1.274780e-010
4.183929037339400e-003	1.262131e+000	1.274752e-010
4.184929037339400e-003	1.262104e+000	1.274725e-010
4.185929037339400e-003	1.262077e+000	1.274698e-010
4.186929037339400e-003	1.262050e+000	1.274670e-010
4.187929037339400e-003	1.262023e+000	1.274643e-010
4.188929037339400e-003	1.261996e+000	1.274615e-010
4.189929037339400e-003	1.261968e+000	1.274588e-010
4.190929037339400e-003	1.261941e+000	1.274561e-010
4.191929037339400e-003	1.261914e+000	1.274534e-010
4.192929037339400e-003	1.261887e+000	1.274506e-010
4.193929037339400e-003	1.261860e+000	1.274479e-010
4.194929037339400e-003	1.261833e+000	1.274451e-010
4.195929037339400e-003	1.261806e+000	1.274424e-010
4.196929037339400e-003	1.261779e+000	1.274397e-010
4.197929037339400e-003	1.261752e+000	1.274369e-010
4.198929037339400e-003	1.261725e+000	1.274342e-010
4.199929037339400e-003	1.261698e+000	1.274315e-010
4.200929037339400e-003	1.261671e+000	1.274287e-010
4.201929037339400e-003	1.261644e+000	1.274260e-010
4.202929037339400e-003	1.261616e+000	1.274233e-010
4.203929037339400e-003	1.261589e+000	1.274205e-010
4.204929037339400e-003	1.261562e+000	1.274178e-010
4.205929037339400e-003	1.261535e+000	1.274151e-010
4.206929037339400e-003	1.261508e+000	1.274123e-010
4.207929037339400e-003	1.261481e+000	1.274096e-010
4.208929037339400e-003	1.261454e+000	1.274069e-010
4.209929037339400e-003	1.261427e+000	1.274041e-010
4.210929037339400e-003	1.261400e+000	1.274014e-010
4.211929037339400e-003	1.261373e+000	1.273987e-010
4.212929037339400e-003	1.261346e+000	1.273959e-010
4.213929037339400e-003	1.261319e+000	1.273932e-010
4.214929037339400e-003	1.261292e+000	1.273905e-010
4.215929037339400e-003	1.261265e+000	1.273877e-010
4.216929037339400e-003	1.261238e+000	1.273850e-010
4.217929037339400e-003	1.261210e+000	1.273823e-010
4.218929037339400e-003	1.261184e+000	1.273795e-010
4.219929037339400e-003	1.261156e+000	1.273768e-010
4.220929037339400e-003	1.261129e+000	1.273741e-010
4.221929037339400e-003	1.261102e+000	1.273713e-010
4.222929037339400e-003	1.261075e+000	1.273686e-010
4.223929037339400e-003	1.261048e+000	1.273659e-010
4.224929037339400e-003	1.261021e+000	1.273631e-010
4.225929037339400e-003	1.260994e+000	1.273604e-010
4.226929037339400e-003	1.260967e+000	1.273577e-010
4.227929037339400e-003	1.260940e+000	1.273549e-010
4.228929037339400e-003	1.260913e+000	1.273522e-010
4.229929037339400e-003	1.260886e+000	1.273495e-010
4.230929037339400e-003	1.260859e+000	1.273467e-010
4.231929037339400e-003	1.260832e+000	1.273440e-010
4.232929037339400e-003	1.260805e+000	1.273413e-010
4.233929037339400e-003	1.260778e+000	1.273385e-010
4.234929037339400e-003	1.260751e+000	1.273358e-010
4.235929037339400e-003	1.260724e+000	1.273331e-010
4.236929037339400e-003	1.260696e+000	1.273303e-010
4.237929037339400e-003	1.260669e+000	1.273276e-010
4.238929037339401e-003	1.260642e+000	1.273249e-010
4.239929037339400e-003	1.260615e+000	1.273222e-010
4.240929037339400e-003	1.260588e+000	1.273194e-010
4.241929037339400e-003	1.260561e+000	1.273167e-010
4.242929037339400e-003	1.260534e+000	1.273140e-010
4.243929037339400e-003	1.260507e+000	1.273112e-010
4.244929037339400e-003	1.260480e+000	1.273085e-010
4.245929037339400e-003	1.260453e+000	1.273057e-010
4.246929037339400e-003	1.260426e+000	1.273030e-010
4.247929037339400e-003	1.260399e+000	1.273003e-010
4.248929037339400e-003	1.260372e+000	1.272976e-010
4.249929037339400e-003	1.260345e+000	1.272948e-010
4.250929037339400e-003	1.260318e+000	1.272921e-010
4.251929037339400e-003	1.260291e+000	1.272894e-010
4.252929037339400e-003	1.260264e+000	1.272866e-010
4.253929037339400e-003	1.260237e+000	1.272839e-010
4.254929037339400e-003	1.260210e+000	1.272812e-010
4.255929037339400e-003	1.260183e+000	1.272784e-010
4.256929037339400e-003	1.260156e+000	1.272757e-010
4.257929037339400e-003	1.260128e+000	1.272730e-010
4.258929037339400e-003	1.260102e+000	1.272702e-010
4.260929037339400e-003	1.260047e+000	1.272648e-010
4.261929037339400e-003	1.260020e+000	1.272621e-010
4.262929037339400e-003	1.259993e+000	1.272593e-010
4.263929037339400e-003	1.259966e+000	1.272566e-010
4.264929037339400e-003	1.259939e+000	1.272539e-010
4.265929037339400e-003	1.259912e+000	1.272511e-010
4.266929037339400e-003	1.259885e+000	1.272484e-010
4.267929037339400e-003	1.259858e+000	1.272457e-010
4.268929037339400e-003	1.259831e+000	1.272429e-010
4.269929037339400e-003	1.259804e+000	1.272402e-010
4.270929037339400e-003	1.259777e+000	1.272375e-010
4.271929037339400e-003	1.259750e+000	1.272348e-010
4.272929037339400e-003	1.259723e+000	1.272320e-010
4.273929037339400e-003	1.259696e+000	1.272293e-010
4.274929037339400e-003	1.259669e+000	1.272266e-010
4.275929037339400e-003	1.259642e+000	1.272238e-010
4.276929037339400e-003	1.259615e+000	1.272211e-010
4.277929037339400e-003	1.259588e+000	1.272184e-010
4.278929037339400e-003	1.259561e+000	1.272157e-010
4.279929037339400e-003	1.259534e+000	1.272129e-010
4.280929037339400e-003	1.259507e+000	1.272102e-010
4.281929037339400e-003	1.259480e+000	1.272075e-010
4.282929037339400e-003	1.259453e+000	1.272047e-010
4.283929037339400e-003	1.259426e+000	1.272020e-010
4.284929037339400e-003	1.259399e+000	1.271993e-010
4.285929037339400e-003	1.259372e+000	1.271965e-010
4.286929037339400e-003	1.259345e+000	1.271938e-010
4.287929037339400e-003	1.259318e+000	1.271911e-010
4.288929037339400e-003	1.259291e+000	1.271884e-010
4.289929037339400e-003	1.259264e+000	1.271856e-010
4.290929037339400e-003	1.259237e+000	1.271829e-010
4.291929037339400e-003	1.259210e+000	1.271802e-010
4.292929037339400e-003	1.259183e+000	1.271774e-010
4.293929037339400e-003	1.259156e+000	1.271747e-010
4.294929037339400e-003	1.259129e+000	1.271720e-010
4.295929037339400e-003	1.259102e+000	1.271693e-010
4.296929037339400e-003	1.259075e+000	1.271665e-010
4.297929037339400e-003	1.259048e+000	1.271638e-010
4.298929037339400e-003	1.259020e+000	1.271611e-010
4.299929037339400e-003	1.258994e+000	1.271583e-010
4.300929037339400e-003	1.258966e+000	1.271556e-010
4.301929037339400e-003	1.258940e+000	1.271529e-010
4.302929037339400e-003	1.258912e+000	1.271502e-010
4.303929037339400e-003	1.258885e+000	1.271474e-010
4.304929037339400e-003	1.258858e+000	1.271447e-010
4.305929037339400e-003	1.258831e+000	1.271420e-010
4.306929037339400e-003	1.258804e+000	1.271392e-010
4.307929037339400e-003	1.258777e+000	1.271365e-010
4.308929037339400e-003	1.258750e+000	1.271338e-010
4.309929037339400e-003	1.258723e+000	1.271311e-010
4.310929037339401e-003	1.258696e+000	1.271283e-010
4.311929037339400e-003	1.258669e+000	1.271256e-010
4.312929037339400e-003	1.258642e+000	1.271229e-010
4.313929037339400e-003	1.258615e+000	1.271201e-010
4.314929037339400e-003	1.258588e+000	1.271174e-010
4.315929037339400e-003	1.258561e+000	1.271147e-010
4.316929037339400e-003	1.258534e+000	1.271120e-010
4.317929037339400e-003	1.258507e+000	1.271092e-010
4.318929037339400e-003	1.258480e+000	1.271065e-010
4.319929037339400e-003	1.258453e+000	1.271038e-010
4.320929037339400e-003	1.258426e+000	1.271011e-010
4.321929037339400e-003	1.258399e+000	1.270983e-010
4.322929037339400e-003	1.258372e+000	1.270956e-010
4.323929037339401e-003	1.258345e+000	1.270929e-010
4.324929037339400e-003	1.258318e+000	1.270901e-010
4.325929037339400e-003	1.258291e+000	1.270874e-010
4.326929037339400e-003	1.258264e+000	1.270847e-010
4.327929037339400e-003	1.258237e+000	1.270820e-010
4.328929037339400e-003	1.258210e+000	1.270792e-010
4.329929037339400e-003	1.258183e+000	1.270765e-010
4.330929037339400e-003	1.258156e+000	1.270738e-010
4.331929037339400e-003	1.258129e+000	1.270711e-010
4.332929037339400e-003	1.258102e+000	1.270683e-010
4.333929037339400e-003	1.258075e+000	1.270656e-010
4.334929037339400e-003	1.258048e+000	1.270629e-010
4.335929037339400e-003	1.258021e+000	1.270602e-010
4.336929037339401e-003	1.257994e+000	1.270574e-010
4.337929037339400e-003	1.257967e+000	1.270547e-010
4.338929037339400e-003	1.257940e+000	1.270520e-010
4.339929037339400e-003	1.257913e+000	1.270493e-010
4.340929037339400e-003	1.257886e+000	1.270465e-010
4.341929037339400e-003	1.257859e+000	1.270438e-010
4.342929037339400e-003	1.257833e+000	1.270411e-010
4.343929037339400e-003	1.257805e+000	1.270384e-010
4.344929037339400e-003	1.257779e+000	1.270356e-010
4.345929037339400e-003	1.257751e+000	1.270329e-010
4.346929037339400e-003	1.257725e+000	1.270302e-010
4.347929037339400e-003	1.257697e+000	1.270274e-010
4.348929037339400e-003	1.257671e+000	1.270247e-010
4.349929037339400e-003	1.257644e+000	1.270220e-010
4.350929037339400e-003	1.257617e+000	1.270193e-010
4.351929037339400e-003	1.257590e+000	1.270166e-010
4.352929037339400e-003	1.257563e+000	1.270138e-010
4.353929037339400e-003	1.257536e+000	1.270111e-010
4.354929037339400e-003	1.257509e+000	1.270084e-010
4.355929037339400e-003	1.257482e+000	1.270057e-010
4.356929037339400e-003	1.257455e+000	1.270029e-010
4.357929037339400e-003	1.257428e+000	1.270002e-010
4.358929037339400e-003	1.257401e+000	1.269975e-010
4.359929037339400e-003	1.257374e+000	1.269947e-010
4.360929037339400e-003	1.257347e+000	1.269920e-010
4.361929037339400e-003	1.257320e+000	1.269893e-010
4.362929037339400e-003	1.257293e+000	1.269866e-010
4.363929037339400e-003	1.257266e+000	1.269839e-010
4.364929037339400e-003	1.257239e+000	1.269811e-010
4.365929037339400e-003	1.257212e+000	1.269784e-010
4.366929037339400e-003	1.257185e+000	1.269757e-010
4.367929037339400e-003	1.257158e+000	1.269730e-010
4.368929037339400e-003	1.257131e+000	1.269702e-010
4.369929037339400e-003	1.257104e+000	1.269675e-010
4.370929037339400e-003	1.257077e+000	1.269648e-010
4.371929037339400e-003	1.257050e+000	1.269621e-010
4.372929037339400e-003	1.257023e+000	1.269593e-010
4.373929037339400e-003	1.256996e+000	1.269566e-010
4.374929037339400e-003	1.256969e+000	1.269539e-010
4.375929037339400e-003	1.256942e+000	1.269512e-010
4.376929037339400e-003	1.256915e+000	1.269484e-010
4.377929037339400e-003	1.256888e+000	1.269457e-010
4.378929037339400e-003	1.256861e+000	1.269430e-010
4.379929037339400e-003	1.256834e+000	1.269403e-010
4.381929037339400e-003	1.256780e+000	1.269348e-010
4.382929037339401e-003	1.256753e+000	1.269321e-010
4.383929037339400e-003	1.256727e+000	1.269294e-010
4.384929037339400e-003	1.256699e+000	1.269266e-010
4.385929037339400e-003	1.256673e+000	1.269239e-010
4.386929037339400e-003	1.256646e+000	1.269212e-010
4.387929037339400e-003	1.256619e+000	1.269185e-010
4.388929037339400e-003	1.256592e+000	1.269158e-010
4.389929037339400e-003	1.256565e+000	1.269130e-010
4.390929037339400e-003	1.256538e+000	1.269103e-010
4.391929037339400e-003	1.256511e+000	1.269076e-010
4.393929037339400e-003	1.256457e+000	1.269021e-010
4.394929037339400e-003	1.256430e+000	1.268994e-010
4.395929037339401e-003	1.256403e+000	1.268967e-010
4.396929037339400e-003	1.256376e+000	1.268940e-010
4.397929037339400e-003	1.256349e+000	1.268912e-010
4.398929037339400e-003	1.256322e+000	1.268885e-010
4.399929037339400e-003	1.256295e+000	1.268858e-010
4.400929037339400e-003	1.256268e+000	1.268831e-010
4.401929037339400e-003	1.256241e+000	1.268804e-010
4.402929037339400e-003	1.256214e+000	1.268776e-010
4.403929037339400e-003	1.256187e+000	1.268749e-010
4.405929037339400e-003	1.256133e+000	1.268695e-010
4.406929037339400e-003	1.256106e+000	1.268667e-010
4.407929037339400e-003	1.256079e+000	1.268640e-010
4.408929037339401e-003	1.256052e+000	1.268613e-010
4.409929037339400e-003	1.256026e+000	1.268586e-010
4.410929037339400e-003	1.255999e+000	1.268559e-010
4.411929037339400e-003	1.255972e+000	1.268531e-010
4.412929037339400e-003	1.255945e+000	1.268504e-010
4.413929037339400e-003	1.255918e+000	1.268477e-010
4.414929037339400e-003	1.255891e+000	1.268450e-010
4.415929037339400e-003	1.255864e+000	1.268423e-010
4.417929037339400e-003	1.255810e+000	1.268368e-010
4.418929037339400e-003	1.255783e+000	1.268341e-010
4.419929037339400e-003	1.255756e+000	1.268314e-010
4.420929037339400e-003	1.255729e+000	1.268286e-010
4.421929037339401e-003	1.255702e+000	1.268259e-010
4.422929037339400e-003	1.255675e+000	1.268232e-010
4.423929037339400e-003	1.255648e+000	1.268205e-010
4.424929037339400e-003	1.255621e+000	1.268178e-010
4.425929037339400e-003	1.255594e+000	1.268150e-010
4.426929037339400e-003	1.255568e+000	1.268123e-010
4.427929037339400e-003	1.255541e+000	1.268096e-010
4.429929037339400e-003	1.255487e+000	1.268042e-010
4.430929037339400e-003	1.255460e+000	1.268014e-010
4.431929037339400e-003	1.255433e+000	1.267987e-010
4.432929037339400e-003	1.255406e+000	1.267960e-010
4.433929037339400e-003	1.255379e+000	1.267933e-010
4.434929037339400e-003	1.255352e+000	1.267906e-010
4.435929037339400e-003	1.255325e+000	1.267878e-010
4.436929037339400e-003	1.255298e+000	1.267851e-010
4.437929037339400e-003	1.255271e+000	1.267824e-010
4.438929037339400e-003	1.255244e+000	1.267797e-010
4.439929037339400e-003	1.255217e+000	1.267770e-010
4.440929037339400e-003	1.255190e+000	1.267742e-010
4.441929037339400e-003	1.255164e+000	1.267715e-010
4.442929037339400e-003	1.255137e+000	1.267688e-010
4.443929037339400e-003	1.255110e+000	1.267661e-010
4.444929037339400e-003	1.255083e+000	1.267633e-010
4.445929037339400e-003	1.255056e+000	1.267606e-010
4.446929037339400e-003	1.255029e+000	1.267579e-010
4.447929037339400e-003	1.255002e+000	1.267552e-010
4.448929037339400e-003	1.254975e+000	1.267525e-010
4.449929037339400e-003	1.254948e+000	1.267497e-010
4.450929037339400e-003	1.254921e+000	1.267470e-010
4.451929037339400e-003	1.254894e+000	1.267443e-010
4.452929037339400e-003	1.254867e+000	1.267416e-010
4.453929037339400e-003	1.254840e+000	1.267389e-010
4.454929037339400e-003	1.254813e+000	1.267362e-010
4.455929037339400e-003	1.254786e+000	1.267334e-010
4.456929037339400e-003	1.254760e+000	1.267307e-010
4.457929037339400e-003	1.254733e+000	1.267280e-010
4.458929037339400e-003	1.254706e+000	1.267253e-010
4.459929037339400e-003	1.254679e+000	1.267226e-010
4.460929037339400e-003	1.254652e+000	1.267198e-010
4.461929037339400e-003	1.254625e+000	1.267171e-010
4.462929037339400e-003	1.254598e+000	1.267144e-010
4.463929037339400e-003	1.254571e+000	1.267117e-010
4.464929037339400e-003	1.254544e+000	1.267090e-010
4.466929037339400e-003	1.254490e+000	1.267035e-010
4.467929037339401e-003	1.254464e+000	1.267008e-010
4.468929037339400e-003	1.254437e+000	1.266981e-010
4.469929037339400e-003	1.254410e+000	1.266954e-010
4.470929037339400e-003	1.254383e+000	1.266927e-010
4.471929037339400e-003	1.254356e+000	1.266899e-010
4.472929037339400e-003	1.254329e+000	1.266872e-010
4.473929037339400e-003	1.254302e+000	1.266845e-010
4.474929037339400e-003	1.254275e+000	1.266818e-010
4.475929037339400e-003	1.254248e+000	1.266791e-010
4.476929037339400e-003	1.254221e+000	1.266764e-010
4.478929037339400e-003	1.254167e+000	1.266709e-010
4.479929037339400e-003	1.254141e+000	1.266682e-010
4.480929037339401e-003	1.254114e+000	1.266655e-010
4.481929037339400e-003	1.254087e+000	1.266628e-010
4.482929037339400e-003	1.254060e+000	1.266600e-010
4.483929037339400e-003	1.254033e+000	1.266573e-010
4.484929037339400e-003	1.254006e+000	1.266546e-010
4.485929037339400e-003	1.253979e+000	1.266519e-010
4.486929037339400e-003	1.253952e+000	1.266492e-010
4.487929037339400e-003	1.253925e+000	1.266465e-010
4.489929037339400e-003	1.253872e+000	1.266410e-010
4.490929037339400e-003	1.253845e+000	1.266383e-010
4.491929037339400e-003	1.253818e+000	1.266356e-010
4.492929037339400e-003	1.253791e+000	1.266329e-010
4.493929037339401e-003	1.253764e+000	1.266302e-010
4.494929037339400e-003	1.253737e+000	1.266274e-010
4.495929037339400e-003	1.253710e+000	1.266247e-010
4.496929037339400e-003	1.253683e+000	1.266220e-010
4.497929037339400e-003	1.253656e+000	1.266193e-010
4.498929037339400e-003	1.253629e+000	1.266166e-010
4.499929037339400e-003	1.253603e+000	1.266139e-010
4.501929037339400e-003	1.253549e+000	1.266084e-010
4.502929037339400e-003	1.253522e+000	1.266057e-010
4.503929037339400e-003	1.253495e+000	1.266030e-010
4.504929037339400e-003	1.253468e+000	1.266003e-010
4.505929037339400e-003	1.253441e+000	1.265976e-010
4.506929037339401e-003	1.253414e+000	1.265948e-010
4.507929037339400e-003	1.253387e+000	1.265921e-010
4.508929037339400e-003	1.253361e+000	1.265894e-010
4.509929037339400e-003	1.253334e+000	1.265867e-010
4.510929037339400e-003	1.253307e+000	1.265840e-010
4.511929037339400e-003	1.253280e+000	1.265813e-010
4.513929037339400e-003	1.253226e+000	1.265758e-010
4.515929037339400e-003	1.253172e+000	1.265704e-010
4.516929037339400e-003	1.253145e+000	1.265677e-010
4.517929037339400e-003	1.253119e+000	1.265650e-010
4.518929037339400e-003	1.253092e+000	1.265623e-010
4.519929037339401e-003	1.253065e+000	1.265595e-010
4.520929037339400e-003	1.253038e+000	1.265568e-010
4.521929037339400e-003	1.253011e+000	1.265541e-010
4.522929037339400e-003	1.252984e+000	1.265514e-010
4.523929037339400e-003	1.252957e+000	1.265487e-010
4.525929037339400e-003	1.252903e+000	1.265432e-010
4.527929037339400e-003	1.252850e+000	1.265378e-010
4.528929037339400e-003	1.252823e+000	1.265351e-010
4.529929037339400e-003	1.252796e+000	1.265324e-010
4.530929037339400e-003	1.252769e+000	1.265297e-010
4.531929037339400e-003	1.252742e+000	1.265270e-010
4.532929037339400e-003	1.252715e+000	1.265242e-010
4.533929037339400e-003	1.252688e+000	1.265215e-010
4.534929037339400e-003	1.252662e+000	1.265188e-010
4.535929037339400e-003	1.252635e+000	1.265161e-010
4.537929037339400e-003	1.252581e+000	1.265107e-010
4.539929037339401e-003	1.252527e+000	1.265053e-010
4.540929037339400e-003	1.252500e+000	1.265025e-010
4.541929037339400e-003	1.252473e+000	1.264998e-010
4.542929037339400e-003	1.252447e+000	1.264971e-010
4.543929037339400e-003	1.252420e+000	1.264944e-010
4.544929037339400e-003	1.252393e+000	1.264917e-010
4.545929037339400e-003	1.252366e+000	1.264890e-010
4.546929037339400e-003	1.252339e+000	1.264863e-010
4.547929037339400e-003	1.252312e+000	1.264835e-010
4.548643323053686e-003	1.252293e+000	1.264816e-010
4.549357608767971e-003	1.252274e+000	1.264797e-010
4.550071894482258e-003	1.252255e+000	1.264777e-010
4.550786180196543e-003	1.252235e+000	1.264758e-010
4.551500465910829e-003	1.252216e+000	1.264738e-010
4.552214751625114e-003	1.252197e+000	1.264719e-010
4.552929037339401e-003	1.252178e+000	1.264700e-010
4.553929037339400e-003	1.252151e+000	1.264673e-010
4.554929037339400e-003	1.252124e+000	1.264645e-010
4.555929037339400e-003	1.252097e+000	1.264618e-010
4.556929037339400e-003	1.252070e+000	1.264591e-010
4.557929037339400e-003	1.252044e+000	1.264564e-010
4.558929037339400e-003	1.252017e+000	1.264537e-010
4.560929037339400e-003	1.251963e+000	1.264483e-010
4.563929037339400e-003	1.251882e+000	1.264401e-010
4.565929037339401e-003	1.251829e+000	1.264347e-010
4.566929037339400e-003	1.251802e+000	1.264320e-010
4.567929037339400e-003	1.251775e+000	1.264293e-010
4.568929037339400e-003	1.251748e+000	1.264266e-010
4.569929037339400e-003	1.251721e+000	1.264238e-010
4.570929037339400e-003	1.251694e+000	1.264211e-010
4.572929037339400e-003	1.251641e+000	1.264157e-010
4.573643323053686e-003	1.251622e+000	1.264138e-010
4.574357608767971e-003	1.251602e+000	1.264118e-010
4.575071894482257e-003	1.251583e+000	1.264099e-010
4.575786180196543e-003	1.251564e+000	1.264080e-010
4.576500465910829e-003	1.251545e+000	1.264060e-010
4.577214751625114e-003	1.251526e+000	1.264041e-010
4.577929037339400e-003	1.251506e+000	1.264022e-010
4.578929037339401e-003	1.251480e+000	1.263994e-010
4.579929037339400e-003	1.251453e+000	1.263967e-010
4.580929037339400e-003	1.251426e+000	1.263940e-010
4.581929037339400e-003	1.251399e+000	1.263913e-010
4.583929037339400e-003	1.251345e+000	1.263859e-010
4.584786180196543e-003	1.251322e+000	1.263836e-010
4.585643323053686e-003	1.251299e+000	1.263812e-010
4.586500465910828e-003	1.251276e+000	1.263789e-010
4.587357608767972e-003	1.251253e+000	1.263766e-010
4.588214751625115e-003	1.251230e+000	1.263743e-010
4.589071894482258e-003	1.251207e+000	1.263719e-010
4.589929037339400e-003	1.251184e+000	1.263696e-010
4.591929037339401e-003	1.251131e+000	1.263642e-010
4.593929037339400e-003	1.251077e+000	1.263588e-010
4.595929037339400e-003	1.251023e+000	1.263533e-010
4.596786180196543e-003	1.251000e+000	1.263510e-010
4.597643323053686e-003	1.250977e+000	1.263487e-010
4.598500465910828e-003	1.250954e+000	1.263464e-010
4.599357608767972e-003	1.250931e+000	1.263441e-010
4.600214751625115e-003	1.250908e+000	1.263417e-010
4.601071894482257e-003	1.250885e+000	1.263394e-010
4.601929037339400e-003	1.250862e+000	1.263371e-010
4.603929037339400e-003	1.250808e+000	1.263317e-010
4.605929037339400e-003	1.250755e+000	1.263262e-010
4.607929037339400e-003	1.250701e+000	1.263208e-010
4.608929037339400e-003	1.250674e+000	1.263181e-010
4.609929037339400e-003	1.250648e+000	1.263154e-010
4.610929037339400e-003	1.250621e+000	1.263127e-010
4.611929037339400e-003	1.250594e+000	1.263100e-010
4.612929037339400e-003	1.250567e+000	1.263073e-010
4.613929037339400e-003	1.250540e+000	1.263046e-010
4.614929037339400e-003	1.250513e+000	1.263019e-010
4.616929037339400e-003	1.250460e+000	1.262964e-010
4.618929037339400e-003	1.250406e+000	1.262910e-010
4.621929037339400e-003	1.250326e+000	1.262829e-010
4.623071894482258e-003	1.250295e+000	1.262798e-010
4.624214751625114e-003	1.250264e+000	1.262767e-010
4.625357608767972e-003	1.250234e+000	1.262736e-010
4.626500465910829e-003	1.250203e+000	1.262705e-010
4.627643323053686e-003	1.250172e+000	1.262674e-010
4.628786180196543e-003	1.250142e+000	1.262643e-010
4.629929037339400e-003	1.250111e+000	1.262612e-010
4.632929037339400e-003	1.250031e+000	1.262531e-010
4.634071894482257e-003	1.250000e+000	1.262500e-010
4.635214751625114e-003	1.249969e+000	1.262469e-010
4.636357608767972e-003	1.249939e+000	1.262438e-010
4.637500465910828e-003	1.249908e+000	1.262407e-010
4.638643323053686e-003	1.249877e+000	1.262376e-010
4.639786180196543e-003	1.249847e+000	1.262345e-010
4.640929037339400e-003	1.249816e+000	1.262314e-010
4.643929037339400e-003	1.249736e+000	1.262233e-010
4.645071894482257e-003	1.249705e+000	1.262202e-010
4.646214751625115e-003	1.249674e+000	1.262171e-010
4.647357608767971e-003	1.249644e+000	1.262140e-010
4.648500465910829e-003	1.249613e+000	1.262109e-010
4.649643323053686e-003	1.249582e+000	1.262078e-010
4.650786180196543e-003	1.249552e+000	1.262047e-010
4.651929037339400e-003	1.249521e+000	1.262016e-010
4.654929037339400e-003	1.249441e+000	1.261935e-010
4.656071894482258e-003	1.249410e+000	1.261904e-010
4.657214751625114e-003	1.249379e+000	1.261873e-010
4.658357608767972e-003	1.249349e+000	1.261842e-010
4.659500465910829e-003	1.249318e+000	1.261811e-010
4.660643323053686e-003	1.249288e+000	1.261780e-010
4.661786180196543e-003	1.249257e+000	1.261750e-010
4.662929037339400e-003	1.249226e+000	1.261719e-010
4.665929037339400e-003	1.249146e+000	1.261637e-010
4.667214751625114e-003	1.249111e+000	1.261602e-010
4.668500465910829e-003	1.249077e+000	1.261568e-010
4.669786180196543e-003	1.249042e+000	1.261533e-010
4.671071894482257e-003	1.249008e+000	1.261498e-010
4.672357608767971e-003	1.248974e+000	1.261463e-010
4.673643323053686e-003	1.248939e+000	1.261429e-010
4.674929037339400e-003	1.248905e+000	1.261394e-010
4.677929037339400e-003	1.248824e+000	1.261313e-010
4.679357608767971e-003	1.248786e+000	1.261274e-010
4.680786180196543e-003	1.248748e+000	1.261235e-010
4.682214751625114e-003	1.248710e+000	1.261197e-010
4.683643323053686e-003	1.248671e+000	1.261158e-010
4.685071894482257e-003	1.248633e+000	1.261119e-010
4.686500465910829e-003	1.248595e+000	1.261081e-010
4.687929037339400e-003	1.248556e+000	1.261042e-010
4.689500465910829e-003	1.248514e+000	1.260999e-010
4.691071894482257e-003	1.248472e+000	1.260957e-010
4.692643323053686e-003	1.248430e+000	1.260914e-010
4.694214751625114e-003	1.248388e+000	1.260872e-010
4.695786180196543e-003	1.248346e+000	1.260829e-010
4.697357608767971e-003	1.248304e+000	1.260787e-010
4.698929037339400e-003	1.248262e+000	1.260744e-010
4.700643323053685e-003	1.248216e+000	1.260698e-010
4.702357608767972e-003	1.248170e+000	1.260652e-010
4.704071894482257e-003	1.248124e+000	1.260605e-010
4.705786180196543e-003	1.248078e+000	1.260559e-010
4.707500465910828e-003	1.248032e+000	1.260513e-010
4.709214751625114e-003	1.247986e+000	1.260466e-010
4.710929037339400e-003	1.247940e+000	1.260420e-010
4.712643323053685e-003	1.247895e+000	1.260373e-010
4.714357608767972e-003	1.247849e+000	1.260327e-010
4.716071894482257e-003	1.247803e+000	1.260281e-010
4.717786180196543e-003	1.247757e+000	1.260234e-010
4.719500465910829e-003	1.247711e+000	1.260188e-010
4.721214751625115e-003	1.247665e+000	1.260142e-010
4.722929037339401e-003	1.247619e+000	1.260095e-010
4.724786180196543e-003	1.247569e+000	1.260045e-010
4.726643323053686e-003	1.247520e+000	1.259995e-010
4.728500465910829e-003	1.247470e+000	1.259945e-010
4.730357608767972e-003	1.247420e+000	1.259895e-010
4.732214751625115e-003	1.247371e+000	1.259844e-010
4.734071894482258e-003	1.247321e+000	1.259794e-010
4.735929037339401e-003	1.247271e+000	1.259744e-010
4.737929037339401e-003	1.247218e+000	1.259690e-010
4.739929037339400e-003	1.247164e+000	1.259636e-010
4.741929037339400e-003	1.247111e+000	1.259582e-010
4.743929037339400e-003	1.247057e+000	1.259528e-010
4.745929037339400e-003	1.247004e+000	1.259474e-010
4.747929037339400e-003	1.246950e+000	1.259420e-010
4.749929037339400e-003	1.246897e+000	1.259366e-010
4.752214751625114e-003	1.246836e+000	1.259304e-010
4.754500465910828e-003	1.246774e+000	1.259242e-010
4.756786180196542e-003	1.246713e+000	1.259180e-010
4.759071894482258e-003	1.246652e+000	1.259119e-010
4.761357608767972e-003	1.246591e+000	1.259057e-010
4.763643323053686e-003	1.246530e+000	1.258995e-010
4.765929037339400e-003	1.246469e+000	1.258934e-010
4.768786180196543e-003	1.246392e+000	1.258856e-010
4.771643323053686e-003	1.246316e+000	1.258779e-010
4.774500465910829e-003	1.246240e+000	1.258702e-010
4.777357608767971e-003	1.246163e+000	1.258625e-010
4.780214751625114e-003	1.246087e+000	1.258548e-010
4.783071894482257e-003	1.246010e+000	1.258471e-010
4.785929037339400e-003	1.245934e+000	1.258393e-010
4.789786180196543e-003	1.245831e+000	1.258289e-010
4.793643323053686e-003	1.245728e+000	1.258185e-010
4.797500465910829e-003	1.245625e+000	1.258081e-010
4.801357608767972e-003	1.245522e+000	1.257977e-010
4.805214751625115e-003	1.245419e+000	1.257873e-010
4.809071894482257e-003	1.245316e+000	1.257769e-010
4.812929037339400e-003	1.245213e+000	1.257665e-010
4.816929037339400e-003	1.245106e+000	1.257557e-010
4.820929037339401e-003	1.244999e+000	1.257449e-010
4.824929037339400e-003	1.244892e+000	1.257341e-010
4.828929037339401e-003	1.244785e+000	1.257233e-010
4.832929037339400e-003	1.244678e+000	1.257125e-010
4.836929037339401e-003	1.244572e+000	1.257017e-010
4.840929037339401e-003	1.244465e+000	1.256910e-010
4.906929037339400e-003	1.242704e+000	1.255131e-010
4.997929037339401e-003	1.240280e+000	1.252683e-010
4.998929037339400e-003	1.240254e+000	1.252656e-010
4.999000000000000e-003	1.240252e+000	1.252654e-010
4.999141925321199e-003	1.240248e+000	1.252651e-010
4.999425775963599e-003	1.240240e+000	1.252643e-010
4.999432298715201e-003	1.240240e+000	1.252643e-010
4.999445344218405e-003	1.240240e+000	1.252642e-010
4.999471435224815e-003	1.240239e+000	1.252642e-010
4.999495259525370e-003	1.240239e+000	1.252641e-010
4.999542908126479e-003	1.240237e+000	1.252640e-010
4.999627495394564e-003	1.240235e+000	1.252638e-010
4.999786374674385e-003	1.240231e+000	1.252633e-010
5.000000000000000e-003	1.240225e+000	1.252628e-010
5.000427250651229e-003	1.240214e+000	1.252616e-010
5.001281751953687e-003	1.240191e+000	1.252593e-010
5.003710323382258e-003	1.240127e+000	1.252528e-010
5.006138894810829e-003	1.240062e+000	1.252463e-010
5.008567466239401e-003	1.239997e+000	1.252397e-010
5.010996037667972e-003	1.239933e+000	1.252332e-010
5.013424609096544e-003	1.239868e+000	1.252267e-010
5.015853180525115e-003	1.239804e+000	1.252202e-010
5.018281751953686e-003	1.239739e+000	1.252136e-010
5.920281751953686e-003	1.215984e+000	1.228143e-010
6.944281751953687e-003	1.189573e+000	1.201468e-010
6.998281751953686e-003	1.188196e+000	1.200078e-010
6.999281751953686e-003	1.188171e+000	1.200052e-010
7.000000000000000e-003	1.188161e+000	1.200043e-010
