time	V(vout)	-I(Rl)
0.000000000000000e+000	9.996057e+000	1.009602e-009
1.009638400021875e-003	9.996057e+000	1.009602e-009
2.000000000000000e-003	9.996057e+000	1.009602e-009
2.000000686880260e-003	9.476509e+000	6.144490e-001
2.000002060640780e-003	9.130939e+000	9.130939e-001
2.000002302448823e-003	9.143770e+000	9.143770e-001
2.000002450822026e-003	9.155910e+000	9.155910e-001
2.000002505735647e-003	9.155874e+000	9.155874e-001
2.000002578167653e-003	9.156100e+000	9.156100e-001
2.000002653159289e-003	9.156214e+000	9.156214e-001
2.000002803142561e-003	9.156317e+000	9.156317e-001
2.000002986475828e-003	9.156338e+000	9.156337e-001
2.000003295401843e-003	9.156319e+000	9.156319e-001
2.000003675620630e-003	9.156349e+000	9.156349e-001
2.000004436058202e-003	9.156665e+000	9.156664e-001
2.000005403213618e-003	9.157502e+000	9.157501e-001
2.000006383284559e-003	9.158881e+000	9.158881e-001
2.000007280927596e-003	9.160675e+000	9.160675e-001
2.000008302163762e-003	9.163352e+000	9.163352e-001
2.000009532912862e-003	9.167495e+000	9.167495e-001
2.000011921235012e-003	9.177431e+000	9.177431e-001
2.000014417659162e-003	9.189651e+000	9.189650e-001
2.000017926382611e-003	9.208766e+000	9.208766e-001
2.000021291618961e-003	9.227937e+000	9.227937e-001
2.000026333096173e-003	9.256736e+000	9.256735e-001
2.000031304264545e-003	9.284217e+000	9.284217e-001
2.000036686929515e-003	9.312351e+000	9.312351e-001
2.000041925282239e-003	9.337798e+000	9.337798e-001
2.000047897619828e-003	9.364384e+000	9.364384e-001
2.000054100793291e-003	9.389468e+000	9.389468e-001
2.000059704770920e-003	9.409831e+000	9.409831e-001
2.000066002650094e-003	9.430198e+000	9.430198e-001
2.000072838284424e-003	9.449636e+000	9.449637e-001
2.000080608347575e-003	9.468583e+000	9.468583e-001
2.000090462683829e-003	9.488577e+000	9.488577e-001
2.000102334255563e-003	9.508037e+000	9.508036e-001
2.000115749877948e-003	9.525474e+000	9.525474e-001
2.000131154229518e-003	9.541823e+000	9.541823e-001
2.000144182770587e-003	9.554281e+000	9.554281e-001
2.000154934853794e-003	9.565131e+000	9.565130e-001
2.000166101252075e-003	9.579199e+000	9.579199e-001
2.000177220369673e-003	9.599384e+000	9.599384e-001
2.000190414794495e-003	9.636339e+000	9.636340e-001
2.000204766887503e-003	9.697286e+000	9.697286e-001
2.000219645795974e-003	9.786473e+000	9.786474e-001
2.000235143634808e-003	9.904963e+000	9.904963e-001
2.000246716745091e-003	1.000812e+001	1.000812e+000
2.000252540270110e-003	1.006474e+001	1.006474e+000
2.000255812732550e-003	1.009778e+001	1.009778e+000
2.000258502788281e-003	1.012531e+001	1.012531e+000
2.000261216497663e-003	1.015326e+001	1.015326e+000
2.000263768515730e-003	1.017966e+001	1.017966e+000
2.000266341841420e-003	1.020633e+001	1.020633e+000
2.000268709648753e-003	1.023086e+001	1.023087e+000
2.000270645938970e-003	1.025090e+001	1.025090e+000
2.000272522702331e-003	1.027028e+001	1.027028e+000
2.000274481322060e-003	1.029042e+001	1.029042e+000
2.000276976412206e-003	1.031592e+001	1.031592e+000
2.000280154913129e-003	1.034813e+001	1.034813e+000
2.000283681455642e-003	1.038340e+001	1.038340e+000
2.000288434437187e-003	1.043018e+001	1.043018e+000
2.000292115498905e-003	1.046573e+001	1.046573e+000
2.000296247186575e-003	1.050485e+001	1.050485e+000
2.000298884702853e-003	1.052933e+001	1.052933e+000
2.000301577494018e-003	1.055377e+001	1.055377e+000
2.000304488390098e-003	1.057962e+001	1.057962e+000
2.000307581835995e-003	1.060652e+001	1.060652e+000
2.000309048721596e-003	1.061902e+001	1.061902e+000
2.000310469099684e-003	1.063092e+001	1.063092e+000
2.000312064144213e-003	1.064408e+001	1.064408e+000
2.000313906938498e-003	1.065904e+001	1.065904e+000
2.000315610350286e-003	1.067263e+001	1.067263e+000
2.000317470635121e-003	1.068718e+001	1.068718e+000
2.000319386541084e-003	1.070185e+001	1.070185e+000
2.000321662138288e-003	1.071885e+001	1.071885e+000
2.000324356756503e-003	1.073839e+001	1.073839e+000
2.000327313783789e-003	1.075910e+001	1.075910e+000
2.000330597963492e-003	1.078114e+001	1.078114e+000
2.000334329607900e-003	1.080492e+001	1.080492e+000
2.000339037743078e-003	1.083287e+001	1.083287e+000
2.000345817939100e-003	1.086875e+001	1.086875e+000
2.000357581662286e-003	1.092096e+001	1.092096e+000
2.000369913873657e-003	1.096156e+001	1.096156e+000
2.000387652572186e-003	1.099502e+001	1.099502e+000
2.000409390654084e-003	1.100622e+001	1.100622e+000
2.000428897244629e-003	1.099496e+001	1.099496e+000
2.000444329282988e-003	1.097691e+001	1.097691e+000
2.000458320202520e-003	1.095868e+001	1.095868e+000
2.000472606668673e-003	1.094093e+001	1.094093e+000
2.000488565785031e-003	1.092216e+001	1.092216e+000
2.000505149401153e-003	1.090332e+001	1.090332e+000
2.000522427672669e-003	1.088414e+001	1.088414e+000
2.000539559574411e-003	1.086552e+001	1.086552e+000
2.000559313951616e-003	1.084450e+001	1.084450e+000
2.000579734177561e-003	1.082324e+001	1.082324e+000
2.000600324189250e-003	1.080229e+001	1.080230e+000
2.000623145607584e-003	1.077962e+001	1.077962e+000
2.000644669734721e-003	1.075885e+001	1.075886e+000
2.000668910727472e-003	1.073704e+001	1.073704e+000
2.000686273666635e-003	1.072343e+001	1.072343e+000
2.000705653767938e-003	1.070960e+001	1.070960e+000
2.000714945149308e-003	1.070270e+001	1.070270e+000
2.000723941625597e-003	1.069558e+001	1.069558e+000
2.000736624877591e-003	1.068517e+001	1.068517e+000
2.000761991381579e-003	1.066380e+001	1.066380e+000
2.000792010927321e-003	1.063833e+001	1.063833e+000
2.000827980651424e-003	1.060814e+001	1.060814e+000
2.000862838372647e-003	1.057961e+001	1.057961e+000
2.000905684522910e-003	1.054567e+001	1.054567e+000
2.000952717526959e-003	1.050985e+001	1.050985e+000
2.001018736822863e-003	1.046188e+001	1.046188e+000
2.001093452650229e-003	1.041027e+001	1.041026e+000
2.001163028760594e-003	1.036501e+001	1.036501e+000
2.001272995667073e-003	1.029837e+001	1.029837e+000
2.001416544256230e-003	1.021741e+001	1.021741e+000
2.001516684870344e-003	1.016495e+001	1.016495e+000
2.001615410280220e-003	1.011644e+001	1.011644e+000
2.001675444549102e-003	1.008840e+001	1.008839e+000
2.001740547536782e-003	1.005929e+001	1.005929e+000
2.001799785885420e-003	1.003383e+001	1.003383e+000
2.001881605020471e-003	9.999882e+000	9.999881e-001
2.001931023146009e-003	9.979956e+000	9.979955e-001
2.001975339671724e-003	9.962527e+000	9.962527e-001
2.002028411836881e-003	9.942088e+000	9.942088e-001
2.002086425097662e-003	9.920169e+000	9.920169e-001
2.002115681830885e-003	9.909315e+000	9.909315e-001
2.002146467794822e-003	9.898087e+000	9.898086e-001
2.002183844162792e-003	9.884660e+000	9.884659e-001
2.002224506392059e-003	9.870285e+000	9.870285e-001
2.002261500411512e-003	9.857431e+000	9.857432e-001
2.002305141608715e-003	9.842544e+000	9.842544e-001
2.002352030125287e-003	9.826860e+000	9.826860e-001
2.002410378420239e-003	9.807775e+000	9.807775e-001
2.002474455380173e-003	9.787351e+000	9.787350e-001
2.002557026230017e-003	9.761806e+000	9.761806e-001
2.002650360947389e-003	9.733946e+000	9.733946e-001
2.002775496393421e-003	9.698296e+000	9.698296e-001
2.002916450425398e-003	9.660529e+000	9.660528e-001
2.002981261791401e-003	9.645174e+000	9.645174e-001
2.003025669766980e-003	9.637008e+000	9.637008e-001
2.003058118743110e-003	9.633544e+000	9.633543e-001
2.003091826707020e-003	9.633458e+000	9.633458e-001
2.003130847169674e-003	9.638079e+000	9.638079e-001
2.003167974827845e-003	9.646976e+000	9.646977e-001
2.003202846547140e-003	9.658874e+000	9.658874e-001
2.003239276259735e-003	9.673732e+000	9.673732e-001
2.003277502681352e-003	9.690530e+000	9.690530e-001
2.003317401713873e-003	9.708152e+000	9.708152e-001
2.003365763927460e-003	9.728669e+000	9.728670e-001
2.003413895881896e-003	9.747872e+000	9.747872e-001
2.003460911135967e-003	9.765517e+000	9.765518e-001
2.003511291649437e-003	9.783649e+000	9.783649e-001
2.003565894822976e-003	9.802994e+000	9.802994e-001
2.003634767065044e-003	9.827491e+000	9.827491e-001
2.003694803334086e-003	9.849108e+000	9.849108e-001
2.003752054915617e-003	9.869911e+000	9.869911e-001
2.003813443736995e-003	9.892175e+000	9.892175e-001
2.003879223902699e-003	9.915627e+000	9.915627e-001
2.003938844279593e-003	9.936055e+000	9.936056e-001
2.003996965963587e-003	9.954487e+000	9.954487e-001
2.004056400942941e-003	9.970682e+000	9.970682e-001
2.004129613272894e-003	9.986252e+000	9.986252e-001
2.004185296685617e-003	9.994318e+000	9.994318e-001
2.004239032470568e-003	9.998787e+000	9.998788e-001
2.004283287207255e-003	1.000052e+001	1.000052e+000
2.004331383467935e-003	1.000100e+001	1.000100e+000
2.004382103557075e-003	1.000074e+001	1.000074e+000
2.004434305602348e-003	1.000021e+001	1.000021e+000
2.004483859758565e-003	9.999825e+000	9.999825e-001
2.004537086786333e-003	9.999727e+000	9.999727e-001
2.004599414931598e-003	9.999989e+000	9.999989e-001
2.004655704450715e-003	1.000043e+001	1.000043e+000
2.004723361796222e-003	1.000096e+001	1.000096e+000
2.004799071503572e-003	1.000133e+001	1.000133e+000
2.004876165177296e-003	1.000141e+001	1.000141e+000
2.004962434322112e-003	1.000127e+001	1.000127e+000
2.005057729773348e-003	1.000109e+001	1.000109e+000
2.005175271892503e-003	1.000101e+001	1.000101e+000
2.005300572707861e-003	1.000106e+001	1.000106e+000
2.005446175887020e-003	1.000113e+001	1.000113e+000
2.005618125012857e-003	1.000112e+001	1.000112e+000
2.005857396482248e-003	1.000107e+001	1.000107e+000
2.006076569366169e-003	1.000107e+001	1.000107e+000
2.006432694630102e-003	1.000107e+001	1.000107e+000
2.006796767374561e-003	1.000105e+001	1.000105e+000
2.007350866426788e-003	1.000103e+001	1.000103e+000
2.008350866426788e-003	1.000099e+001	1.000099e+000
2.009350866426788e-003	1.000096e+001	1.000095e+000
2.010350866426788e-003	1.000092e+001	1.000092e+000
2.011350866426788e-003	1.000088e+001	1.000088e+000
2.012350866426788e-003	1.000085e+001	1.000085e+000
2.013350866426788e-003	1.000081e+001	1.000081e+000
2.014350866426788e-003	1.000077e+001	1.000077e+000
2.015350866426788e-003	1.000074e+001	1.000074e+000
2.016350866426788e-003	1.000070e+001	1.000070e+000
2.017350866426788e-003	1.000067e+001	1.000067e+000
2.018350866426788e-003	1.000063e+001	1.000063e+000
2.019350866426788e-003	1.000060e+001	1.000060e+000
2.020350866426788e-003	1.000056e+001	1.000056e+000
2.021350866426788e-003	1.000053e+001	1.000053e+000
2.022350866426788e-003	1.000049e+001	1.000049e+000
2.023350866426788e-003	1.000046e+001	1.000046e+000
2.024350866426788e-003	1.000043e+001	1.000043e+000
2.025350866426788e-003	1.000039e+001	1.000039e+000
2.026350866426788e-003	1.000036e+001	1.000036e+000
2.027350866426788e-003	1.000033e+001	1.000033e+000
2.028350866426788e-003	1.000029e+001	1.000029e+000
2.029350866426788e-003	1.000026e+001	1.000026e+000
2.030350866426788e-003	1.000023e+001	1.000023e+000
2.031350866426788e-003	1.000019e+001	1.000020e+000
2.032350866426788e-003	1.000016e+001	1.000016e+000
2.033350866426788e-003	1.000013e+001	1.000013e+000
2.034350866426788e-003	1.000010e+001	1.000010e+000
2.035350866426788e-003	1.000007e+001	1.000007e+000
2.036350866426788e-003	1.000004e+001	1.000004e+000
2.037350866426788e-003	1.000000e+001	1.000000e+000
2.038350866426788e-003	9.999973e+000	9.999973e-001
2.039350866426788e-003	9.999942e+000	9.999942e-001
2.040350866426788e-003	9.999911e+000	9.999911e-001
2.041350866426788e-003	9.999881e+000	9.999880e-001
2.042350866426788e-003	9.999849e+000	9.999850e-001
2.043350866426788e-003	9.999820e+000	9.999819e-001
2.044350866426788e-003	9.999789e+000	9.999790e-001
2.045350866426788e-003	9.999760e+000	9.999759e-001
2.046350866426788e-003	9.999729e+000	9.999729e-001
2.047350866426788e-003	9.999701e+000	9.999700e-001
2.048350866426788e-003	9.999670e+000	9.999671e-001
2.049350866426788e-003	9.999641e+000	9.999641e-001
2.050350866426788e-003	9.999612e+000	9.999613e-001
2.051350866426788e-003	9.999583e+000	9.999583e-001
2.052350866426788e-003	9.999555e+000	9.999554e-001
2.053350866426788e-003	9.999526e+000	9.999526e-001
2.054350866426788e-003	9.999497e+000	9.999498e-001
2.055350866426788e-003	9.999469e+000	9.999470e-001
2.056350866426788e-003	9.999441e+000	9.999441e-001
2.057350866426788e-003	9.999413e+000	9.999413e-001
2.058350866426788e-003	9.999386e+000	9.999385e-001
2.059350866426788e-003	9.999358e+000	9.999357e-001
2.060350866426788e-003	9.999331e+000	9.999330e-001
2.061350866426788e-003	9.999303e+000	9.999303e-001
2.062350866426788e-003	9.999275e+000	9.999276e-001
2.063350866426788e-003	9.999249e+000	9.999249e-001
2.064350866426788e-003	9.999222e+000	9.999222e-001
2.065350866426788e-003	9.999195e+000	9.999195e-001
2.066350866426788e-003	9.999168e+000	9.999169e-001
2.068350866426788e-003	9.999116e+000	9.999116e-001
2.069350866426788e-003	9.999090e+000	9.999090e-001
2.070350866426788e-003	9.999063e+000	9.999064e-001
2.071350866426788e-003	9.999039e+000	9.999038e-001
2.072350866426788e-003	9.999013e+000	9.999013e-001
2.073350866426788e-003	9.998987e+000	9.998987e-001
2.074350866426788e-003	9.998961e+000	9.998962e-001
2.075350866426788e-003	9.998937e+000	9.998937e-001
2.076350866426788e-003	9.998911e+000	9.998912e-001
2.077350866426788e-003	9.998886e+000	9.998887e-001
2.078350866426788e-003	9.998861e+000	9.998862e-001
2.079350866426788e-003	9.998837e+000	9.998837e-001
2.080350866426788e-003	9.998813e+000	9.998813e-001
2.081350866426788e-003	9.998788e+000	9.998788e-001
2.082350866426788e-003	9.998764e+000	9.998764e-001
2.083350866426788e-003	9.998740e+000	9.998740e-001
2.084350866426788e-003	9.998716e+000	9.998716e-001
2.085350866426788e-003	9.998693e+000	9.998692e-001
2.086350866426788e-003	9.998669e+000	9.998668e-001
2.087350866426788e-003	9.998645e+000	9.998645e-001
2.088350866426788e-003	9.998622e+000	9.998622e-001
2.089350866426788e-003	9.998598e+000	9.998598e-001
2.090350866426788e-003	9.998575e+000	9.998575e-001
2.091350866426788e-003	9.998552e+000	9.998552e-001
2.092350866426788e-003	9.998529e+000	9.998530e-001
2.093350866426788e-003	9.998507e+000	9.998506e-001
2.094350866426788e-003	9.998484e+000	9.998484e-001
2.095350866426788e-003	9.998462e+000	9.998462e-001
2.096350866426788e-003	9.998439e+000	9.998440e-001
2.097350866426788e-003	9.998417e+000	9.998417e-001
2.098350866426788e-003	9.998395e+000	9.998395e-001
2.099350866426788e-003	9.998373e+000	9.998373e-001
2.100350866426788e-003	9.998351e+000	9.998351e-001
2.101350866426788e-003	9.998329e+000	9.998329e-001
2.102350866426788e-003	9.998307e+000	9.998307e-001
2.103350866426788e-003	9.998286e+000	9.998286e-001
2.104350866426788e-003	9.998264e+000	9.998265e-001
2.105350866426788e-003	9.998243e+000	9.998243e-001
2.106350866426788e-003	9.998222e+000	9.998223e-001
2.107350866426788e-003	9.998201e+000	9.998201e-001
2.108350866426788e-003	9.998180e+000	9.998181e-001
2.109350866426788e-003	9.998160e+000	9.998159e-001
2.110350866426788e-003	9.998139e+000	9.998139e-001
2.111350866426788e-003	9.998118e+000	9.998119e-001
2.112350866426788e-003	9.998098e+000	9.998099e-001
2.113350866426788e-003	9.998078e+000	9.998078e-001
2.114350866426788e-003	9.998058e+000	9.998058e-001
2.115350866426788e-003	9.998037e+000	9.998038e-001
2.116350866426788e-003	9.998018e+000	9.998018e-001
2.117350866426788e-003	9.997998e+000	9.997998e-001
2.118350866426788e-003	9.997978e+000	9.997978e-001
2.119350866426788e-003	9.997959e+000	9.997959e-001
2.120350866426788e-003	9.997939e+000	9.997939e-001
2.121350866426788e-003	9.997920e+000	9.997920e-001
2.122350866426788e-003	9.997900e+000	9.997901e-001
2.123350866426788e-003	9.997881e+000	9.997882e-001
2.124350866426788e-003	9.997862e+000	9.997863e-001
2.125350866426788e-003	9.997844e+000	9.997844e-001
2.126350866426788e-003	9.997825e+000	9.997824e-001
2.127350866426788e-003	9.997806e+000	9.997805e-001
2.128350866426788e-003	9.997787e+000	9.997787e-001
2.129350866426788e-003	9.997768e+000	9.997768e-001
2.130350866426788e-003	9.997750e+000	9.997751e-001
2.131350866426788e-003	9.997732e+000	9.997731e-001
2.132350866426788e-003	9.997713e+000	9.997714e-001
2.133350866426788e-003	9.997696e+000	9.997696e-001
2.134350866426788e-003	9.997677e+000	9.997678e-001
2.135350866426788e-003	9.997660e+000	9.997660e-001
2.136350866426788e-003	9.997642e+000	9.997642e-001
2.137350866426788e-003	9.997624e+000	9.997624e-001
2.138350866426788e-003	9.997606e+000	9.997606e-001
2.139350866426788e-003	9.997589e+000	9.997589e-001
2.141350866426788e-003	9.997555e+000	9.997554e-001
2.142350866426788e-003	9.997538e+000	9.997537e-001
2.143350866426788e-003	9.997520e+000	9.997520e-001
2.144350866426788e-003	9.997503e+000	9.997503e-001
2.145350866426788e-003	9.997486e+000	9.997486e-001
2.146350866426788e-003	9.997469e+000	9.997469e-001
2.147350866426788e-003	9.997453e+000	9.997452e-001
2.148350866426788e-003	9.997436e+000	9.997436e-001
2.149350866426788e-003	9.997419e+000	9.997419e-001
2.150350866426788e-003	9.997402e+000	9.997403e-001
2.151350866426788e-003	9.997387e+000	9.997386e-001
2.153350866426788e-003	9.997355e+000	9.997354e-001
2.154350866426788e-003	9.997337e+000	9.997338e-001
2.155350866426788e-003	9.997322e+000	9.997322e-001
2.156350866426788e-003	9.997306e+000	9.997306e-001
2.157350866426788e-003	9.997291e+000	9.997290e-001
2.158350866426788e-003	9.997274e+000	9.997275e-001
2.159350866426788e-003	9.997259e+000	9.997259e-001
2.160350866426788e-003	9.997243e+000	9.997243e-001
2.161350866426788e-003	9.997228e+000	9.997228e-001
2.162350866426788e-003	9.997212e+000	9.997213e-001
2.163350866426788e-003	9.997197e+000	9.997197e-001
2.164350866426788e-003	9.997182e+000	9.997182e-001
2.165350866426788e-003	9.997167e+000	9.997167e-001
2.166350866426788e-003	9.997151e+000	9.997152e-001
2.167350866426788e-003	9.997137e+000	9.997137e-001
2.168350866426788e-003	9.997122e+000	9.997122e-001
2.169350866426788e-003	9.997108e+000	9.997107e-001
2.170350866426788e-003	9.997092e+000	9.997092e-001
2.171350866426788e-003	9.997078e+000	9.997078e-001
2.172350866426788e-003	9.997064e+000	9.997064e-001
2.173350866426788e-003	9.997049e+000	9.997050e-001
2.174350866426788e-003	9.997035e+000	9.997035e-001
2.175350866426788e-003	9.997021e+000	9.997021e-001
2.176350866426788e-003	9.997006e+000	9.997007e-001
2.177350866426788e-003	9.996992e+000	9.996992e-001
2.178350866426788e-003	9.996978e+000	9.996978e-001
2.179350866426788e-003	9.996964e+000	9.996964e-001
2.180350866426788e-003	9.996950e+000	9.996951e-001
2.181350866426788e-003	9.996937e+000	9.996936e-001
2.182350866426788e-003	9.996922e+000	9.996923e-001
2.183350866426788e-003	9.996909e+000	9.996909e-001
2.184350866426788e-003	9.996896e+000	9.996896e-001
2.185350866426788e-003	9.996882e+000	9.996882e-001
2.186350866426788e-003	9.996868e+000	9.996869e-001
2.187350866426788e-003	9.996855e+000	9.996855e-001
2.188350866426788e-003	9.996841e+000	9.996842e-001
2.189350866426788e-003	9.996829e+000	9.996829e-001
2.190350866426788e-003	9.996816e+000	9.996816e-001
2.191350866426788e-003	9.996803e+000	9.996803e-001
2.192350866426788e-003	9.996790e+000	9.996790e-001
2.193350866426788e-003	9.996777e+000	9.996777e-001
2.194350866426788e-003	9.996764e+000	9.996764e-001
2.195350866426788e-003	9.996752e+000	9.996752e-001
2.196350866426788e-003	9.996738e+000	9.996738e-001
2.197350866426788e-003	9.996726e+000	9.996726e-001
2.198350866426788e-003	9.996714e+000	9.996713e-001
2.199350866426788e-003	9.996701e+000	9.996701e-001
2.200350866426788e-003	9.996689e+000	9.996688e-001
2.202350866426788e-003	9.996664e+000	9.996664e-001
2.203350866426788e-003	9.996652e+000	9.996651e-001
2.204350866426788e-003	9.996639e+000	9.996639e-001
2.205350866426788e-003	9.996628e+000	9.996628e-001
2.206350866426788e-003	9.996615e+000	9.996616e-001
2.207350866426788e-003	9.996604e+000	9.996604e-001
2.208350866426788e-003	9.996592e+000	9.996592e-001
2.209350866426788e-003	9.996580e+000	9.996580e-001
2.210350866426788e-003	9.996569e+000	9.996569e-001
2.211350866426788e-003	9.996557e+000	9.996557e-001
2.212350866426788e-003	9.996545e+000	9.996545e-001
2.214350866426788e-003	9.996522e+000	9.996522e-001
2.215350866426788e-003	9.996511e+000	9.996511e-001
2.216350866426788e-003	9.996499e+000	9.996499e-001
2.217350866426788e-003	9.996489e+000	9.996488e-001
2.218350866426788e-003	9.996477e+000	9.996477e-001
2.219350866426788e-003	9.996466e+000	9.996465e-001
2.220350866426788e-003	9.996454e+000	9.996455e-001
2.221350866426788e-003	9.996444e+000	9.996444e-001
2.222350866426788e-003	9.996432e+000	9.996433e-001
2.223350866426788e-003	9.996422e+000	9.996422e-001
2.224350866426788e-003	9.996411e+000	9.996411e-001
2.226350866426788e-003	9.996389e+000	9.996390e-001
2.227350866426788e-003	9.996379e+000	9.996379e-001
2.228350866426788e-003	9.996368e+000	9.996368e-001
2.229350866426788e-003	9.996358e+000	9.996358e-001
2.230350866426788e-003	9.996347e+000	9.996347e-001
2.231350866426788e-003	9.996337e+000	9.996337e-001
2.232350866426788e-003	9.996326e+000	9.996327e-001
2.233350866426788e-003	9.996317e+000	9.996316e-001
2.234350866426788e-003	9.996305e+000	9.996306e-001
2.235350866426788e-003	9.996296e+000	9.996296e-001
2.236350866426788e-003	9.996285e+000	9.996285e-001
2.238350866426788e-003	9.996265e+000	9.996266e-001
2.239350866426788e-003	9.996256e+000	9.996256e-001
2.240350866426788e-003	9.996245e+000	9.996246e-001
2.241350866426788e-003	9.996236e+000	9.996236e-001
2.242350866426788e-003	9.996226e+000	9.996226e-001
2.243350866426788e-003	9.996217e+000	9.996216e-001
2.244350866426788e-003	9.996206e+000	9.996207e-001
2.245350866426788e-003	9.996197e+000	9.996197e-001
2.246350866426788e-003	9.996187e+000	9.996188e-001
2.247350866426788e-003	9.996178e+000	9.996178e-001
2.248350866426788e-003	9.996168e+000	9.996169e-001
2.251350866426788e-003	9.996140e+000	9.996141e-001
2.252350866426788e-003	9.996131e+000	9.996132e-001
2.253350866426788e-003	9.996122e+000	9.996122e-001
2.254350866426788e-003	9.996113e+000	9.996113e-001
2.255350866426788e-003	9.996104e+000	9.996104e-001
2.256350866426788e-003	9.996095e+000	9.996095e-001
2.257350866426788e-003	9.996086e+000	9.996086e-001
2.258350866426788e-003	9.996077e+000	9.996077e-001
2.259350866426788e-003	9.996068e+000	9.996068e-001
2.260350866426788e-003	9.996059e+000	9.996060e-001
2.263350866426788e-003	9.996033e+000	9.996033e-001
2.264350866426788e-003	9.996024e+000	9.996024e-001
2.265350866426788e-003	9.996016e+000	9.996015e-001
2.266350866426788e-003	9.996007e+000	9.996007e-001
2.267350866426788e-003	9.995998e+000	9.995999e-001
2.268350866426788e-003	9.995991e+000	9.995990e-001
2.269350866426788e-003	9.995982e+000	9.995981e-001
2.270350866426788e-003	9.995974e+000	9.995973e-001
2.271350866426788e-003	9.995965e+000	9.995965e-001
2.272350866426788e-003	9.995956e+000	9.995957e-001
2.275350866426788e-003	9.995933e+000	9.995933e-001
2.276350866426788e-003	9.995924e+000	9.995924e-001
2.277350866426788e-003	9.995916e+000	9.995916e-001
2.278350866426788e-003	9.995908e+000	9.995908e-001
2.279350866426788e-003	9.995900e+000	9.995900e-001
2.280350866426788e-003	9.995893e+000	9.995893e-001
2.281350866426788e-003	9.995885e+000	9.995885e-001
2.282350866426788e-003	9.995876e+000	9.995877e-001
2.283350866426788e-003	9.995869e+000	9.995869e-001
2.284350866426788e-003	9.995861e+000	9.995861e-001
2.287350866426788e-003	9.995838e+000	9.995838e-001
2.288350866426788e-003	9.995831e+000	9.995831e-001
2.289350866426788e-003	9.995823e+000	9.995823e-001
2.290350866426788e-003	9.995815e+000	9.995816e-001
2.291350866426788e-003	9.995809e+000	9.995808e-001
2.292350866426788e-003	9.995801e+000	9.995801e-001
2.293350866426788e-003	9.995794e+000	9.995794e-001
2.294350866426788e-003	9.995787e+000	9.995787e-001
2.295350866426788e-003	9.995779e+000	9.995779e-001
2.296350866426788e-003	9.995771e+000	9.995772e-001
2.300350866426788e-003	9.995743e+000	9.995743e-001
2.301350866426788e-003	9.995736e+000	9.995736e-001
2.302350866426788e-003	9.995729e+000	9.995729e-001
2.303350866426788e-003	9.995723e+000	9.995722e-001
2.304350866426788e-003	9.995715e+000	9.995716e-001
2.305350866426788e-003	9.995708e+000	9.995708e-001
2.306350866426788e-003	9.995702e+000	9.995702e-001
2.307350866426788e-003	9.995695e+000	9.995695e-001
2.309350866426788e-003	9.995682e+000	9.995682e-001
2.312350866426788e-003	9.995662e+000	9.995661e-001
2.313350866426788e-003	9.995655e+000	9.995655e-001
2.314350866426788e-003	9.995648e+000	9.995648e-001
2.315350866426788e-003	9.995642e+000	9.995642e-001
2.316350866426788e-003	9.995636e+000	9.995636e-001
2.317350866426788e-003	9.995629e+000	9.995629e-001
2.318350866426788e-003	9.995623e+000	9.995623e-001
2.319350866426788e-003	9.995617e+000	9.995616e-001
2.321350866426788e-003	9.995604e+000	9.995604e-001
2.324350866426788e-003	9.995584e+000	9.995585e-001
2.326350866426788e-003	9.995573e+000	9.995573e-001
2.327350866426788e-003	9.995567e+000	9.995567e-001
2.328350866426788e-003	9.995561e+000	9.995561e-001
2.329350866426788e-003	9.995555e+000	9.995555e-001
2.330350866426788e-003	9.995548e+000	9.995549e-001
2.332350866426788e-003	9.995537e+000	9.995537e-001
2.337350866426788e-003	9.995508e+000	9.995508e-001
2.339350866426788e-003	9.995497e+000	9.995496e-001
2.340350866426788e-003	9.995491e+000	9.995491e-001
2.341350866426788e-003	9.995485e+000	9.995485e-001
2.343350866426788e-003	9.995474e+000	9.995474e-001
2.345350866426788e-003	9.995463e+000	9.995463e-001
2.346208009283931e-003	9.995459e+000	9.995458e-001
2.347065152141074e-003	9.995454e+000	9.995454e-001
2.347922294998217e-003	9.995449e+000	9.995449e-001
2.348779437855360e-003	9.995445e+000	9.995445e-001
2.349636580712502e-003	9.995440e+000	9.995440e-001
2.350493723569646e-003	9.995436e+000	9.995435e-001
2.351350866426788e-003	9.995431e+000	9.995431e-001
2.353350866426788e-003	9.995420e+000	9.995420e-001
2.355350866426788e-003	9.995410e+000	9.995410e-001
2.357350866426788e-003	9.995399e+000	9.995400e-001
2.358350866426788e-003	9.995395e+000	9.995395e-001
2.359350866426788e-003	9.995390e+000	9.995389e-001
2.360350866426788e-003	9.995385e+000	9.995384e-001
2.361350866426788e-003	9.995380e+000	9.995379e-001
2.362350866426788e-003	9.995375e+000	9.995374e-001
2.363350866426788e-003	9.995369e+000	9.995369e-001
2.364350866426788e-003	9.995364e+000	9.995365e-001
2.366350866426788e-003	9.995355e+000	9.995354e-001
2.368350866426788e-003	9.995344e+000	9.995345e-001
2.369350866426789e-003	9.995340e+000	9.995340e-001
2.370350866426788e-003	9.995335e+000	9.995335e-001
2.371350866426788e-003	9.995330e+000	9.995331e-001
2.372350866426789e-003	9.995326e+000	9.995326e-001
2.373350866426789e-003	9.995321e+000	9.995321e-001
2.374350866426788e-003	9.995316e+000	9.995316e-001
2.375350866426788e-003	9.995312e+000	9.995311e-001
2.377350866426788e-003	9.995302e+000	9.995303e-001
2.379350866426788e-003	9.995294e+000	9.995294e-001
2.382350866426788e-003	9.995279e+000	9.995280e-001
2.383493723569645e-003	9.995274e+000	9.995275e-001
2.384636580712502e-003	9.995270e+000	9.995270e-001
2.385779437855359e-003	9.995265e+000	9.995265e-001
2.386922294998217e-003	9.995260e+000	9.995260e-001
2.388065152141074e-003	9.995255e+000	9.995255e-001
2.389208009283931e-003	9.995250e+000	9.995250e-001
2.390350866426788e-003	9.995245e+000	9.995245e-001
2.393350866426788e-003	9.995233e+000	9.995233e-001
2.394493723569645e-003	9.995228e+000	9.995228e-001
2.395636580712502e-003	9.995223e+000	9.995223e-001
2.396779437855360e-003	9.995219e+000	9.995219e-001
2.397922294998217e-003	9.995214e+000	9.995214e-001
2.399065152141074e-003	9.995209e+000	9.995209e-001
2.400208009283931e-003	9.995204e+000	9.995204e-001
2.401350866426788e-003	9.995199e+000	9.995199e-001
2.404350866426788e-003	9.995188e+000	9.995188e-001
2.405493723569646e-003	9.995183e+000	9.995184e-001
2.406636580712503e-003	9.995179e+000	9.995179e-001
2.407779437855360e-003	9.995175e+000	9.995175e-001
2.408922294998217e-003	9.995170e+000	9.995170e-001
2.410065152141074e-003	9.995166e+000	9.995166e-001
2.411208009283931e-003	9.995162e+000	9.995162e-001
2.412350866426788e-003	9.995157e+000	9.995157e-001
2.415350866426788e-003	9.995146e+000	9.995146e-001
2.416636580712503e-003	9.995141e+000	9.995141e-001
2.417922294998217e-003	9.995137e+000	9.995137e-001
2.419208009283931e-003	9.995132e+000	9.995132e-001
2.420493723569645e-003	9.995127e+000	9.995127e-001
2.421779437855360e-003	9.995123e+000	9.995123e-001
2.423065152141074e-003	9.995118e+000	9.995118e-001
2.424350866426788e-003	9.995113e+000	9.995114e-001
2.427350866426788e-003	9.995103e+000	9.995103e-001
2.428636580712503e-003	9.995099e+000	9.995098e-001
2.429922294998217e-003	9.995094e+000	9.995094e-001
2.431208009283931e-003	9.995090e+000	9.995090e-001
2.432493723569646e-003	9.995085e+000	9.995085e-001
2.433779437855360e-003	9.995081e+000	9.995081e-001
2.435065152141074e-003	9.995077e+000	9.995077e-001
2.436350866426788e-003	9.995072e+000	9.995072e-001
2.437779437855360e-003	9.995068e+000	9.995068e-001
2.439208009283931e-003	9.995063e+000	9.995063e-001
2.440636580712503e-003	9.995058e+000	9.995059e-001
2.442065152141074e-003	9.995054e+000	9.995054e-001
2.443493723569645e-003	9.995049e+000	9.995049e-001
2.444922294998217e-003	9.995045e+000	9.995045e-001
2.446350866426788e-003	9.995041e+000	9.995040e-001
2.448065152141074e-003	9.995035e+000	9.995035e-001
2.449779437855360e-003	9.995030e+000	9.995030e-001
2.451493723569646e-003	9.995024e+000	9.995024e-001
2.453208009283931e-003	9.995019e+000	9.995019e-001
2.454922294998217e-003	9.995014e+000	9.995014e-001
2.456636580712502e-003	9.995009e+000	9.995009e-001
2.458350866426788e-003	9.995005e+000	9.995005e-001
2.460208009283931e-003	9.994999e+000	9.994999e-001
2.462065152141074e-003	9.994994e+000	9.994993e-001
2.463922294998217e-003	9.994988e+000	9.994988e-001
2.465779437855360e-003	9.994983e+000	9.994983e-001
2.467636580712502e-003	9.994978e+000	9.994978e-001
2.469493723569645e-003	9.994973e+000	9.994973e-001
2.471350866426788e-003	9.994968e+000	9.994968e-001
2.473208009283931e-003	9.994963e+000	9.994963e-001
2.475065152141074e-003	9.994958e+000	9.994958e-001
2.476922294998217e-003	9.994953e+000	9.994953e-001
2.478779437855360e-003	9.994948e+000	9.994948e-001
2.480636580712502e-003	9.994943e+000	9.994943e-001
2.482493723569645e-003	9.994939e+000	9.994938e-001
2.484350866426788e-003	9.994934e+000	9.994934e-001
2.486208009283931e-003	9.994929e+000	9.994929e-001
2.488065152141074e-003	9.994925e+000	9.994924e-001
2.489922294998217e-003	9.994920e+000	9.994920e-001
2.491779437855360e-003	9.994916e+000	9.994915e-001
2.493636580712502e-003	9.994911e+000	9.994911e-001
2.495493723569645e-003	9.994907e+000	9.994906e-001
2.497350866426788e-003	9.994903e+000	9.994902e-001
2.499350866426788e-003	9.994897e+000	9.994897e-001
2.501350866426788e-003	9.994892e+000	9.994893e-001
2.503350866426788e-003	9.994888e+000	9.994888e-001
2.505350866426788e-003	9.994883e+000	9.994884e-001
2.507350866426788e-003	9.994879e+000	9.994879e-001
2.509350866426788e-003	9.994875e+000	9.994875e-001
2.511350866426788e-003	9.994871e+000	9.994870e-001
2.513779437855360e-003	9.994865e+000	9.994865e-001
2.516208009283931e-003	9.994860e+000	9.994860e-001
2.518636580712503e-003	9.994855e+000	9.994855e-001
2.521065152141074e-003	9.994849e+000	9.994850e-001
2.523493723569646e-003	9.994844e+000	9.994845e-001
2.525922294998217e-003	9.994840e+000	9.994840e-001
2.528350866426788e-003	9.994835e+000	9.994835e-001
2.531065152141074e-003	9.994830e+000	9.994830e-001
2.533779437855360e-003	9.994824e+000	9.994825e-001
2.536493723569646e-003	9.994819e+000	9.994819e-001
2.539208009283931e-003	9.994814e+000	9.994814e-001
2.541922294998217e-003	9.994810e+000	9.994809e-001
2.544636580712503e-003	9.994805e+000	9.994804e-001
2.547350866426788e-003	9.994801e+000	9.994799e-001
2.551208009283931e-003	9.994794e+000	9.994793e-001
2.555065152141074e-003	9.994787e+000	9.994786e-001
2.558922294998217e-003	9.994780e+000	9.994780e-001
2.562779437855360e-003	9.994773e+000	9.994774e-001
2.566636580712503e-003	9.994767e+000	9.994768e-001
2.570493723569646e-003	9.994761e+000	9.994761e-001
2.574350866426788e-003	9.994755e+000	9.994755e-001
2.578779437855360e-003	9.994748e+000	9.994749e-001
2.583208009283931e-003	9.994742e+000	9.994742e-001
2.587636580712503e-003	9.994736e+000	9.994736e-001
2.592065152141074e-003	9.994730e+000	9.994730e-001
2.596493723569645e-003	9.994724e+000	9.994724e-001
2.600922294998217e-003	9.994718e+000	9.994718e-001
2.605350866426788e-003	9.994712e+000	9.994712e-001
2.621922294998217e-003	9.994692e+000	9.994692e-001
2.638493723569645e-003	9.994673e+000	9.994673e-001
2.655065152141074e-003	9.994656e+000	9.994656e-001
2.671636580712503e-003	9.994640e+000	9.994640e-001
2.688208009283931e-003	9.994626e+000	9.994626e-001
2.704779437855360e-003	9.994613e+000	9.994613e-001
2.721350866426788e-003	9.994602e+000	9.994602e-001
2.738208009283931e-003	9.994591e+000	9.994591e-001
2.755065152141074e-003	9.994581e+000	9.994581e-001
2.771922294998217e-003	9.994572e+000	9.994572e-001
2.788779437855360e-003	9.994564e+000	9.994564e-001
2.805636580712503e-003	9.994556e+000	9.994556e-001
2.822493723569645e-003	9.994549e+000	9.994549e-001
2.839350866426788e-003	9.994543e+000	9.994543e-001
2.844779437855360e-003	9.994541e+000	9.994541e-001
2.850208009283931e-003	9.994539e+000	9.994539e-001
2.855636580712502e-003	9.994537e+000	9.994538e-001
2.861065152141074e-003	9.994536e+000	9.994536e-001
2.866493723569646e-003	9.994534e+000	9.994534e-001
2.871922294998217e-003	9.994533e+000	9.994533e-001
2.877350866426788e-003	9.994532e+000	9.994531e-001
2.878350866426788e-003	9.994532e+000	9.994531e-001
2.895922294998217e-003	9.994527e+000	9.994526e-001
2.913493723569646e-003	9.994522e+000	9.994522e-001
2.931065152141074e-003	9.994518e+000	9.994518e-001
2.948636580712503e-003	9.994515e+000	9.994515e-001
2.966208009283931e-003	9.994511e+000	9.994511e-001
2.983779437855360e-003	9.994508e+000	9.994508e-001
3.001350866426788e-003	9.994505e+000	9.994506e-001
3.019922294998217e-003	9.994503e+000	9.994503e-001
3.038493723569645e-003	9.994501e+000	9.994501e-001
3.057065152141074e-003	9.994499e+000	9.994499e-001
3.075636580712503e-003	9.994497e+000	9.994497e-001
3.094208009283931e-003	9.994496e+000	9.994495e-001
3.112779437855360e-003	9.994494e+000	9.994494e-001
3.131350866426788e-003	9.994493e+000	9.994493e-001
3.151922294998217e-003	9.994491e+000	9.994491e-001
3.172493723569645e-003	9.994490e+000	9.994490e-001
3.193065152141074e-003	9.994489e+000	9.994489e-001
3.213636580712503e-003	9.994488e+000	9.994488e-001
3.234208009283931e-003	9.994487e+000	9.994487e-001
3.254779437855360e-003	9.994487e+000	9.994486e-001
3.275350866426788e-003	9.994486e+000	9.994485e-001
3.299779437855360e-003	9.994485e+000	9.994485e-001
3.324208009283931e-003	9.994484e+000	9.994484e-001
3.348636580712503e-003	9.994483e+000	9.994484e-001
3.373065152141074e-003	9.994483e+000	9.994483e-001
3.397493723569645e-003	9.994482e+000	9.994483e-001
3.421922294998217e-003	9.994482e+000	9.994482e-001
3.446350866426788e-003	9.994482e+000	9.994482e-001
3.479350866426788e-003	9.994482e+000	9.994482e-001
3.512350866426788e-003	9.994481e+000	9.994481e-001
3.545350866426789e-003	9.994481e+000	9.994481e-001
3.578350866426788e-003	9.994481e+000	9.994481e-001
3.611350866426788e-003	9.994481e+000	9.994481e-001
3.644350866426788e-003	9.994480e+000	9.994481e-001
3.677350866426788e-003	9.994480e+000	9.994481e-001
3.709350866426788e-003	9.994480e+000	9.994481e-001
3.741350866426788e-003	9.994480e+000	9.994481e-001
3.773350866426788e-003	9.994480e+000	9.994481e-001
3.805350866426788e-003	9.994480e+000	9.994481e-001
3.837350866426788e-003	9.994480e+000	9.994481e-001
3.869350866426788e-003	9.994480e+000	9.994481e-001
3.901350866426788e-003	9.994480e+000	9.994481e-001
3.902350866426788e-003	9.994480e+000	9.994481e-001
3.999000000000000e-003	9.994480e+000	9.994481e-001
4.000000000000000e-003	1.042121e+001	5.007209e-001
4.000002004501360e-003	1.058409e+001	3.331474e-001
4.000006013504079e-003	1.093411e+001	1.104345e-009
4.000006902170042e-003	1.093156e+001	1.104088e-009
4.000007478566775e-003	1.093067e+001	1.103997e-009
4.000008003927181e-003	1.093291e+001	1.104224e-009
4.000008296034703e-003	1.093252e+001	1.104185e-009
4.000008620805848e-003	1.093323e+001	1.104256e-009
4.000008918536554e-003	1.093329e+001	1.104263e-009
4.000009369805489e-003	1.093346e+001	1.104280e-009
4.000010144682591e-003	1.093363e+001	1.104296e-009
4.000010959730196e-003	1.093373e+001	1.104307e-009
4.000011724132201e-003	1.093377e+001	1.104311e-009
4.000012473696879e-003	1.093375e+001	1.104309e-009
4.000013291725196e-003	1.093369e+001	1.104302e-009
4.000014171721377e-003	1.093356e+001	1.104290e-009
4.000015097098944e-003	1.093338e+001	1.104271e-009
4.000016175567880e-003	1.093310e+001	1.104243e-009
4.000017148738052e-003	1.093281e+001	1.104214e-009
4.000018369100525e-003	1.093239e+001	1.104172e-009
4.000019605349067e-003	1.093194e+001	1.104126e-009
4.000020797962426e-003	1.093148e+001	1.104080e-009
4.000022600894659e-003	1.093077e+001	1.104008e-009
4.000024308557241e-003	1.093011e+001	1.103941e-009
4.000026725656181e-003	1.092917e+001	1.103846e-009
4.000029290958119e-003	1.092820e+001	1.103749e-009
4.000032826155428e-003	1.092690e+001	1.103617e-009
4.000037466036751e-003	1.092524e+001	1.103449e-009
4.000041267735129e-003	1.092390e+001	1.103314e-009
4.000045922416803e-003	1.092228e+001	1.103150e-009
4.000050906203004e-003	1.092056e+001	1.102977e-009
4.000058714264237e-003	1.091790e+001	1.102708e-009
4.000069142620604e-003	1.091438e+001	1.102352e-009
4.000081169223776e-003	1.091036e+001	1.101946e-009
4.000095623306220e-003	1.090558e+001	1.101464e-009
4.000110838913502e-003	1.090061e+001	1.100962e-009
4.000126856723564e-003	1.089546e+001	1.100442e-009
4.000144489435412e-003	1.088997e+001	1.099887e-009
4.000157551277024e-003	1.088644e+001	1.099531e-009
4.000172138266245e-003	1.088369e+001	1.099252e-009
4.000185318458482e-003	1.088207e+001	1.099089e-009
4.000198369513829e-003	1.088048e+001	1.098929e-009
4.000212450211106e-003	1.087817e+001	1.098695e-009
4.000225981701674e-003	1.087534e+001	1.098410e-009
4.000241439874622e-003	1.087157e+001	1.098029e-009
4.000258429284150e-003	1.086702e+001	1.097569e-009
4.000275103067719e-003	1.086229e+001	1.097091e-009
4.000291408728905e-003	1.085752e+001	1.096609e-009
4.000308125630434e-003	1.085256e+001	1.096108e-009
4.000325607870401e-003	1.084735e+001	1.095582e-009
4.000344810472356e-003	1.084165e+001	1.095006e-009
4.000367612566181e-003	1.083492e+001	1.094327e-009
4.000393004266037e-003	1.082751e+001	1.093579e-009
4.000413538427905e-003	1.082159e+001	1.092981e-009
4.000436450214055e-003	1.081507e+001	1.092322e-009
4.000460754783448e-003	1.080825e+001	1.091633e-009
4.000491186985809e-003	1.079985e+001	1.090784e-009
4.000531246265233e-003	1.078901e+001	1.089690e-009
4.000579942638340e-003	1.077618e+001	1.088394e-009
4.000643575497554e-003	1.075990e+001	1.086750e-009
4.000701603618385e-003	1.074561e+001	1.085307e-009
4.000807927194620e-003	1.072072e+001	1.082792e-009
4.000956320415958e-003	1.068812e+001	1.079500e-009
4.001135442072797e-003	1.065242e+001	1.075894e-009
4.001493685386475e-003	1.059051e+001	1.069641e-009
4.002042866385351e-003	1.051146e+001	1.061657e-009
4.002624857578207e-003	1.044327e+001	1.054770e-009
4.003101425198319e-003	1.039783e+001	1.050181e-009
4.003570712343531e-003	1.036130e+001	1.046492e-009
4.004054964754612e-003	1.033038e+001	1.043369e-009
4.004531542480673e-003	1.030525e+001	1.040830e-009
4.004980184062971e-003	1.028576e+001	1.038862e-009
4.005462869798485e-003	1.026864e+001	1.037133e-009
4.005976762922635e-003	1.025399e+001	1.035653e-009
4.006567163234775e-003	1.024088e+001	1.034329e-009
4.007248352869368e-003	1.022956e+001	1.033185e-009
4.008019217640092e-003	1.022050e+001	1.032271e-009
4.009019217640091e-003	1.021267e+001	1.031480e-009
4.010019217640091e-003	1.020766e+001	1.030974e-009
4.011019217640091e-003	1.020455e+001	1.030659e-009
4.012019217640091e-003	1.020259e+001	1.030461e-009
4.013019217640091e-003	1.020131e+001	1.030332e-009
4.014019217640092e-003	1.020044e+001	1.030245e-009
4.015019217640092e-003	1.019982e+001	1.030182e-009
4.016019217640091e-003	1.019935e+001	1.030134e-009
4.017019217640091e-003	1.019896e+001	1.030095e-009
4.018019217640091e-003	1.019863e+001	1.030061e-009
4.019019217640091e-003	1.019833e+001	1.030031e-009
4.020019217640091e-003	1.019805e+001	1.030003e-009
4.021019217640092e-003	1.019779e+001	1.029977e-009
4.022019217640091e-003	1.019753e+001	1.029951e-009
4.023019217640091e-003	1.019729e+001	1.029926e-009
4.024019217640091e-003	1.019705e+001	1.029902e-009
4.025019217640091e-003	1.019681e+001	1.029878e-009
4.026019217640091e-003	1.019657e+001	1.029854e-009
4.027019217640092e-003	1.019634e+001	1.029831e-009
4.028019217640092e-003	1.019611e+001	1.029807e-009
4.029019217640091e-003	1.019589e+001	1.029785e-009
4.030019217640091e-003	1.019566e+001	1.029762e-009
4.031019217640091e-003	1.019544e+001	1.029740e-009
4.032019217640091e-003	1.019522e+001	1.029717e-009
4.033019217640091e-003	1.019500e+001	1.029695e-009
4.034019217640092e-003	1.019479e+001	1.029673e-009
4.035019217640091e-003	1.019457e+001	1.029652e-009
4.036019217640091e-003	1.019436e+001	1.029630e-009
4.037019217640091e-003	1.019415e+001	1.029609e-009
4.038019217640091e-003	1.019394e+001	1.029587e-009
4.039019217640091e-003	1.019373e+001	1.029566e-009
4.040019217640091e-003	1.019352e+001	1.029545e-009
4.041019217640092e-003	1.019331e+001	1.029524e-009
4.042019217640091e-003	1.019310e+001	1.029503e-009
4.043019217640091e-003	1.019290e+001	1.029483e-009
4.044019217640091e-003	1.019269e+001	1.029462e-009
4.045019217640091e-003	1.019249e+001	1.029442e-009
4.046019217640091e-003	1.019229e+001	1.029421e-009
4.047019217640092e-003	1.019209e+001	1.029401e-009
4.048019217640092e-003	1.019189e+001	1.029380e-009
4.049019217640091e-003	1.019168e+001	1.029360e-009
4.050019217640091e-003	1.019149e+001	1.029340e-009
4.051019217640091e-003	1.019129e+001	1.029320e-009
4.052019217640091e-003	1.019109e+001	1.029300e-009
4.053019217640091e-003	1.019089e+001	1.029280e-009
4.054019217640092e-003	1.019069e+001	1.029260e-009
4.055019217640091e-003	1.019050e+001	1.029240e-009
4.056019217640091e-003	1.019030e+001	1.029220e-009
4.057019217640091e-003	1.019010e+001	1.029201e-009
4.058019217640091e-003	1.018991e+001	1.029181e-009
4.059019217640091e-003	1.018971e+001	1.029161e-009
4.060019217640092e-003	1.018952e+001	1.029141e-009
4.061019217640092e-003	1.018933e+001	1.029122e-009
4.062019217640091e-003	1.018913e+001	1.029102e-009
4.063019217640091e-003	1.018894e+001	1.029083e-009
4.064019217640091e-003	1.018875e+001	1.029063e-009
4.065019217640091e-003	1.018855e+001	1.029044e-009
4.066019217640091e-003	1.018836e+001	1.029024e-009
4.067019217640092e-003	1.018817e+001	1.029005e-009
4.068019217640091e-003	1.018797e+001	1.028986e-009
4.069019217640091e-003	1.018778e+001	1.028966e-009
4.070019217640091e-003	1.018759e+001	1.028947e-009
4.071019217640091e-003	1.018740e+001	1.028928e-009
4.072019217640091e-003	1.018721e+001	1.028908e-009
4.073019217640092e-003	1.018702e+001	1.028889e-009
4.074019217640092e-003	1.018683e+001	1.028870e-009
4.075019217640091e-003	1.018664e+001	1.028851e-009
4.076019217640091e-003	1.018645e+001	1.028831e-009
4.077019217640091e-003	1.018626e+001	1.028812e-009
4.078019217640091e-003	1.018607e+001	1.028793e-009
4.079019217640091e-003	1.018588e+001	1.028774e-009
4.080019217640092e-003	1.018569e+001	1.028755e-009
4.081019217640091e-003	1.018550e+001	1.028736e-009
4.082019217640091e-003	1.018531e+001	1.028717e-009
4.083019217640091e-003	1.018513e+001	1.028698e-009
4.084019217640091e-003	1.018494e+001	1.028679e-009
4.085019217640091e-003	1.018475e+001	1.028660e-009
4.086019217640092e-003	1.018456e+001	1.028641e-009
4.087019217640092e-003	1.018437e+001	1.028622e-009
4.088019217640091e-003	1.018418e+001	1.028603e-009
4.089019217640091e-003	1.018400e+001	1.028584e-009
4.090019217640091e-003	1.018381e+001	1.028565e-009
4.091019217640091e-003	1.018362e+001	1.028546e-009
4.092019217640091e-003	1.018343e+001	1.028527e-009
4.093019217640092e-003	1.018325e+001	1.028508e-009
4.094019217640091e-003	1.018306e+001	1.028489e-009
4.095019217640091e-003	1.018287e+001	1.028470e-009
4.096019217640091e-003	1.018268e+001	1.028451e-009
4.097019217640091e-003	1.018250e+001	1.028432e-009
4.098019217640091e-003	1.018231e+001	1.028413e-009
4.099019217640092e-003	1.018212e+001	1.028394e-009
4.100019217640092e-003	1.018194e+001	1.028376e-009
4.101019217640091e-003	1.018175e+001	1.028357e-009
4.102019217640091e-003	1.018156e+001	1.028338e-009
4.103019217640091e-003	1.018138e+001	1.028319e-009
4.104019217640091e-003	1.018119e+001	1.028300e-009
4.105019217640091e-003	1.018101e+001	1.028282e-009
4.106019217640092e-003	1.018082e+001	1.028263e-009
4.107019217640091e-003	1.018063e+001	1.028244e-009
4.108019217640091e-003	1.018045e+001	1.028225e-009
4.109019217640091e-003	1.018026e+001	1.028207e-009
4.110019217640091e-003	1.018008e+001	1.028188e-009
4.111019217640091e-003	1.017989e+001	1.028169e-009
4.112019217640092e-003	1.017971e+001	1.028150e-009
4.113019217640092e-003	1.017952e+001	1.028131e-009
4.114019217640091e-003	1.017933e+001	1.028113e-009
4.115019217640091e-003	1.017915e+001	1.028094e-009
4.116019217640091e-003	1.017896e+001	1.028075e-009
4.117019217640091e-003	1.017878e+001	1.028057e-009
4.118019217640091e-003	1.017859e+001	1.028038e-009
4.119019217640092e-003	1.017841e+001	1.028019e-009
4.120019217640092e-003	1.017822e+001	1.028001e-009
4.121019217640091e-003	1.017804e+001	1.027982e-009
4.122019217640091e-003	1.017786e+001	1.027963e-009
4.123019217640091e-003	1.017767e+001	1.027945e-009
4.124019217640091e-003	1.017749e+001	1.027926e-009
4.125019217640091e-003	1.017730e+001	1.027907e-009
4.126019217640092e-003	1.017712e+001	1.027889e-009
4.127019217640091e-003	1.017693e+001	1.027870e-009
4.128019217640091e-003	1.017675e+001	1.027852e-009
4.129019217640091e-003	1.017657e+001	1.027833e-009
4.130019217640091e-003	1.017638e+001	1.027815e-009
4.131019217640091e-003	1.017620e+001	1.027796e-009
4.132019217640092e-003	1.017601e+001	1.027777e-009
4.133019217640092e-003	1.017583e+001	1.027759e-009
4.134019217640091e-003	1.017565e+001	1.027740e-009
4.135019217640091e-003	1.017546e+001	1.027722e-009
4.136019217640091e-003	1.017528e+001	1.027703e-009
4.137019217640091e-003	1.017509e+001	1.027685e-009
4.138019217640091e-003	1.017491e+001	1.027666e-009
4.139019217640092e-003	1.017473e+001	1.027648e-009
4.140019217640091e-003	1.017454e+001	1.027629e-009
4.141019217640091e-003	1.017436e+001	1.027611e-009
4.142019217640091e-003	1.017418e+001	1.027592e-009
4.143019217640091e-003	1.017400e+001	1.027573e-009
4.144019217640091e-003	1.017381e+001	1.027555e-009
4.145019217640092e-003	1.017363e+001	1.027537e-009
4.147019217640091e-003	1.017326e+001	1.027500e-009
4.148019217640091e-003	1.017308e+001	1.027481e-009
4.149019217640091e-003	1.017290e+001	1.027463e-009
4.150019217640091e-003	1.017272e+001	1.027444e-009
4.151019217640091e-003	1.017253e+001	1.027426e-009
4.152019217640092e-003	1.017235e+001	1.027407e-009
4.153019217640091e-003	1.017217e+001	1.027389e-009
4.154019217640091e-003	1.017199e+001	1.027371e-009
4.155019217640091e-003	1.017180e+001	1.027352e-009
4.156019217640091e-003	1.017162e+001	1.027334e-009
4.157019217640091e-003	1.017144e+001	1.027315e-009
4.158019217640092e-003	1.017126e+001	1.027297e-009
4.159019217640092e-003	1.017108e+001	1.027279e-009
4.160019217640091e-003	1.017089e+001	1.027260e-009
4.161019217640091e-003	1.017071e+001	1.027242e-009
4.162019217640091e-003	1.017053e+001	1.027224e-009
4.163019217640091e-003	1.017035e+001	1.027205e-009
4.164019217640091e-003	1.017017e+001	1.027187e-009
4.165019217640092e-003	1.016999e+001	1.027169e-009
4.166019217640091e-003	1.016980e+001	1.027150e-009
4.167019217640091e-003	1.016962e+001	1.027132e-009
4.168019217640091e-003	1.016944e+001	1.027114e-009
4.169019217640091e-003	1.016926e+001	1.027095e-009
4.170019217640091e-003	1.016908e+001	1.027077e-009
4.171019217640092e-003	1.016890e+001	1.027059e-009
4.172019217640092e-003	1.016872e+001	1.027040e-009
4.173019217640091e-003	1.016854e+001	1.027022e-009
4.174019217640091e-003	1.016835e+001	1.027004e-009
4.175019217640091e-003	1.016817e+001	1.026986e-009
4.176019217640091e-003	1.016799e+001	1.026967e-009
4.177019217640091e-003	1.016781e+001	1.026949e-009
4.178019217640092e-003	1.016763e+001	1.026931e-009
4.179019217640091e-003	1.016745e+001	1.026913e-009
4.180019217640091e-003	1.016727e+001	1.026894e-009
4.181019217640091e-003	1.016709e+001	1.026876e-009
4.182019217640091e-003	1.016691e+001	1.026858e-009
4.183019217640091e-003	1.016673e+001	1.026840e-009
4.184019217640092e-003	1.016655e+001	1.026822e-009
4.185019217640092e-003	1.016637e+001	1.026803e-009
4.186019217640091e-003	1.016619e+001	1.026785e-009
4.187019217640091e-003	1.016601e+001	1.026767e-009
4.188019217640091e-003	1.016583e+001	1.026749e-009
4.189019217640091e-003	1.016565e+001	1.026731e-009
4.190019217640091e-003	1.016547e+001	1.026712e-009
4.191019217640092e-003	1.016529e+001	1.026694e-009
4.192019217640091e-003	1.016511e+001	1.026676e-009
4.193019217640091e-003	1.016493e+001	1.026658e-009
4.194019217640091e-003	1.016475e+001	1.026640e-009
4.195019217640091e-003	1.016457e+001	1.026622e-009
4.196019217640091e-003	1.016439e+001	1.026604e-009
4.197019217640092e-003	1.016421e+001	1.026585e-009
4.198019217640092e-003	1.016403e+001	1.026567e-009
4.199019217640091e-003	1.016385e+001	1.026549e-009
4.200019217640091e-003	1.016368e+001	1.026531e-009
4.201019217640091e-003	1.016350e+001	1.026513e-009
4.202019217640091e-003	1.016332e+001	1.026495e-009
4.203019217640091e-003	1.016314e+001	1.026477e-009
4.204019217640092e-003	1.016296e+001	1.026459e-009
4.205019217640092e-003	1.016278e+001	1.026441e-009
4.206019217640091e-003	1.016260e+001	1.026423e-009
4.207019217640091e-003	1.016242e+001	1.026405e-009
4.208019217640091e-003	1.016224e+001	1.026387e-009
4.209019217640091e-003	1.016207e+001	1.026369e-009
4.210019217640092e-003	1.016189e+001	1.026351e-009
4.211019217640092e-003	1.016171e+001	1.026333e-009
4.212019217640091e-003	1.016153e+001	1.026315e-009
4.213019217640091e-003	1.016135e+001	1.026297e-009
4.214019217640091e-003	1.016117e+001	1.026279e-009
4.215019217640091e-003	1.016100e+001	1.026261e-009
4.216019217640091e-003	1.016082e+001	1.026243e-009
4.217019217640092e-003	1.016064e+001	1.026225e-009
4.218019217640092e-003	1.016046e+001	1.026207e-009
4.220019217640091e-003	1.016011e+001	1.026171e-009
4.221019217640091e-003	1.015993e+001	1.026153e-009
4.222019217640091e-003	1.015975e+001	1.026135e-009
4.223019217640091e-003	1.015957e+001	1.026117e-009
4.224019217640092e-003	1.015940e+001	1.026099e-009
4.225019217640091e-003	1.015922e+001	1.026081e-009
4.226019217640091e-003	1.015904e+001	1.026063e-009
4.227019217640091e-003	1.015886e+001	1.026045e-009
4.228019217640091e-003	1.015869e+001	1.026027e-009
4.229019217640091e-003	1.015851e+001	1.026009e-009
4.230019217640092e-003	1.015833e+001	1.025992e-009
4.232019217640091e-003	1.015798e+001	1.025956e-009
4.233019217640091e-003	1.015780e+001	1.025938e-009
4.234019217640091e-003	1.015763e+001	1.025920e-009
4.235019217640091e-003	1.015745e+001	1.025902e-009
4.236019217640091e-003	1.015727e+001	1.025884e-009
4.237019217640092e-003	1.015709e+001	1.025867e-009
4.238019217640091e-003	1.015692e+001	1.025849e-009
4.239019217640091e-003	1.015674e+001	1.025831e-009
4.240019217640091e-003	1.015656e+001	1.025813e-009
4.241019217640091e-003	1.015639e+001	1.025795e-009
4.242019217640091e-003	1.015621e+001	1.025777e-009
4.244019217640092e-003	1.015586e+001	1.025742e-009
4.245019217640091e-003	1.015568e+001	1.025724e-009
4.246019217640091e-003	1.015551e+001	1.025706e-009
4.247019217640091e-003	1.015533e+001	1.025689e-009
4.248019217640091e-003	1.015516e+001	1.025671e-009
4.249019217640091e-003	1.015498e+001	1.025653e-009
4.250019217640092e-003	1.015480e+001	1.025635e-009
4.251019217640091e-003	1.015463e+001	1.025617e-009
4.252019217640091e-003	1.015445e+001	1.025600e-009
4.253019217640091e-003	1.015428e+001	1.025582e-009
4.254019217640091e-003	1.015410e+001	1.025564e-009
4.255019217640091e-003	1.015393e+001	1.025547e-009
4.256019217640092e-003	1.015375e+001	1.025529e-009
4.257019217640092e-003	1.015358e+001	1.025511e-009
4.258019217640091e-003	1.015340e+001	1.025493e-009
4.259019217640091e-003	1.015323e+001	1.025476e-009
4.260019217640091e-003	1.015305e+001	1.025458e-009
4.261019217640091e-003	1.015287e+001	1.025440e-009
4.262019217640091e-003	1.015270e+001	1.025423e-009
4.263019217640092e-003	1.015253e+001	1.025405e-009
4.264019217640091e-003	1.015235e+001	1.025387e-009
4.265019217640091e-003	1.015218e+001	1.025370e-009
4.266019217640091e-003	1.015200e+001	1.025352e-009
4.267019217640091e-003	1.015183e+001	1.025334e-009
4.268019217640091e-003	1.015165e+001	1.025317e-009
4.269019217640092e-003	1.015148e+001	1.025299e-009
4.270019217640092e-003	1.015130e+001	1.025282e-009
4.271019217640091e-003	1.015113e+001	1.025264e-009
4.272019217640091e-003	1.015095e+001	1.025246e-009
4.273019217640091e-003	1.015078e+001	1.025229e-009
4.274019217640091e-003	1.015061e+001	1.025211e-009
4.275019217640091e-003	1.015043e+001	1.025194e-009
4.276019217640092e-003	1.015026e+001	1.025176e-009
4.277019217640092e-003	1.015008e+001	1.025158e-009
4.278019217640091e-003	1.014991e+001	1.025141e-009
4.279019217640091e-003	1.014974e+001	1.025123e-009
4.280019217640091e-003	1.014956e+001	1.025106e-009
4.281019217640091e-003	1.014939e+001	1.025088e-009
4.282019217640092e-003	1.014921e+001	1.025071e-009
4.283019217640092e-003	1.014904e+001	1.025053e-009
4.284019217640091e-003	1.014887e+001	1.025036e-009
4.285019217640091e-003	1.014869e+001	1.025018e-009
4.286019217640091e-003	1.014852e+001	1.025001e-009
4.287019217640091e-003	1.014835e+001	1.024983e-009
4.288019217640091e-003	1.014817e+001	1.024966e-009
4.289019217640092e-003	1.014800e+001	1.024948e-009
4.290019217640092e-003	1.014783e+001	1.024931e-009
4.291019217640091e-003	1.014765e+001	1.024913e-009
4.293019217640091e-003	1.014731e+001	1.024878e-009
4.294019217640091e-003	1.014714e+001	1.024861e-009
4.295019217640092e-003	1.014696e+001	1.024843e-009
4.296019217640092e-003	1.014679e+001	1.024826e-009
4.297019217640091e-003	1.014662e+001	1.024808e-009
4.298019217640091e-003	1.014644e+001	1.024791e-009
4.299019217640091e-003	1.014627e+001	1.024773e-009
4.300019217640091e-003	1.014610e+001	1.024756e-009
4.301019217640091e-003	1.014593e+001	1.024739e-009
4.302019217640092e-003	1.014575e+001	1.024721e-009
4.303019217640092e-003	1.014558e+001	1.024704e-009
4.305019217640091e-003	1.014524e+001	1.024669e-009
4.306019217640091e-003	1.014507e+001	1.024652e-009
4.307019217640091e-003	1.014489e+001	1.024634e-009
4.308019217640091e-003	1.014472e+001	1.024617e-009
4.309019217640092e-003	1.014455e+001	1.024600e-009
4.310019217640091e-003	1.014438e+001	1.024582e-009
4.311019217640091e-003	1.014421e+001	1.024565e-009
4.312019217640091e-003	1.014404e+001	1.024548e-009
4.313019217640091e-003	1.014386e+001	1.024530e-009
4.314019217640091e-003	1.014369e+001	1.024513e-009
4.315019217640092e-003	1.014352e+001	1.024496e-009
4.317019217640091e-003	1.014318e+001	1.024461e-009
4.318019217640091e-003	1.014301e+001	1.024444e-009
4.319019217640091e-003	1.014283e+001	1.024426e-009
4.320019217640091e-003	1.014266e+001	1.024409e-009
4.321019217640091e-003	1.014249e+001	1.024392e-009
4.322019217640092e-003	1.014232e+001	1.024374e-009
4.323019217640091e-003	1.014215e+001	1.024357e-009
4.324019217640091e-003	1.014198e+001	1.024340e-009
4.325019217640091e-003	1.014181e+001	1.024323e-009
4.326019217640091e-003	1.014164e+001	1.024305e-009
4.327019217640091e-003	1.014147e+001	1.024288e-009
4.329019217640092e-003	1.014113e+001	1.024254e-009
4.330019217640091e-003	1.014095e+001	1.024236e-009
4.331019217640091e-003	1.014079e+001	1.024219e-009
4.332019217640091e-003	1.014061e+001	1.024202e-009
4.333019217640091e-003	1.014044e+001	1.024185e-009
4.334019217640091e-003	1.014027e+001	1.024168e-009
4.335019217640092e-003	1.014010e+001	1.024151e-009
4.336019217640091e-003	1.013993e+001	1.024133e-009
4.337019217640091e-003	1.013976e+001	1.024116e-009
4.338019217640091e-003	1.013959e+001	1.024099e-009
4.339019217640091e-003	1.013942e+001	1.024082e-009
4.342019217640092e-003	1.013891e+001	1.024030e-009
4.343019217640091e-003	1.013874e+001	1.024013e-009
4.344019217640091e-003	1.013857e+001	1.023996e-009
4.345019217640091e-003	1.013840e+001	1.023979e-009
4.346019217640091e-003	1.013824e+001	1.023962e-009
4.347019217640091e-003	1.013807e+001	1.023945e-009
4.348019217640092e-003	1.013790e+001	1.023928e-009
4.349019217640092e-003	1.013773e+001	1.023911e-009
4.350019217640091e-003	1.013756e+001	1.023893e-009
4.351019217640091e-003	1.013739e+001	1.023876e-009
4.354019217640092e-003	1.013688e+001	1.023825e-009
4.355019217640092e-003	1.013671e+001	1.023808e-009
4.356019217640091e-003	1.013654e+001	1.023791e-009
4.357019217640091e-003	1.013638e+001	1.023774e-009
4.358019217640091e-003	1.013621e+001	1.023757e-009
4.359019217640091e-003	1.013604e+001	1.023740e-009
4.360019217640091e-003	1.013587e+001	1.023723e-009
4.361019217640092e-003	1.013570e+001	1.023706e-009
4.362019217640092e-003	1.013553e+001	1.023689e-009
4.363019217640091e-003	1.013536e+001	1.023672e-009
4.366019217640091e-003	1.013486e+001	1.023621e-009
4.367019217640092e-003	1.013469e+001	1.023604e-009
4.368019217640092e-003	1.013452e+001	1.023587e-009
4.369019217640091e-003	1.013435e+001	1.023570e-009
4.370019217640091e-003	1.013419e+001	1.023553e-009
4.371019217640091e-003	1.013402e+001	1.023536e-009
4.372019217640091e-003	1.013385e+001	1.023519e-009
4.373019217640091e-003	1.013368e+001	1.023502e-009
4.374019217640092e-003	1.013352e+001	1.023485e-009
4.376019217640091e-003	1.013318e+001	1.023451e-009
4.378019217640091e-003	1.013284e+001	1.023417e-009
4.379019217640091e-003	1.013268e+001	1.023400e-009
4.380019217640092e-003	1.013251e+001	1.023384e-009
4.381019217640092e-003	1.013234e+001	1.023367e-009
4.382019217640091e-003	1.013218e+001	1.023350e-009
4.383019217640091e-003	1.013201e+001	1.023333e-009
4.384019217640091e-003	1.013184e+001	1.023316e-009
4.385019217640091e-003	1.013167e+001	1.023299e-009
4.386019217640091e-003	1.013151e+001	1.023282e-009
4.388019217640092e-003	1.013117e+001	1.023249e-009
4.391019217640091e-003	1.013067e+001	1.023198e-009
4.392019217640091e-003	1.013051e+001	1.023181e-009
4.393019217640092e-003	1.013034e+001	1.023164e-009
4.394019217640092e-003	1.013017e+001	1.023148e-009
4.395019217640091e-003	1.013001e+001	1.023131e-009
4.396019217640091e-003	1.012984e+001	1.023114e-009
4.397019217640091e-003	1.012967e+001	1.023097e-009
4.398019217640091e-003	1.012951e+001	1.023081e-009
4.400019217640092e-003	1.012918e+001	1.023047e-009
4.403019217640091e-003	1.012868e+001	1.022997e-009
4.405019217640091e-003	1.012835e+001	1.022963e-009
4.406019217640091e-003	1.012818e+001	1.022946e-009
4.407019217640092e-003	1.012802e+001	1.022930e-009
4.408019217640091e-003	1.012785e+001	1.022913e-009
4.409019217640091e-003	1.012769e+001	1.022896e-009
4.411019217640091e-003	1.012735e+001	1.022863e-009
4.411733503354377e-003	1.012724e+001	1.022851e-009
4.412447789068663e-003	1.012712e+001	1.022839e-009
4.413162074782948e-003	1.012700e+001	1.022827e-009
4.413876360497234e-003	1.012688e+001	1.022815e-009
4.414590646211520e-003	1.012676e+001	1.022803e-009
4.415304931925806e-003	1.012665e+001	1.022791e-009
4.416019217640091e-003	1.012653e+001	1.022779e-009
4.418019217640091e-003	1.012620e+001	1.022746e-009
4.419019217640091e-003	1.012603e+001	1.022729e-009
4.420019217640092e-003	1.012587e+001	1.022713e-009
4.422019217640091e-003	1.012554e+001	1.022679e-009
4.424019217640091e-003	1.012521e+001	1.022646e-009
4.424876360497234e-003	1.012507e+001	1.022632e-009
4.425733503354377e-003	1.012493e+001	1.022618e-009
4.426590646211519e-003	1.012479e+001	1.022604e-009
4.427447789068663e-003	1.012465e+001	1.022589e-009
4.428304931925806e-003	1.012451e+001	1.022575e-009
4.429162074782948e-003	1.012436e+001	1.022561e-009
4.430019217640091e-003	1.012422e+001	1.022547e-009
4.432019217640091e-003	1.012390e+001	1.022513e-009
4.434019217640092e-003	1.012357e+001	1.022480e-009
4.437019217640091e-003	1.012308e+001	1.022431e-009
4.440019217640092e-003	1.012259e+001	1.022381e-009
4.442019217640091e-003	1.012226e+001	1.022348e-009
4.444019217640091e-003	1.012193e+001	1.022315e-009
4.446019217640092e-003	1.012160e+001	1.022282e-009
4.449019217640091e-003	1.012112e+001	1.022233e-009
4.452019217640092e-003	1.012063e+001	1.022183e-009
4.454019217640091e-003	1.012030e+001	1.022151e-009
4.456019217640091e-003	1.011998e+001	1.022118e-009
4.458019217640091e-003	1.011965e+001	1.022085e-009
4.461019217640091e-003	1.011917e+001	1.022036e-009
4.462304931925805e-003	1.011896e+001	1.022015e-009
4.463590646211520e-003	1.011875e+001	1.021994e-009
4.464876360497234e-003	1.011854e+001	1.021972e-009
4.466162074782948e-003	1.011833e+001	1.021951e-009
4.467447789068662e-003	1.011812e+001	1.021930e-009
4.468733503354377e-003	1.011792e+001	1.021909e-009
4.470019217640091e-003	1.011771e+001	1.021888e-009
4.471162074782949e-003	1.011752e+001	1.021870e-009
4.472304931925806e-003	1.011734e+001	1.021851e-009
4.473447789068663e-003	1.011715e+001	1.021833e-009
4.474590646211520e-003	1.011697e+001	1.021814e-009
4.475733503354377e-003	1.011679e+001	1.021795e-009
4.476876360497234e-003	1.011660e+001	1.021777e-009
4.478019217640092e-003	1.011642e+001	1.021758e-009
4.481019217640091e-003	1.011593e+001	1.021709e-009
4.484019217640091e-003	1.011545e+001	1.021661e-009
4.485304931925806e-003	1.011524e+001	1.021640e-009
4.486590646211520e-003	1.011504e+001	1.021619e-009
4.487876360497234e-003	1.011483e+001	1.021598e-009
4.489162074782949e-003	1.011462e+001	1.021577e-009
4.490447789068663e-003	1.011442e+001	1.021556e-009
4.491733503354377e-003	1.011421e+001	1.021535e-009
4.493019217640091e-003	1.011401e+001	1.021515e-009
4.496019217640091e-003	1.011353e+001	1.021466e-009
4.497304931925805e-003	1.011332e+001	1.021445e-009
4.498590646211520e-003	1.011311e+001	1.021424e-009
4.499876360497234e-003	1.011291e+001	1.021404e-009
4.501162074782949e-003	1.011270e+001	1.021383e-009
4.502447789068663e-003	1.011250e+001	1.021362e-009
4.503733503354378e-003	1.011229e+001	1.021341e-009
4.505019217640092e-003	1.011209e+001	1.021321e-009
4.506304931925806e-003	1.011188e+001	1.021300e-009
4.507590646211520e-003	1.011168e+001	1.021279e-009
4.508876360497234e-003	1.011147e+001	1.021259e-009
4.510162074782949e-003	1.011127e+001	1.021238e-009
4.511447789068663e-003	1.011106e+001	1.021217e-009
4.512733503354377e-003	1.011086e+001	1.021197e-009
4.514019217640091e-003	1.011065e+001	1.021176e-009
4.517019217640091e-003	1.011018e+001	1.021128e-009
4.518447789068663e-003	1.010995e+001	1.021105e-009
4.519876360497234e-003	1.010972e+001	1.021082e-009
4.521304931925806e-003	1.010950e+001	1.021059e-009
4.522733503354377e-003	1.010927e+001	1.021036e-009
4.524162074782948e-003	1.010904e+001	1.021013e-009
4.525590646211520e-003	1.010882e+001	1.020991e-009
4.527019217640091e-003	1.010859e+001	1.020968e-009
4.528590646211520e-003	1.010834e+001	1.020943e-009
4.530162074782948e-003	1.010809e+001	1.020918e-009
4.531733503354377e-003	1.010785e+001	1.020892e-009
4.533304931925806e-003	1.010760e+001	1.020867e-009
4.534876360497235e-003	1.010735e+001	1.020842e-009
4.536447789068663e-003	1.010710e+001	1.020817e-009
4.538019217640092e-003	1.010685e+001	1.020792e-009
4.539733503354377e-003	1.010658e+001	1.020765e-009
4.541447789068663e-003	1.010631e+001	1.020738e-009
4.543162074782949e-003	1.010605e+001	1.020711e-009
4.544876360497234e-003	1.010578e+001	1.020683e-009
4.546590646211520e-003	1.010551e+001	1.020656e-009
4.548304931925806e-003	1.010524e+001	1.020629e-009
4.550019217640092e-003	1.010497e+001	1.020602e-009
4.551876360497234e-003	1.010468e+001	1.020572e-009
4.553733503354377e-003	1.010439e+001	1.020543e-009
4.555590646211520e-003	1.010410e+001	1.020514e-009
4.557447789068663e-003	1.010381e+001	1.020484e-009
4.559304931925806e-003	1.010351e+001	1.020455e-009
4.561162074782949e-003	1.010322e+001	1.020426e-009
4.563019217640092e-003	1.010293e+001	1.020396e-009
4.564876360497234e-003	1.010264e+001	1.020367e-009
4.566733503354377e-003	1.010235e+001	1.020338e-009
4.568590646211520e-003	1.010207e+001	1.020309e-009
4.570447789068663e-003	1.010178e+001	1.020279e-009
4.572304931925806e-003	1.010149e+001	1.020250e-009
4.574162074782949e-003	1.010120e+001	1.020221e-009
4.576019217640092e-003	1.010091e+001	1.020192e-009
4.578019217640092e-003	1.010060e+001	1.020161e-009
4.580019217640091e-003	1.010029e+001	1.020129e-009
4.582019217640091e-003	1.009998e+001	1.020098e-009
4.584019217640092e-003	1.009967e+001	1.020067e-009
4.586019217640092e-003	1.009936e+001	1.020035e-009
4.588019217640091e-003	1.009905e+001	1.020004e-009
4.590019217640092e-003	1.009874e+001	1.019973e-009
4.593304931925806e-003	1.009824e+001	1.019922e-009
4.596590646211520e-003	1.009773e+001	1.019871e-009
4.599876360497235e-003	1.009722e+001	1.019820e-009
4.603162074782948e-003	1.009672e+001	1.019769e-009
4.606447789068663e-003	1.009621e+001	1.019718e-009
4.609733503354377e-003	1.009571e+001	1.019667e-009
4.613019217640091e-003	1.009521e+001	1.019616e-009
4.616876360497234e-003	1.009462e+001	1.019556e-009
4.620733503354377e-003	1.009403e+001	1.019497e-009
4.624590646211520e-003	1.009344e+001	1.019437e-009
4.628447789068663e-003	1.009285e+001	1.019378e-009
4.632304931925806e-003	1.009226e+001	1.019319e-009
4.636162074782948e-003	1.009168e+001	1.019259e-009
4.640019217640091e-003	1.009109e+001	1.019200e-009
4.643733503354377e-003	1.009053e+001	1.019144e-009
4.647447789068663e-003	1.008997e+001	1.019087e-009
4.651162074782948e-003	1.008941e+001	1.019030e-009
4.654876360497234e-003	1.008885e+001	1.018974e-009
4.658590646211520e-003	1.008829e+001	1.018917e-009
4.662304931925806e-003	1.008773e+001	1.018861e-009
4.666019217640091e-003	1.008717e+001	1.018804e-009
4.673876360497234e-003	1.008600e+001	1.018686e-009
4.681733503354377e-003	1.008482e+001	1.018567e-009
4.689590646211520e-003	1.008365e+001	1.018449e-009
4.697447789068663e-003	1.008249e+001	1.018331e-009
4.705304931925806e-003	1.008132e+001	1.018213e-009
4.713162074782949e-003	1.008016e+001	1.018096e-009
4.721019217640092e-003	1.007901e+001	1.017980e-009
4.740447789068663e-003	1.007616e+001	1.017692e-009
4.759876360497234e-003	1.007334e+001	1.017407e-009
4.779304931925806e-003	1.007054e+001	1.017124e-009
4.798733503354378e-003	1.006775e+001	1.016843e-009
4.818162074782949e-003	1.006499e+001	1.016564e-009
4.837590646211520e-003	1.006225e+001	1.016288e-009
4.857019217640092e-003	1.005953e+001	1.016013e-009
4.858019217640092e-003	1.005939e+001	1.015999e-009
4.868447789068663e-003	1.005794e+001	1.015852e-009
4.878876360497234e-003	1.005650e+001	1.015706e-009
4.889304931925806e-003	1.005506e+001	1.015561e-009
4.899733503354377e-003	1.005362e+001	1.015416e-009
4.910162074782949e-003	1.005219e+001	1.015271e-009
4.920590646211520e-003	1.005077e+001	1.015128e-009
4.931019217640092e-003	1.004935e+001	1.014985e-009
4.938590646211521e-003	1.004833e+001	1.014881e-009
4.946162074782949e-003	1.004730e+001	1.014778e-009
4.953733503354377e-003	1.004629e+001	1.014675e-009
4.961304931925805e-003	1.004527e+001	1.014572e-009
4.968876360497234e-003	1.004425e+001	1.014470e-009
4.976447789068662e-003	1.004324e+001	1.014368e-009
4.984019217640091e-003	1.004224e+001	1.014266e-009
4.989873615120078e-003	1.004146e+001	1.014187e-009
4.995728012600065e-003	1.004068e+001	1.014109e-009
5.001582410080052e-003	1.003991e+001	1.014031e-009
5.007436807560039e-003	1.003914e+001	1.013953e-009
5.013291205040026e-003	1.003836e+001	1.013875e-009
5.019145602520013e-003	1.003760e+001	1.013797e-009
5.025000000000000e-003	1.003683e+001	1.013720e-009
5.029571428571428e-003	1.003623e+001	1.013659e-009
5.034142857142857e-003	1.003563e+001	1.013599e-009
5.038714285714285e-003	1.003504e+001	1.013539e-009
5.043285714285715e-003	1.003444e+001	1.013479e-009
5.047857142857143e-003	1.003385e+001	1.013419e-009
5.052428571428571e-003	1.003326e+001	1.013359e-009
5.057000000000000e-003	1.003266e+001	1.013299e-009
5.060571428571428e-003	1.003220e+001	1.013252e-009
5.064142857142857e-003	1.003174e+001	1.013206e-009
5.067714285714286e-003	1.003128e+001	1.013159e-009
5.071285714285714e-003	1.003082e+001	1.013113e-009
5.074857142857142e-003	1.003036e+001	1.013066e-009
5.078428571428571e-003	1.002990e+001	1.013020e-009
5.082000000000000e-003	1.002944e+001	1.012974e-009
5.085000000000000e-003	1.002906e+001	1.012935e-009
5.088000000000000e-003	1.002867e+001	1.012896e-009
5.091000000000000e-003	1.002829e+001	1.012857e-009
5.094000000000000e-003	1.002791e+001	1.012819e-009
5.097000000000000e-003	1.002752e+001	1.012780e-009
5.100000000000000e-003	1.002714e+001	1.012741e-009
5.103000000000000e-003	1.002676e+001	1.012703e-009
5.106000000000000e-003	1.002638e+001	1.012664e-009
5.109000000000000e-003	1.002599e+001	1.012625e-009
5.112000000000000e-003	1.002561e+001	1.012587e-009
5.115000000000000e-003	1.002523e+001	1.012548e-009
5.118000000000000e-003	1.002485e+001	1.012510e-009
5.121000000000000e-003	1.002447e+001	1.012472e-009
5.124000000000000e-003	1.002409e+001	1.012433e-009
5.127000000000000e-003	1.002371e+001	1.012395e-009
5.130000000000000e-003	1.002333e+001	1.012356e-009
5.132000000000000e-003	1.002308e+001	1.012331e-009
5.134000000000000e-003	1.002283e+001	1.012305e-009
5.136000000000000e-003	1.002257e+001	1.012280e-009
5.138000000000000e-003	1.002232e+001	1.012254e-009
5.140000000000000e-003	1.002207e+001	1.012229e-009
5.142000000000000e-003	1.002182e+001	1.012203e-009
5.143000000000000e-003	1.002169e+001	1.012191e-009
5.144000000000000e-003	1.002156e+001	1.012178e-009
5.145000000000000e-003	1.002144e+001	1.012165e-009
5.146000000000000e-003	1.002131e+001	1.012152e-009
5.147000000000000e-003	1.002118e+001	1.012140e-009
5.148000000000000e-003	1.002106e+001	1.012127e-009
5.149000000000000e-003	1.002093e+001	1.012114e-009
5.150000000000000e-003	1.002081e+001	1.012101e-009
5.151000000000000e-003	1.002068e+001	1.012089e-009
5.152000000000000e-003	1.002055e+001	1.012076e-009
5.153000000000000e-003	1.002043e+001	1.012063e-009
5.154000000000000e-003	1.002030e+001	1.012051e-009
5.155000000000000e-003	1.002018e+001	1.012038e-009
5.156000000000000e-003	1.002005e+001	1.012025e-009
5.157000000000000e-003	1.001992e+001	1.012012e-009
5.158000000000000e-003	1.001980e+001	1.012000e-009
5.159000000000000e-003	1.001967e+001	1.011987e-009
5.160000000000000e-003	1.001955e+001	1.011974e-009
5.162000000000000e-003	1.001929e+001	1.011949e-009
5.164000000000000e-003	1.001904e+001	1.011923e-009
5.166000000000001e-003	1.001879e+001	1.011898e-009
5.169000000000000e-003	1.001842e+001	1.011860e-009
5.171000000000000e-003	1.001816e+001	1.011835e-009
5.173000000000000e-003	1.001791e+001	1.011809e-009
5.175000000000000e-003	1.001766e+001	1.011784e-009
5.177000000000000e-003	1.001741e+001	1.011758e-009
5.179000000000000e-003	1.001716e+001	1.011733e-009
5.181000000000000e-003	1.001691e+001	1.011708e-009
5.183000000000000e-003	1.001666e+001	1.011683e-009
5.190714285714286e-003	1.001569e+001	1.011585e-009
5.198428571428572e-003	1.001473e+001	1.011487e-009
5.206142857142857e-003	1.001376e+001	1.011390e-009
5.213857142857143e-003	1.001280e+001	1.011293e-009
5.221571428571429e-003	1.001184e+001	1.011195e-009
5.229285714285715e-003	1.001087e+001	1.011098e-009
5.237000000000000e-003	1.000992e+001	1.011002e-009
5.243571428571429e-003	1.000910e+001	1.010919e-009
5.250142857142858e-003	1.000828e+001	1.010837e-009
5.256714285714286e-003	1.000747e+001	1.010754e-009
5.263285714285714e-003	1.000666e+001	1.010672e-009
5.269857142857143e-003	1.000585e+001	1.010590e-009
5.276428571428572e-003	1.000504e+001	1.010509e-009
5.283000000000000e-003	1.000423e+001	1.010427e-009
5.285000000000001e-003	1.000398e+001	1.010402e-009
5.287000000000000e-003	1.000374e+001	1.010377e-009
5.289000000000000e-003	1.000349e+001	1.010353e-009
5.291000000000000e-003	1.000324e+001	1.010328e-009
5.293000000000000e-003	1.000300e+001	1.010303e-009
5.294999999999999e-003	1.000276e+001	1.010278e-009
5.297000000000000e-003	1.000251e+001	1.010254e-009
5.299000000000000e-003	1.000227e+001	1.010229e-009
5.301000000000000e-003	1.000202e+001	1.010204e-009
5.302000000000000e-003	1.000190e+001	1.010192e-009
5.303000000000000e-003	1.000178e+001	1.010180e-009
5.304000000000000e-003	1.000166e+001	1.010167e-009
5.305000000000000e-003	1.000153e+001	1.010155e-009
5.306000000000000e-003	1.000141e+001	1.010143e-009
5.307000000000000e-003	1.000129e+001	1.010130e-009
5.308000000000000e-003	1.000117e+001	1.010118e-009
5.309000000000000e-003	1.000105e+001	1.010106e-009
5.310000000000001e-003	1.000093e+001	1.010094e-009
5.311000000000000e-003	1.000081e+001	1.010082e-009
5.312000000000000e-003	1.000069e+001	1.010069e-009
5.313000000000000e-003	1.000057e+001	1.010057e-009
5.314000000000000e-003	1.000045e+001	1.010045e-009
5.315000000000000e-003	1.000033e+001	1.010033e-009
5.316000000000000e-003	1.000021e+001	1.010022e-009
5.317000000000000e-003	1.000010e+001	1.010010e-009
5.318000000000000e-003	9.999988e+000	1.009999e-009
5.319000000000000e-003	9.999882e+000	1.009988e-009
5.320000000000000e-003	9.999781e+000	1.009978e-009
5.321000000000000e-003	9.999689e+000	1.009969e-009
5.322000000000000e-003	9.999611e+000	1.009961e-009
5.323000000000001e-003	9.999551e+000	1.009955e-009
5.324000000000000e-003	9.999512e+000	1.009951e-009
5.325000000000000e-003	9.999501e+000	1.009950e-009
5.326000000000000e-003	9.999521e+000	1.009952e-009
5.327000000000000e-003	9.999572e+000	1.009957e-009
5.328000000000000e-003	9.999648e+000	1.009965e-009
5.329000000000000e-003	9.999743e+000	1.009974e-009
5.330000000000000e-003	9.999843e+000	1.009984e-009
5.331000000000000e-003	9.999937e+000	1.009994e-009
5.332000000000000e-003	1.000002e+001	1.010002e-009
5.333000000000000e-003	1.000008e+001	1.010008e-009
5.334000000000000e-003	1.000013e+001	1.010013e-009
5.335000000000000e-003	1.000016e+001	1.010016e-009
5.336000000000001e-003	1.000017e+001	1.010017e-009
5.337000000000000e-003	1.000018e+001	1.010018e-009
5.338000000000000e-003	1.000017e+001	1.010017e-009
5.339000000000000e-003	1.000016e+001	1.010017e-009
5.340000000000000e-003	1.000015e+001	1.010015e-009
5.341000000000000e-003	1.000013e+001	1.010013e-009
5.342000000000000e-003	1.000011e+001	1.010011e-009
5.343000000000000e-003	1.000009e+001	1.010009e-009
5.344000000000000e-003	1.000007e+001	1.010007e-009
5.345000000000000e-003	1.000005e+001	1.010005e-009
5.346000000000000e-003	1.000002e+001	1.010002e-009
5.347000000000000e-003	1.000000e+001	1.010000e-009
5.348000000000000e-003	9.999975e+000	1.009998e-009
5.349000000000001e-003	9.999951e+000	1.009995e-009
5.350000000000000e-003	9.999927e+000	1.009993e-009
5.351000000000000e-003	9.999903e+000	1.009990e-009
5.352000000000000e-003	9.999878e+000	1.009988e-009
5.353000000000000e-003	9.999855e+000	1.009985e-009
5.354000000000000e-003	9.999830e+000	1.009983e-009
5.355000000000000e-003	9.999807e+000	1.009980e-009
5.356000000000000e-003	9.999783e+000	1.009978e-009
5.357000000000000e-003	9.999760e+000	1.009976e-009
5.358000000000000e-003	9.999737e+000	1.009973e-009
5.359000000000000e-003	9.999714e+000	1.009971e-009
5.360000000000000e-003	9.999691e+000	1.009969e-009
5.361000000000000e-003	9.999668e+000	1.009966e-009
5.362000000000000e-003	9.999645e+000	1.009964e-009
5.363000000000000e-003	9.999624e+000	1.009962e-009
5.364000000000000e-003	9.999601e+000	1.009960e-009
5.365000000000000e-003	9.999580e+000	1.009958e-009
5.366000000000000e-003	9.999558e+000	1.009955e-009
5.367000000000000e-003	9.999537e+000	1.009953e-009
5.368000000000000e-003	9.999516e+000	1.009951e-009
5.369000000000000e-003	9.999495e+000	1.009949e-009
5.370000000000000e-003	9.999474e+000	1.009947e-009
5.371000000000000e-003	9.999454e+000	1.009945e-009
5.372000000000000e-003	9.999433e+000	1.009943e-009
5.373000000000000e-003	9.999413e+000	1.009941e-009
5.374000000000000e-003	9.999392e+000	1.009939e-009
5.375000000000000e-003	9.999372e+000	1.009937e-009
5.376000000000000e-003	9.999352e+000	1.009935e-009
5.377000000000000e-003	9.999332e+000	1.009933e-009
5.379000000000000e-003	9.999294e+000	1.009929e-009
5.382000000000000e-003	9.999236e+000	1.009923e-009
5.385000000000000e-003	9.999180e+000	1.009917e-009
5.388000000000000e-003	9.999125e+000	1.009912e-009
5.391000000000000e-003	9.999070e+000	1.009906e-009
5.394000000000000e-003	9.999017e+000	1.009901e-009
5.397000000000000e-003	9.998964e+000	1.009896e-009
5.400000000000000e-003	9.998914e+000	1.009890e-009
5.401428571428572e-003	9.998890e+000	1.009888e-009
5.402857142857143e-003	9.998866e+000	1.009885e-009
5.404285714285715e-003	9.998843e+000	1.009883e-009
5.405714285714285e-003	9.998819e+000	1.009881e-009
5.407142857142857e-003	9.998796e+000	1.009878e-009
5.408571428571428e-003	9.998773e+000	1.009876e-009
5.410000000000000e-003	9.998750e+000	1.009874e-009
5.411571428571429e-003	9.998724e+000	1.009871e-009
5.413142857142857e-003	9.998700e+000	1.009869e-009
5.414714285714286e-003	9.998675e+000	1.009866e-009
5.416285714285715e-003	9.998651e+000	1.009864e-009
5.417857142857144e-003	9.998627e+000	1.009861e-009
5.419428571428572e-003	9.998604e+000	1.009859e-009
5.421000000000001e-003	9.998581e+000	1.009857e-009
5.422714285714286e-003	9.998556e+000	1.009854e-009
5.424428571428572e-003	9.998530e+000	1.009852e-009
5.426142857142858e-003	9.998506e+000	1.009849e-009
5.427857142857143e-003	9.998481e+000	1.009847e-009
5.429571428571429e-003	9.998456e+000	1.009844e-009
5.431285714285715e-003	9.998432e+000	1.009842e-009
5.433000000000000e-003	9.998408e+000	1.009839e-009
5.434714285714286e-003	9.998385e+000	1.009837e-009
5.436428571428572e-003	9.998362e+000	1.009835e-009
5.438142857142858e-003	9.998339e+000	1.009832e-009
5.439857142857143e-003	9.998316e+000	1.009830e-009
5.441571428571428e-003	9.998293e+000	1.009828e-009
5.443285714285715e-003	9.998271e+000	1.009825e-009
5.445000000000000e-003	9.998249e+000	1.009823e-009
5.446857142857143e-003	9.998225e+000	1.009821e-009
5.448714285714286e-003	9.998202e+000	1.009818e-009
5.450571428571429e-003	9.998179e+000	1.009816e-009
5.452428571428572e-003	9.998156e+000	1.009814e-009
5.454285714285715e-003	9.998133e+000	1.009811e-009
5.456142857142857e-003	9.998111e+000	1.009809e-009
5.458000000000000e-003	9.998089e+000	1.009807e-009
5.460000000000000e-003	9.998065e+000	1.009805e-009
5.462000000000000e-003	9.998041e+000	1.009802e-009
5.464000000000000e-003	9.998018e+000	1.009800e-009
5.466000000000000e-003	9.997995e+000	1.009798e-009
5.468000000000001e-003	9.997973e+000	1.009795e-009
5.470000000000000e-003	9.997951e+000	1.009793e-009
5.472000000000000e-003	9.997930e+000	1.009791e-009
5.474285714285715e-003	9.997905e+000	1.009788e-009
5.476571428571429e-003	9.997880e+000	1.009786e-009
5.478857142857143e-003	9.997856e+000	1.009783e-009
5.481142857142857e-003	9.997832e+000	1.009781e-009
5.483428571428571e-003	9.997808e+000	1.009779e-009
5.485714285714286e-003	9.997785e+000	1.009776e-009
5.488000000000000e-003	9.997763e+000	1.009774e-009
5.490857142857143e-003	9.997735e+000	1.009771e-009
5.493714285714286e-003	9.997707e+000	1.009768e-009
5.496571428571429e-003	9.997680e+000	1.009766e-009
5.499428571428571e-003	9.997653e+000	1.009763e-009
5.502285714285714e-003	9.997627e+000	1.009760e-009
5.505142857142857e-003	9.997601e+000	1.009758e-009
5.508000000000000e-003	9.997576e+000	1.009755e-009
5.512000000000000e-003	9.997541e+000	1.009752e-009
5.516000000000000e-003	9.997507e+000	1.009748e-009
5.520000000000000e-003	9.997474e+000	1.009745e-009
5.524000000000000e-003	9.997441e+000	1.009742e-009
5.528000000000000e-003	9.997410e+000	1.009738e-009
5.532000000000001e-003	9.997379e+000	1.009735e-009
5.536000000000000e-003	9.997349e+000	1.009732e-009
5.540142857142857e-003	9.997319e+000	1.009729e-009
5.544285714285714e-003	9.997289e+000	1.009726e-009
5.548428571428571e-003	9.997260e+000	1.009723e-009
5.552571428571429e-003	9.997232e+000	1.009720e-009
5.556714285714286e-003	9.997204e+000	1.009718e-009
5.560857142857143e-003	9.997177e+000	1.009715e-009
5.565000000000001e-003	9.997150e+000	1.009712e-009
5.580142857142857e-003	9.997061e+000	1.009703e-009
5.595285714285715e-003	9.996978e+000	1.009695e-009
5.610428571428572e-003	9.996901e+000	1.009687e-009
5.625571428571429e-003	9.996830e+000	1.009680e-009
5.640714285714285e-003	9.996765e+000	1.009673e-009
5.655857142857143e-003	9.996707e+000	1.009667e-009
5.671000000000000e-003	9.996655e+000	1.009662e-009
5.686714285714285e-003	9.996604e+000	1.009657e-009
5.702428571428572e-003	9.996558e+000	1.009652e-009
5.718142857142857e-003	9.996514e+000	1.009648e-009
5.733857142857143e-003	9.996475e+000	1.009644e-009
5.749571428571429e-003	9.996439e+000	1.009640e-009
5.765285714285715e-003	9.996407e+000	1.009637e-009
5.781000000000001e-003	9.996378e+000	1.009634e-009
5.795285714285715e-003	9.996353e+000	1.009632e-009
5.809571428571429e-003	9.996330e+000	1.009629e-009
5.823857142857143e-003	9.996309e+000	1.009627e-009
5.838142857142858e-003	9.996289e+000	1.009625e-009
5.852428571428572e-003	9.996271e+000	1.009623e-009
5.866714285714286e-003	9.996254e+000	1.009622e-009
5.881000000000000e-003	9.996239e+000	1.009620e-009
5.882000000000000e-003	9.996239e+000	1.009620e-009
5.898428571428572e-003	9.996223e+000	1.009618e-009
5.914857142857143e-003	9.996208e+000	1.009617e-009
5.931285714285715e-003	9.996195e+000	1.009616e-009
5.947714285714286e-003	9.996182e+000	1.009614e-009
5.964142857142858e-003	9.996171e+000	1.009613e-009
5.980571428571429e-003	9.996161e+000	1.009612e-009
5.997000000000001e-003	9.996152e+000	1.009611e-009
6.013714285714286e-003	9.996144e+000	1.009611e-009
6.030428571428572e-003	9.996136e+000	1.009610e-009
6.047142857142858e-003	9.996129e+000	1.009609e-009
6.063857142857143e-003	9.996122e+000	1.009608e-009
6.080571428571429e-003	9.996116e+000	1.009608e-009
6.097285714285715e-003	9.996111e+000	1.009607e-009
6.114000000000001e-003	9.996106e+000	1.009607e-009
6.131428571428572e-003	9.996102e+000	1.009606e-009
6.148857142857143e-003	9.996098e+000	1.009606e-009
6.166285714285714e-003	9.996094e+000	1.009605e-009
6.183714285714286e-003	9.996090e+000	1.009605e-009
6.201142857142857e-003	9.996087e+000	1.009605e-009
6.218571428571429e-003	9.996084e+000	1.009604e-009
6.236000000000000e-003	9.996081e+000	1.009604e-009
6.254428571428571e-003	9.996079e+000	1.009604e-009
6.272857142857143e-003	9.996077e+000	1.009604e-009
6.291285714285715e-003	9.996075e+000	1.009603e-009
6.309714285714286e-003	9.996073e+000	1.009603e-009
6.328142857142857e-003	9.996071e+000	1.009603e-009
6.346571428571429e-003	9.996070e+000	1.009603e-009
6.365000000000000e-003	9.996069e+000	1.009603e-009
6.385428571428571e-003	9.996067e+000	1.009603e-009
6.405857142857143e-003	9.996066e+000	1.009603e-009
6.426285714285714e-003	9.996065e+000	1.009603e-009
6.446714285714286e-003	9.996064e+000	1.009602e-009
6.467142857142857e-003	9.996063e+000	1.009602e-009
6.487571428571429e-003	9.996062e+000	1.009602e-009
6.508000000000000e-003	9.996061e+000	1.009602e-009
6.532428571428571e-003	9.996061e+000	1.009602e-009
6.556857142857143e-003	9.996060e+000	1.009602e-009
6.581285714285714e-003	9.996060e+000	1.009602e-009
6.605714285714286e-003	9.996059e+000	1.009602e-009
6.630142857142857e-003	9.996059e+000	1.009602e-009
6.654571428571429e-003	9.996058e+000	1.009602e-009
6.679000000000000e-003	9.996058e+000	1.009602e-009
6.711285714285715e-003	9.996058e+000	1.009602e-009
6.743571428571429e-003	9.996058e+000	1.009602e-009
6.775857142857143e-003	9.996058e+000	1.009602e-009
6.808142857142857e-003	9.996057e+000	1.009602e-009
6.840428571428572e-003	9.996057e+000	1.009602e-009
6.872714285714286e-003	9.996057e+000	1.009602e-009
6.905000000000001e-003	9.996057e+000	1.009602e-009
6.906000000000001e-003	9.996057e+000	1.009602e-009
6.999000000000000e-003	9.996057e+000	1.009602e-009
7.000000000000000e-003	9.996057e+000	1.009602e-009
