time	V(vout)	-I(Rl)
0.000000000000000e+000	9.996057e+000	1.009602e-009
1.999000000000000e-003	9.996057e+000	1.009602e-009
1.999004923631978e-003	9.448872e+000	6.116852e-001
1.999014770895935e-003	9.191786e+000	9.191785e-001
1.999016893966214e-003	9.203712e+000	9.203712e-001
1.999018329811095e-003	9.211293e+000	9.211293e-001
1.999019175753126e-003	9.216171e+000	9.216172e-001
1.999020170539958e-003	9.222749e+000	9.222748e-001
1.999021089380013e-003	9.227983e+000	9.227982e-001
1.999021818778611e-003	9.232350e+000	9.232351e-001
1.999022462807277e-003	9.235990e+000	9.235989e-001
1.999023117434673e-003	9.239891e+000	9.239891e-001
1.999023753184584e-003	9.243542e+000	9.243542e-001
1.999024500140912e-003	9.247893e+000	9.247893e-001
1.999025425154049e-003	9.253201e+000	9.253200e-001
1.999026686357011e-003	9.260392e+000	9.260392e-001
1.999028605601812e-003	9.271136e+000	9.271136e-001
1.999031621320683e-003	9.287485e+000	9.287485e-001
1.999036877696588e-003	9.314511e+000	9.314511e-001
1.999042777642436e-003	9.342644e+000	9.342644e-001
1.999048887347006e-003	9.369077e+000	9.369076e-001
1.999055162817962e-003	9.393402e+000	9.393402e-001
1.999061305281713e-003	9.414529e+000	9.414529e-001
1.999067777652405e-003	9.434089e+000	9.434089e-001
1.999074678365628e-003	9.452137e+000	9.452136e-001
1.999082945706560e-003	9.470359e+000	9.470358e-001
1.999093427633937e-003	9.489268e+000	9.489268e-001
1.999105041721158e-003	9.505837e+000	9.505838e-001
1.999119809454795e-003	9.522264e+000	9.522265e-001
1.999134856690634e-003	9.535939e+000	9.535939e-001
1.999147370785714e-003	9.546372e+000	9.546372e-001
1.999157877193352e-003	9.556114e+000	9.556113e-001
1.999170149050880e-003	9.571165e+000	9.571165e-001
1.999181745775379e-003	9.592422e+000	9.592422e-001
1.999194504925446e-003	9.628716e+000	9.628715e-001
1.999208896396067e-003	9.689485e+000	9.689485e-001
1.999224335640862e-003	9.779079e+000	9.779080e-001
1.999241210096076e-003	9.901469e+000	9.901469e-001
1.999255561179307e-003	1.001997e+001	1.001997e+000
1.999262175268422e-003	1.007781e+001	1.007781e+000
1.999265561772515e-003	1.010786e+001	1.010786e+000
1.999268018007334e-003	1.012966e+001	1.012966e+000
1.999270645764134e-003	1.015290e+001	1.015290e+000
1.999273219465216e-003	1.017556e+001	1.017556e+000
1.999275946335010e-003	1.019941e+001	1.019941e+000
1.999278227809182e-003	1.021922e+001	1.021922e+000
1.999280132848793e-003	1.023562e+001	1.023562e+000
1.999282202471150e-003	1.025328e+001	1.025328e+000
1.999284435350901e-003	1.027210e+001	1.027210e+000
1.999287927838345e-003	1.030108e+001	1.030108e+000
1.999291497341123e-003	1.033005e+001	1.033005e+000
1.999296277180044e-003	1.036778e+001	1.036778e+000
1.999300710439227e-003	1.040167e+001	1.040167e+000
1.999305389023380e-003	1.043621e+001	1.043621e+000
1.999309013532050e-003	1.046204e+001	1.046204e+000
1.999311993949801e-003	1.048250e+001	1.048250e+000
1.999315520945949e-003	1.050581e+001	1.050581e+000
1.999318949591947e-003	1.052768e+001	1.052768e+000
1.999321043590395e-003	1.054057e+001	1.054057e+000
1.999323161952959e-003	1.055317e+001	1.055317e+000
1.999325733058075e-003	1.056797e+001	1.056797e+000
1.999328530070130e-003	1.058345e+001	1.058345e+000
1.999331605712301e-003	1.059969e+001	1.059969e+000
1.999335215255817e-003	1.061764e+001	1.061764e+000
1.999340234232568e-003	1.064096e+001	1.064096e+000
1.999343894391978e-003	1.065668e+001	1.065668e+000
1.999347707376727e-003	1.067164e+001	1.067164e+000
1.999352505330948e-003	1.068867e+001	1.068867e+000
1.999357431352717e-003	1.070411e+001	1.070411e+000
1.999363064127598e-003	1.071922e+001	1.071922e+000
1.999368912780658e-003	1.073209e+001	1.073209e+000
1.999375518047520e-003	1.074281e+001	1.074281e+000
1.999386121558072e-003	1.075212e+001	1.075212e+000
1.999403720406641e-003	1.075377e+001	1.075377e+000
1.999418003750098e-003	1.074551e+001	1.074551e+000
1.999430082834836e-003	1.073341e+001	1.073341e+000
1.999441312345100e-003	1.072091e+001	1.072091e+000
1.999452379653604e-003	1.070906e+001	1.070906e+000
1.999464470798399e-003	1.069701e+001	1.069701e+000
1.999478150315476e-003	1.068410e+001	1.068410e+000
1.999494982074389e-003	1.066874e+001	1.066874e+000
1.999512005786882e-003	1.065354e+001	1.065354e+000
1.999528921519190e-003	1.063871e+001	1.063871e+000
1.999547728888405e-003	1.062253e+001	1.062253e+000
1.999567565640666e-003	1.060579e+001	1.060579e+000
1.999588314608722e-003	1.058872e+001	1.058872e+000
1.999610537418807e-003	1.057181e+001	1.057181e+000
1.999631630931090e-003	1.055808e+001	1.055808e+000
1.999654314794844e-003	1.054442e+001	1.054442e+000
1.999677469602943e-003	1.052935e+001	1.052935e+000
1.999704069646994e-003	1.051056e+001	1.051056e+000
1.999731230578825e-003	1.049077e+001	1.049077e+000
1.999759539107110e-003	1.047010e+001	1.047010e+000
1.999790802408230e-003	1.044760e+001	1.044760e+000
1.999824510113391e-003	1.042386e+001	1.042386e+000
1.999860835598390e-003	1.039895e+001	1.039895e+000
1.999903313674143e-003	1.037076e+001	1.037076e+000
1.999968112567407e-003	1.032938e+001	1.032938e+000
2.000033592259352e-003	1.028930e+001	1.028930e+000
2.000098383660184e-003	1.025162e+001	1.025162e+000
2.000199398421855e-003	1.019593e+001	1.019593e+000
2.000291698560201e-003	1.014779e+001	1.014778e+000
2.000379648272222e-003	1.010427e+001	1.010427e+000
2.000434763237633e-003	1.007821e+001	1.007821e+000
2.000494760320308e-003	1.005094e+001	1.005094e+000
2.000550874588034e-003	1.002637e+001	1.002637e+000
2.000646734093646e-003	9.985844e+000	9.985843e-001
2.000695118201826e-003	9.965976e+000	9.965976e-001
2.000735968670135e-003	9.949648e+000	9.949648e-001
2.000786289181561e-003	9.929951e+000	9.929950e-001
2.000831901013261e-003	9.912431e+000	9.912431e-001
2.000858261590742e-003	9.902491e+000	9.902490e-001
2.000889400482408e-003	9.890948e+000	9.890949e-001
2.000927780710036e-003	9.876949e+000	9.876949e-001
2.000964026895314e-003	9.863957e+000	9.863957e-001
2.001000734263631e-003	9.851046e+000	9.851045e-001
2.001040469874531e-003	9.837353e+000	9.837353e-001
2.001086093039115e-003	9.822025e+000	9.822026e-001
2.001138046725818e-003	9.805198e+000	9.805198e-001
2.001197789080381e-003	9.787110e+000	9.787110e-001
2.001271220373713e-003	9.767814e+000	9.767814e-001
2.001346925962260e-003	9.752784e+000	9.752784e-001
2.001406285225544e-003	9.746020e+000	9.746020e-001
2.001458513848227e-003	9.744308e+000	9.744308e-001
2.001493136114754e-003	9.745288e+000	9.745288e-001
2.001528335428018e-003	9.747740e+000	9.747739e-001
2.001567518085758e-003	9.751403e+000	9.751402e-001
2.001605177570638e-003	9.755413e+000	9.755413e-001
2.001649257582620e-003	9.760291e+000	9.760292e-001
2.001684487301773e-003	9.764124e+000	9.764124e-001
2.001719714313676e-003	9.767793e+000	9.767793e-001
2.001754948878923e-003	9.771265e+000	9.771265e-001
2.001806528123630e-003	9.776072e+000	9.776071e-001
2.001861031669346e-003	9.780924e+000	9.780924e-001
2.001927294202907e-003	9.786662e+000	9.786662e-001
2.002009764348529e-003	9.793773e+000	9.793772e-001
2.002111294285311e-003	9.802610e+000	9.802610e-001
2.002227905206062e-003	9.812869e+000	9.812869e-001
2.002352301905072e-003	9.823859e+000	9.823859e-001
2.002561977037454e-003	9.842346e+000	9.842347e-001
2.002843013797182e-003	9.866964e+000	9.866965e-001
2.003056361312578e-003	9.885355e+000	9.885355e-001
2.003261826379776e-003	9.902438e+000	9.902438e-001
2.003480675647887e-003	9.919400e+000	9.919401e-001
2.003714122884653e-003	9.934963e+000	9.934964e-001
2.004088388485730e-003	9.954601e+000	9.954602e-001
2.004376104301508e-003	9.965425e+000	9.965425e-001
2.004679844223962e-003	9.972836e+000	9.972836e-001
2.005063789015664e-003	9.978653e+000	9.978653e-001
2.005549594864388e-003	9.982777e+000	9.982776e-001
2.006156467233759e-003	9.985311e+000	9.985311e-001
2.006802179669543e-003	9.986466e+000	9.986466e-001
2.007571519025969e-003	9.986961e+000	9.986961e-001
2.008725946830774e-003	9.987199e+000	9.987199e-001
2.010006801196072e-003	9.987287e+000	9.987286e-001
2.012568509926667e-003	9.987378e+000	9.987378e-001
2.015732709980387e-003	9.987484e+000	9.987485e-001
2.022061110087829e-003	9.987697e+000	9.987697e-001
2.028897047587828e-003	9.987924e+000	9.987924e-001
2.035732985087828e-003	9.988145e+000	9.988145e-001
2.042568922587828e-003	9.988361e+000	9.988361e-001
2.049404860087829e-003	9.988570e+000	9.988570e-001
2.056240797587828e-003	9.988773e+000	9.988773e-001
2.063076735087828e-003	9.988970e+000	9.988970e-001
2.069912672587829e-003	9.989160e+000	9.989160e-001
2.076748610087829e-003	9.989344e+000	9.989344e-001
2.083584547587828e-003	9.989521e+000	9.989522e-001
2.090420485087828e-003	9.989694e+000	9.989694e-001
2.097256422587829e-003	9.989860e+000	9.989860e-001
2.104092360087829e-003	9.990021e+000	9.990021e-001
2.110928297587828e-003	9.990176e+000	9.990177e-001
2.117764235087828e-003	9.990327e+000	9.990327e-001
2.124600172587829e-003	9.990472e+000	9.990472e-001
2.131436110087829e-003	9.990612e+000	9.990612e-001
2.138272047587828e-003	9.990748e+000	9.990748e-001
2.145107985087828e-003	9.990879e+000	9.990879e-001
2.151943922587829e-003	9.991006e+000	9.991006e-001
2.158779860087828e-003	9.991128e+000	9.991128e-001
2.165615797587828e-003	9.991246e+000	9.991246e-001
2.172451735087828e-003	9.991361e+000	9.991360e-001
2.179287672587829e-003	9.991470e+000	9.991471e-001
2.186123610087828e-003	9.991577e+000	9.991577e-001
2.192959547587828e-003	9.991679e+000	9.991680e-001
2.199795485087829e-003	9.991778e+000	9.991779e-001
2.206631422587829e-003	9.991875e+000	9.991875e-001
2.213467360087828e-003	9.991967e+000	9.991967e-001
2.220303297587828e-003	9.992056e+000	9.992056e-001
2.227139235087829e-003	9.992143e+000	9.992143e-001
2.233975172587829e-003	9.992226e+000	9.992226e-001
2.240811110087828e-003	9.992306e+000	9.992306e-001
2.247647047587828e-003	9.992383e+000	9.992383e-001
2.254482985087829e-003	9.992458e+000	9.992458e-001
2.261318922587829e-003	9.992530e+000	9.992530e-001
2.268154860087828e-003	9.992599e+000	9.992600e-001
2.274990797587828e-003	9.992667e+000	9.992667e-001
2.281826735087829e-003	9.992732e+000	9.992732e-001
2.288662672587828e-003	9.992794e+000	9.992794e-001
2.295498610087828e-003	9.992855e+000	9.992855e-001
2.302334547587828e-003	9.992912e+000	9.992913e-001
2.309170485087829e-003	9.992970e+000	9.992969e-001
2.316006422587828e-003	9.993023e+000	9.993023e-001
2.322842360087828e-003	9.993075e+000	9.993075e-001
2.329678297587829e-003	9.993126e+000	9.993126e-001
2.336514235087829e-003	9.993175e+000	9.993175e-001
2.343350172587828e-003	9.993221e+000	9.993222e-001
2.350186110087828e-003	9.993267e+000	9.993267e-001
2.357022047587829e-003	9.993310e+000	9.993311e-001
2.363857985087829e-003	9.993352e+000	9.993352e-001
2.370693922587828e-003	9.993393e+000	9.993393e-001
2.377529860087828e-003	9.993432e+000	9.993432e-001
2.384365797587829e-003	9.993470e+000	9.993470e-001
2.391201735087828e-003	9.993506e+000	9.993507e-001
2.398037672587828e-003	9.993542e+000	9.993541e-001
2.404873610087828e-003	9.993576e+000	9.993575e-001
2.411709547587829e-003	9.993608e+000	9.993608e-001
2.418545485087828e-003	9.993639e+000	9.993639e-001
2.425381422587828e-003	9.993670e+000	9.993670e-001
2.432217360087829e-003	9.993699e+000	9.993699e-001
2.439053297587829e-003	9.993727e+000	9.993727e-001
2.445889235087828e-003	9.993754e+000	9.993755e-001
2.452725172587828e-003	9.993780e+000	9.993781e-001
2.459561110087829e-003	9.993806e+000	9.993806e-001
2.466397047587829e-003	9.993830e+000	9.993830e-001
2.473232985087828e-003	9.993854e+000	9.993854e-001
2.480068922587828e-003	9.993876e+000	9.993876e-001
2.486904860087829e-003	9.993898e+000	9.993898e-001
2.493740797587829e-003	9.993919e+000	9.993919e-001
2.500576735087828e-003	9.993939e+000	9.993939e-001
2.507412672587828e-003	9.993959e+000	9.993959e-001
2.514248610087829e-003	9.993978e+000	9.993978e-001
2.521084547587828e-003	9.993996e+000	9.993997e-001
2.527920485087828e-003	9.994014e+000	9.994014e-001
2.534756422587828e-003	9.994030e+000	9.994031e-001
2.541592360087829e-003	9.994047e+000	9.994047e-001
2.548428297587828e-003	9.994062e+000	9.994063e-001
2.555264235087828e-003	9.994078e+000	9.994078e-001
2.562100172587829e-003	9.994093e+000	9.994092e-001
2.568936110087829e-003	9.994106e+000	9.994106e-001
2.575772047587828e-003	9.994120e+000	9.994120e-001
2.582607985087828e-003	9.994133e+000	9.994133e-001
2.589443922587829e-003	9.994145e+000	9.994146e-001
2.603115797587828e-003	9.994169e+000	9.994169e-001
2.609951735087828e-003	9.994181e+000	9.994181e-001
2.616787672587829e-003	9.994191e+000	9.994192e-001
2.623623610087829e-003	9.994202e+000	9.994202e-001
2.630459547587828e-003	9.994212e+000	9.994212e-001
2.637295485087828e-003	9.994223e+000	9.994222e-001
2.644131422587829e-003	9.994231e+000	9.994231e-001
2.650967360087828e-003	9.994240e+000	9.994240e-001
2.657803297587828e-003	9.994249e+000	9.994249e-001
2.664639235087828e-003	9.994257e+000	9.994258e-001
2.671475172587829e-003	9.994266e+000	9.994265e-001
2.678311110087828e-003	9.994273e+000	9.994273e-001
2.691982985087829e-003	9.994288e+000	9.994288e-001
2.698818922587829e-003	9.994295e+000	9.994295e-001
2.705654860087828e-003	9.994302e+000	9.994302e-001
2.712490797587828e-003	9.994308e+000	9.994308e-001
2.719326735087829e-003	9.994314e+000	9.994314e-001
2.726162672587829e-003	9.994320e+000	9.994320e-001
2.732998610087828e-003	9.994326e+000	9.994326e-001
2.739834547587828e-003	9.994331e+000	9.994332e-001
2.746670485087829e-003	9.994337e+000	9.994338e-001
2.753506422587828e-003	9.994343e+000	9.994342e-001
2.760342360087828e-003	9.994348e+000	9.994348e-001
2.767178297587828e-003	9.994352e+000	9.994352e-001
2.780850172587828e-003	9.994361e+000	9.994361e-001
2.794522047587828e-003	9.994370e+000	9.994370e-001
2.808193922587828e-003	9.994378e+000	9.994377e-001
2.815029860087828e-003	9.994382e+000	9.994382e-001
2.821865797587829e-003	9.994385e+000	9.994385e-001
2.828701735087829e-003	9.994389e+000	9.994389e-001
2.835537672587828e-003	9.994391e+000	9.994392e-001
2.842373610087828e-003	9.994395e+000	9.994395e-001
2.856045485087829e-003	9.994401e+000	9.994401e-001
2.869717360087828e-003	9.994407e+000	9.994407e-001
2.883389235087828e-003	9.994412e+000	9.994412e-001
2.897061110087828e-003	9.994417e+000	9.994417e-001
2.917568922587828e-003	9.994423e+000	9.994423e-001
2.931240797587829e-003	9.994428e+000	9.994428e-001
2.944912672587828e-003	9.994431e+000	9.994431e-001
2.958584547587829e-003	9.994434e+000	9.994435e-001
2.979092360087829e-003	9.994440e+000	9.994439e-001
2.996670485087828e-003	9.994443e+000	9.994443e-001
3.014248610087829e-003	9.994446e+000	9.994446e-001
3.031826735087828e-003	9.994449e+000	9.994449e-001
3.049404860087829e-003	9.994452e+000	9.994452e-001
3.066982985087828e-003	9.994454e+000	9.994455e-001
3.084561110087829e-003	9.994457e+000	9.994457e-001
3.102139235087828e-003	9.994459e+000	9.994459e-001
3.120693922587829e-003	9.994461e+000	9.994461e-001
3.139248610087828e-003	9.994463e+000	9.994463e-001
3.157803297587828e-003	9.994464e+000	9.994464e-001
3.176357985087829e-003	9.994466e+000	9.994466e-001
3.194912672587829e-003	9.994467e+000	9.994467e-001
3.213467360087828e-003	9.994468e+000	9.994469e-001
3.232022047587828e-003	9.994470e+000	9.994470e-001
3.253506422587828e-003	9.994471e+000	9.994471e-001
3.274990797587828e-003	9.994472e+000	9.994472e-001
3.296475172587828e-003	9.994473e+000	9.994472e-001
3.317959547587829e-003	9.994474e+000	9.994473e-001
3.339443922587828e-003	9.994475e+000	9.994474e-001
3.360928297587829e-003	9.994475e+000	9.994475e-001
3.382412672587828e-003	9.994475e+000	9.994476e-001
3.408779860087829e-003	9.994476e+000	9.994476e-001
3.435147047587828e-003	9.994477e+000	9.994477e-001
3.461514235087828e-003	9.994477e+000	9.994477e-001
3.487881422587828e-003	9.994477e+000	9.994477e-001
3.514248610087829e-003	9.994478e+000	9.994478e-001
3.540615797587828e-003	9.994478e+000	9.994478e-001
3.566982985087828e-003	9.994478e+000	9.994478e-001
3.604092360087828e-003	9.994478e+000	9.994479e-001
3.641201735087828e-003	9.994479e+000	9.994479e-001
3.678311110087828e-003	9.994479e+000	9.994479e-001
3.715420485087829e-003	9.994479e+000	9.994479e-001
3.752529860087828e-003	9.994480e+000	9.994480e-001
3.789639235087829e-003	9.994480e+000	9.994480e-001
3.826748610087828e-003	9.994480e+000	9.994479e-001
3.850379389003853e-003	9.994480e+000	9.994479e-001
3.874010167919877e-003	9.994480e+000	9.994479e-001
3.897640946835902e-003	9.994480e+000	9.994479e-001
3.921271725751927e-003	9.994480e+000	9.994479e-001
3.944902504667951e-003	9.994480e+000	9.994479e-001
3.968533283583976e-003	9.994480e+000	9.994479e-001
3.992164062500000e-003	9.994480e+000	9.994479e-001
3.994869967324343e-003	9.994480e+000	9.994479e-001
3.999000000000000e-003	1.044838e+001	5.007481e-001
3.999008473740257e-003	1.060867e+001	3.331499e-001
3.999025421220772e-003	1.093415e+001	1.104350e-009
3.999029432204163e-003	1.092835e+001	1.103763e-009
3.999030242909862e-003	1.092819e+001	1.103747e-009
3.999031046976347e-003	1.092845e+001	1.103773e-009
3.999031772646691e-003	1.092763e+001	1.103691e-009
3.999032526313632e-003	1.092741e+001	1.103669e-009
3.999033275217102e-003	1.092693e+001	1.103619e-009
3.999034111844704e-003	1.092658e+001	1.103584e-009
3.999035316716537e-003	1.092600e+001	1.103526e-009
3.999037232192643e-003	1.092523e+001	1.103448e-009
3.999040462965603e-003	1.092398e+001	1.103322e-009
3.999044725172437e-003	1.092244e+001	1.103167e-009
3.999048323963671e-003	1.092119e+001	1.103040e-009
3.999052081693006e-003	1.091990e+001	1.102910e-009
3.999056148586666e-003	1.091851e+001	1.102770e-009
3.999061492795958e-003	1.091671e+001	1.102587e-009
3.999070304781710e-003	1.091374e+001	1.102288e-009
3.999079905510381e-003	1.091053e+001	1.101964e-009
3.999090930938273e-003	1.090689e+001	1.101596e-009
3.999106032869638e-003	1.090195e+001	1.101097e-009
3.999122085648096e-003	1.089680e+001	1.100577e-009
3.999139775893078e-003	1.089148e+001	1.100040e-009
3.999156183965675e-003	1.088763e+001	1.099651e-009
3.999168716772089e-003	1.088590e+001	1.099476e-009
3.999181065902826e-003	1.088475e+001	1.099360e-009
3.999193303462122e-003	1.088323e+001	1.099207e-009
3.999206491298742e-003	1.088095e+001	1.098976e-009
3.999219853312081e-003	1.087807e+001	1.098685e-009
3.999235018169475e-003	1.087429e+001	1.098303e-009
3.999251680675819e-003	1.086975e+001	1.097844e-009
3.999267429326460e-003	1.086522e+001	1.097388e-009
3.999284206708631e-003	1.086027e+001	1.096887e-009
3.999300313109138e-003	1.085545e+001	1.096400e-009
3.999317893642158e-003	1.085017e+001	1.095867e-009
3.999336009470005e-003	1.084475e+001	1.095319e-009
3.999357346703870e-003	1.083840e+001	1.094679e-009
3.999384845150382e-003	1.083031e+001	1.093861e-009
3.999404575544384e-003	1.082457e+001	1.093281e-009
3.999425427890418e-003	1.081858e+001	1.092677e-009
3.999450873912098e-003	1.081137e+001	1.091948e-009
3.999478148542188e-003	1.080376e+001	1.091180e-009
3.999514563600050e-003	1.079381e+001	1.090175e-009
3.999569762187405e-003	1.077910e+001	1.088689e-009
3.999625528160669e-003	1.076468e+001	1.087232e-009
3.999689759115319e-003	1.074864e+001	1.085613e-009
3.999770286528454e-003	1.072943e+001	1.083673e-009
3.999910076310150e-003	1.069793e+001	1.080491e-009
4.000054815050632e-003	1.066788e+001	1.077455e-009
4.000344292531596e-003	1.061500e+001	1.072115e-009
4.000858670611953e-003	1.053513e+001	1.064048e-009
4.001354285294488e-003	1.047250e+001	1.057723e-009
4.001983745130585e-003	1.040999e+001	1.051409e-009
4.002656041242017e-003	1.035884e+001	1.046243e-009
4.003564199438939e-003	1.030798e+001	1.041106e-009
4.004413818798727e-003	1.027373e+001	1.037647e-009
4.005178957231139e-003	1.025238e+001	1.035491e-009
4.006059870469538e-003	1.023571e+001	1.033806e-009
4.007008817024720e-003	1.022400e+001	1.032624e-009
4.008167345941702e-003	1.021545e+001	1.031761e-009
4.009624123933127e-003	1.020961e+001	1.031170e-009
4.011327115011608e-003	1.020624e+001	1.030830e-009
4.013312917758527e-003	1.020400e+001	1.030604e-009
4.015185452427628e-003	1.020230e+001	1.030432e-009
4.017307953767698e-003	1.020106e+001	1.030307e-009
4.019425525084883e-003	1.020042e+001	1.030243e-009
4.021688275973959e-003	1.019985e+001	1.030185e-009
4.024220070965948e-003	1.019923e+001	1.030122e-009
4.027269729022363e-003	1.019852e+001	1.030051e-009
4.031019524968199e-003	1.019768e+001	1.029966e-009
4.036107540432043e-003	1.019658e+001	1.029854e-009
4.041536588476172e-003	1.019544e+001	1.029739e-009
4.046381658646890e-003	1.019444e+001	1.029639e-009
4.051089495658121e-003	1.019350e+001	1.029543e-009
4.056182083693972e-003	1.019249e+001	1.029442e-009
4.061082112781383e-003	1.019153e+001	1.029345e-009
4.065815409872391e-003	1.019062e+001	1.029252e-009
4.070532572033230e-003	1.018971e+001	1.029161e-009
4.075347299024270e-003	1.018879e+001	1.029068e-009
4.080578738816058e-003	1.018779e+001	1.028967e-009
4.087003925900986e-003	1.018658e+001	1.028844e-009
4.093839863400986e-003	1.018529e+001	1.028714e-009
4.100675800900986e-003	1.018401e+001	1.028585e-009
4.107511738400986e-003	1.018273e+001	1.028456e-009
4.114347675900986e-003	1.018146e+001	1.028328e-009
4.121183613400986e-003	1.018019e+001	1.028200e-009
4.128019550900986e-003	1.017893e+001	1.028072e-009
4.134855488400986e-003	1.017767e+001	1.027944e-009
4.141691425900986e-003	1.017641e+001	1.027817e-009
4.148527363400986e-003	1.017516e+001	1.027691e-009
4.155363300900986e-003	1.017390e+001	1.027564e-009
4.162199238400986e-003	1.017266e+001	1.027438e-009
4.169035175900986e-003	1.017141e+001	1.027313e-009
4.175871113400986e-003	1.017017e+001	1.027187e-009
4.182707050900986e-003	1.016893e+001	1.027062e-009
4.189542988400986e-003	1.016770e+001	1.026937e-009
4.196378925900986e-003	1.016647e+001	1.026813e-009
4.203214863400986e-003	1.016524e+001	1.026689e-009
4.210050800900986e-003	1.016401e+001	1.026565e-009
4.216886738400986e-003	1.016279e+001	1.026442e-009
4.223722675900986e-003	1.016157e+001	1.026319e-009
4.230558613400986e-003	1.016035e+001	1.026196e-009
4.237394550900986e-003	1.015914e+001	1.026073e-009
4.244230488400986e-003	1.015793e+001	1.025951e-009
4.251066425900986e-003	1.015673e+001	1.025829e-009
4.257902363400986e-003	1.015552e+001	1.025708e-009
4.264738300900986e-003	1.015432e+001	1.025587e-009
4.271574238400986e-003	1.015312e+001	1.025466e-009
4.278410175900986e-003	1.015193e+001	1.025345e-009
4.285246113400986e-003	1.015074e+001	1.025225e-009
4.292082050900986e-003	1.014955e+001	1.025105e-009
4.298917988400986e-003	1.014837e+001	1.024985e-009
4.305753925900986e-003	1.014718e+001	1.024866e-009
4.312589863400986e-003	1.014601e+001	1.024747e-009
4.319425800900986e-003	1.014483e+001	1.024628e-009
4.326261738400986e-003	1.014366e+001	1.024509e-009
4.333097675900986e-003	1.014249e+001	1.024391e-009
4.339933613400986e-003	1.014132e+001	1.024273e-009
4.346769550900986e-003	1.014016e+001	1.024156e-009
4.353605488400986e-003	1.013900e+001	1.024039e-009
4.360441425900986e-003	1.013784e+001	1.023922e-009
4.367277363400986e-003	1.013668e+001	1.023805e-009
4.374113300900986e-003	1.013553e+001	1.023689e-009
4.380949238400986e-003	1.013438e+001	1.023573e-009
4.387785175900986e-003	1.013324e+001	1.023457e-009
4.394621113400986e-003	1.013209e+001	1.023342e-009
4.401457050900986e-003	1.013095e+001	1.023226e-009
4.408292988400986e-003	1.012982e+001	1.023112e-009
4.415128925900986e-003	1.012868e+001	1.022997e-009
4.421964863400986e-003	1.012755e+001	1.022883e-009
4.428800800900986e-003	1.012642e+001	1.022769e-009
4.435636738400986e-003	1.012530e+001	1.022655e-009
4.442472675900986e-003	1.012418e+001	1.022542e-009
4.449308613400986e-003	1.012306e+001	1.022429e-009
4.456144550900986e-003	1.012194e+001	1.022316e-009
4.462980488400986e-003	1.012083e+001	1.022204e-009
4.469816425900986e-003	1.011972e+001	1.022091e-009
4.476652363400986e-003	1.011861e+001	1.021979e-009
4.483488300900986e-003	1.011750e+001	1.021868e-009
4.490324238400986e-003	1.011640e+001	1.021757e-009
4.497160175900986e-003	1.011530e+001	1.021645e-009
4.503996113400986e-003	1.011421e+001	1.021535e-009
4.510832050900986e-003	1.011311e+001	1.021424e-009
4.517667988400986e-003	1.011202e+001	1.021314e-009
4.524503925900986e-003	1.011093e+001	1.021204e-009
4.531339863400986e-003	1.010985e+001	1.021095e-009
4.538175800900986e-003	1.010877e+001	1.020985e-009
4.545011738400986e-003	1.010769e+001	1.020876e-009
4.551847675900986e-003	1.010661e+001	1.020768e-009
4.558683613400986e-003	1.010554e+001	1.020659e-009
4.565519550900986e-003	1.010446e+001	1.020551e-009
4.572355488400986e-003	1.010340e+001	1.020443e-009
4.579191425900986e-003	1.010233e+001	1.020335e-009
4.586027363400986e-003	1.010127e+001	1.020228e-009
4.592863300900986e-003	1.010021e+001	1.020121e-009
4.599699238400986e-003	1.009915e+001	1.020014e-009
4.606535175900986e-003	1.009810e+001	1.019908e-009
4.613371113400986e-003	1.009704e+001	1.019801e-009
4.620207050900986e-003	1.009599e+001	1.019695e-009
4.627042988400986e-003	1.009495e+001	1.019590e-009
4.633878925900986e-003	1.009390e+001	1.019484e-009
4.640714863400986e-003	1.009286e+001	1.019379e-009
4.647550800900986e-003	1.009183e+001	1.019274e-009
4.654386738400986e-003	1.009079e+001	1.019170e-009
4.661222675900986e-003	1.008976e+001	1.019065e-009
4.674894550900986e-003	1.008770e+001	1.018858e-009
4.681730488400986e-003	1.008667e+001	1.018754e-009
4.688566425900986e-003	1.008565e+001	1.018651e-009
4.695402363400986e-003	1.008463e+001	1.018548e-009
4.702238300900986e-003	1.008362e+001	1.018445e-009
4.709074238400986e-003	1.008260e+001	1.018343e-009
4.715910175900986e-003	1.008159e+001	1.018240e-009
4.722746113400986e-003	1.008058e+001	1.018139e-009
4.729582050900986e-003	1.007957e+001	1.018037e-009
4.736417988400986e-003	1.007857e+001	1.017936e-009
4.743253925900985e-003	1.007757e+001	1.017834e-009
4.750089863400986e-003	1.007657e+001	1.017733e-009
4.763761738400986e-003	1.007458e+001	1.017533e-009
4.770597675900986e-003	1.007359e+001	1.017432e-009
4.777433613400986e-003	1.007260e+001	1.017333e-009
4.784269550900986e-003	1.007162e+001	1.017233e-009
4.791105488400986e-003	1.007063e+001	1.017134e-009
4.797941425900986e-003	1.006965e+001	1.017035e-009
4.804777363400986e-003	1.006867e+001	1.016936e-009
4.811613300900986e-003	1.006770e+001	1.016837e-009
4.818449238400986e-003	1.006672e+001	1.016739e-009
4.825285175900986e-003	1.006575e+001	1.016641e-009
4.832121113400986e-003	1.006479e+001	1.016543e-009
4.838957050900986e-003	1.006382e+001	1.016446e-009
4.852628925900986e-003	1.006190e+001	1.016251e-009
4.866300800900986e-003	1.005998e+001	1.016058e-009
4.873136738400986e-003	1.005903e+001	1.015962e-009
4.879972675900986e-003	1.005808e+001	1.015866e-009
4.886808613400986e-003	1.005713e+001	1.015770e-009
4.893644550900986e-003	1.005618e+001	1.015674e-009
4.900480488400986e-003	1.005524e+001	1.015579e-009
4.907316425900986e-003	1.005430e+001	1.015484e-009
4.914152363400986e-003	1.005336e+001	1.015389e-009
4.920988300900986e-003	1.005242e+001	1.015295e-009
4.927824238400986e-003	1.005149e+001	1.015200e-009
4.934660175900986e-003	1.005056e+001	1.015106e-009
4.941496113400986e-003	1.004963e+001	1.015013e-009
4.948332050900986e-003	1.004870e+001	1.014919e-009
4.955167988400986e-003	1.004778e+001	1.014825e-009
4.962003925900986e-003	1.004685e+001	1.014732e-009
4.968839863400986e-003	1.004593e+001	1.014639e-009
4.975675800900986e-003	1.004502e+001	1.014547e-009
4.982511738400986e-003	1.004410e+001	1.014454e-009
4.989347675900986e-003	1.004319e+001	1.014362e-009
4.992164062500000e-003	1.004281e+001	1.014324e-009
4.993367226801972e-003	1.004265e+001	1.014308e-009
4.995773555405915e-003	1.004233e+001	1.014276e-009
4.999000000000000e-003	1.004190e+001	1.014232e-009
5.003407460245177e-003	1.004132e+001	1.014173e-009
5.010243397745177e-003	1.004041e+001	1.014082e-009
5.017079335245177e-003	1.003951e+001	1.013990e-009
5.023915272745177e-003	1.003861e+001	1.013899e-009
5.030751210245177e-003	1.003771e+001	1.013808e-009
5.037587147745177e-003	1.003681e+001	1.013718e-009
5.044423085245177e-003	1.003591e+001	1.013627e-009
5.051259022745177e-003	1.003502e+001	1.013537e-009
5.058094960245177e-003	1.003413e+001	1.013447e-009
5.064930897745177e-003	1.003324e+001	1.013357e-009
5.071766835245177e-003	1.003235e+001	1.013268e-009
5.078602772745177e-003	1.003147e+001	1.013178e-009
5.085438710245177e-003	1.003059e+001	1.013089e-009
5.092274647745177e-003	1.002971e+001	1.013000e-009
5.099110585245177e-003	1.002882e+001	1.012911e-009
5.105946522745177e-003	1.002795e+001	1.012823e-009
5.112782460245177e-003	1.002707e+001	1.012734e-009
5.119618397745177e-003	1.002620e+001	1.012646e-009
5.126454335245177e-003	1.002532e+001	1.012558e-009
5.133290272745177e-003	1.002445e+001	1.012470e-009
5.140126210245177e-003	1.002358e+001	1.012382e-009
5.146962147745177e-003	1.002271e+001	1.012294e-009
5.153798085245177e-003	1.002184e+001	1.012206e-009
5.160634022745177e-003	1.002098e+001	1.012119e-009
5.167469960245177e-003	1.002011e+001	1.012031e-009
5.174305897745177e-003	1.001924e+001	1.011944e-009
5.181141835245177e-003	1.001838e+001	1.011856e-009
5.187977772745177e-003	1.001751e+001	1.011769e-009
5.194813710245177e-003	1.001665e+001	1.011682e-009
5.201649647745177e-003	1.001579e+001	1.011594e-009
5.208485585245177e-003	1.001492e+001	1.011507e-009
5.215321522745177e-003	1.001406e+001	1.011420e-009
5.222157460245177e-003	1.001320e+001	1.011333e-009
5.228993397745177e-003	1.001233e+001	1.011246e-009
5.235829335245177e-003	1.001147e+001	1.011158e-009
5.242665272745177e-003	1.001061e+001	1.011071e-009
5.249501210245177e-003	1.000975e+001	1.010984e-009
5.263173085245177e-003	1.000803e+001	1.010811e-009
5.277821522745176e-003	1.000618e+001	1.010624e-009
5.292469960245177e-003	1.000434e+001	1.010438e-009
5.307118397745177e-003	1.000250e+001	1.010252e-009
5.321766835245177e-003	1.000066e+001	1.010067e-009
5.336415272745177e-003	9.998822e+000	1.009881e-009
5.351063710245177e-003	9.996986e+000	1.009696e-009
5.365712147745177e-003	9.995152e+000	1.009510e-009
5.386219960245177e-003	9.992587e+000	1.009251e-009
5.393055897745177e-003	9.991734e+000	1.009165e-009
5.413563710245177e-003	9.989175e+000	1.008907e-009
5.434071522745177e-003	9.986621e+000	1.008649e-009
5.447743397745177e-003	9.984921e+000	1.008477e-009
5.454579335245177e-003	9.984074e+000	1.008391e-009
5.461415272745177e-003	9.983226e+000	1.008306e-009
5.468251210245177e-003	9.982379e+000	1.008220e-009
5.475087147745177e-003	9.981533e+000	1.008135e-009
5.481923085245177e-003	9.980691e+000	1.008050e-009
5.488759022745177e-003	9.979856e+000	1.007965e-009
5.495594960245177e-003	9.979045e+000	1.007884e-009
5.500090452082143e-003	9.978551e+000	1.007834e-009
5.503593425123229e-003	9.978221e+000	1.007800e-009
5.505966815002301e-003	9.978059e+000	1.007784e-009
5.508385850088355e-003	9.977984e+000	1.007776e-009
5.510915412653365e-003	9.978036e+000	1.007782e-009
5.513652081206435e-003	9.978278e+000	1.007806e-009
5.516872748923457e-003	9.978781e+000	1.007857e-009
5.520152257649167e-003	9.979432e+000	1.007923e-009
5.522690259456021e-003	9.979953e+000	1.007975e-009
5.525788011288538e-003	9.980525e+000	1.008033e-009
5.528965513276292e-003	9.981011e+000	1.008082e-009
5.532900783799042e-003	9.981491e+000	1.008131e-009
5.537569128212389e-003	9.981952e+000	1.008177e-009
5.541894792592284e-003	9.982310e+000	1.008213e-009
5.546804434922304e-003	9.982669e+000	1.008249e-009
5.552800761077182e-003	9.983072e+000	1.008290e-009
5.559563301542230e-003	9.983505e+000	1.008334e-009
5.566399239042230e-003	9.983927e+000	1.008377e-009
5.573235176542231e-003	9.984340e+000	1.008418e-009
5.580071114042230e-003	9.984743e+000	1.008459e-009
5.586907051542231e-003	9.985136e+000	1.008499e-009
5.593742989042231e-003	9.985519e+000	1.008537e-009
5.600578926542230e-003	9.985890e+000	1.008575e-009
5.607414864042231e-003	9.986249e+000	1.008611e-009
5.614250801542231e-003	9.986596e+000	1.008646e-009
5.621086739042230e-003	9.986932e+000	1.008680e-009
5.627922676542231e-003	9.987255e+000	1.008713e-009
5.634758614042230e-003	9.987568e+000	1.008744e-009
5.641594551542230e-003	9.987871e+000	1.008775e-009
5.648430489042231e-003	9.988163e+000	1.008804e-009
5.655266426542230e-003	9.988445e+000	1.008833e-009
5.662102364042231e-003	9.988718e+000	1.008860e-009
5.668938301542231e-003	9.988981e+000	1.008887e-009
5.675774239042230e-003	9.989235e+000	1.008913e-009
5.689446114042230e-003	9.989717e+000	1.008961e-009
5.703117989042231e-003	9.990167e+000	1.009007e-009
5.716789864042231e-003	9.990584e+000	1.009049e-009
5.730461739042230e-003	9.990974e+000	1.009088e-009
5.750969551542230e-003	9.991508e+000	1.009142e-009
5.764641426542230e-003	9.991835e+000	1.009175e-009
5.785149239042230e-003	9.992281e+000	1.009220e-009
5.805657051542230e-003	9.992682e+000	1.009261e-009
5.826164864042230e-003	9.993039e+000	1.009297e-009
5.846672676542231e-003	9.993361e+000	1.009329e-009
5.867180489042231e-003	9.993649e+000	1.009358e-009
5.887688301542231e-003	9.993906e+000	1.009384e-009
5.908196114042231e-003	9.994136e+000	1.009408e-009
5.928703926542231e-003	9.994341e+000	1.009429e-009
5.949211739042230e-003	9.994526e+000	1.009447e-009
5.969719551542230e-003	9.994690e+000	1.009464e-009
5.990227364042230e-003	9.994837e+000	1.009479e-009
6.010735176542230e-003	9.994968e+000	1.009492e-009
6.031242989042230e-003	9.995086e+000	1.009504e-009
6.051750801542231e-003	9.995191e+000	1.009514e-009
6.072258614042231e-003	9.995284e+000	1.009524e-009
6.092766426542231e-003	9.995367e+000	1.009532e-009
6.113274239042231e-003	9.995442e+000	1.009540e-009
6.133782051542231e-003	9.995508e+000	1.009546e-009
6.154289864042230e-003	9.995567e+000	1.009552e-009
6.174797676542230e-003	9.995621e+000	1.009558e-009
6.195305489042230e-003	9.995667e+000	1.009562e-009
6.215813301542230e-003	9.995710e+000	1.009567e-009
6.236321114042230e-003	9.995748e+000	1.009570e-009
6.256828926542231e-003	9.995781e+000	1.009574e-009
6.277336739042231e-003	9.995811e+000	1.009577e-009
6.297844551542231e-003	9.995837e+000	1.009580e-009
6.318352364042231e-003	9.995861e+000	1.009582e-009
6.338860176542231e-003	9.995882e+000	1.009584e-009
6.359367989042230e-003	9.995901e+000	1.009586e-009
6.379875801542230e-003	9.995918e+000	1.009588e-009
6.400383614042230e-003	9.995933e+000	1.009589e-009
6.420891426542230e-003	9.995947e+000	1.009591e-009
6.441399239042231e-003	9.995958e+000	1.009592e-009
6.461907051542231e-003	9.995969e+000	1.009593e-009
6.482414864042231e-003	9.995978e+000	1.009594e-009
6.502922676542231e-003	9.995987e+000	1.009595e-009
6.523430489042231e-003	9.995995e+000	1.009595e-009
6.543938301542230e-003	9.996001e+000	1.009596e-009
6.564446114042230e-003	9.996007e+000	1.009597e-009
6.584953926542230e-003	9.996013e+000	1.009597e-009
6.605461739042230e-003	9.996017e+000	1.009598e-009
6.623039864042230e-003	9.996021e+000	1.009598e-009
6.640617989042231e-003	9.996024e+000	1.009598e-009
6.658196114042230e-003	9.996027e+000	1.009599e-009
6.675774239042230e-003	9.996030e+000	1.009599e-009
6.693352364042230e-003	9.996033e+000	1.009599e-009
6.710930489042231e-003	9.996035e+000	1.009600e-009
6.728508614042231e-003	9.996037e+000	1.009600e-009
6.747063301542231e-003	9.996038e+000	1.009600e-009
6.765617989042231e-003	9.996040e+000	1.009600e-009
6.784172676542231e-003	9.996041e+000	1.009600e-009
6.802727364042230e-003	9.996043e+000	1.009600e-009
6.821282051542230e-003	9.996044e+000	1.009600e-009
6.839836739042230e-003	9.996046e+000	1.009601e-009
6.858391426542231e-003	9.996047e+000	1.009601e-009
6.876946114042231e-003	9.996048e+000	1.009601e-009
6.895500801542231e-003	9.996049e+000	1.009601e-009
6.914055489042231e-003	9.996050e+000	1.009601e-009
6.932610176542230e-003	9.996050e+000	1.009601e-009
6.951164864042230e-003	9.996051e+000	1.009601e-009
6.969719551542230e-003	9.996051e+000	1.009601e-009
6.988274239042231e-003	9.996052e+000	1.009601e-009
6.995110176542230e-003	9.996052e+000	1.009601e-009
6.999000000000000e-003	9.996052e+000	1.009601e-009
