time	V(vout)	-I(Rl)
0.000000000000000e+000	9.996057e+000	1.009602e-009
1.999000000000000e-003	9.996057e+000	1.009602e-009
1.999004923631978e-003	9.448684e+000	6.116665e-001
1.999014770895935e-003	9.191256e+000	9.191256e-001
1.999016888702116e-003	9.203111e+000	9.203111e-001
1.999018319794171e-003	9.210641e+000	9.210640e-001
1.999019162444181e-003	9.215486e+000	9.215485e-001
1.999020154232345e-003	9.222031e+000	9.222031e-001
1.999021064451383e-003	9.227205e+000	9.227206e-001
1.999021786822918e-003	9.231526e+000	9.231526e-001
1.999022424379548e-003	9.235123e+000	9.235122e-001
1.999023072529818e-003	9.238980e+000	9.238980e-001
1.999023703156908e-003	9.242599e+000	9.242598e-001
1.999024446010007e-003	9.246922e+000	9.246922e-001
1.999025369454806e-003	9.252219e+000	9.252219e-001
1.999026634205377e-003	9.259433e+000	9.259432e-001
1.999028568515850e-003	9.270267e+000	9.270267e-001
1.999031622982794e-003	9.286844e+000	9.286845e-001
1.999036980939592e-003	9.314451e+000	9.314452e-001
1.999042835031902e-003	9.342458e+000	9.342457e-001
1.999048986423871e-003	9.369204e+000	9.369203e-001
1.999055239731918e-003	9.393623e+000	9.393623e-001
1.999061374607373e-003	9.414932e+000	9.414933e-001
1.999067834562090e-003	9.434703e+000	9.434703e-001
1.999074741880747e-003	9.453050e+000	9.453049e-001
1.999083027198706e-003	9.471653e+000	9.471653e-001
1.999093544541033e-003	9.491063e+000	9.491063e-001
1.999105040346423e-003	9.507937e+000	9.507937e-001
1.999119769780470e-003	9.524917e+000	9.524917e-001
1.999134752426594e-003	9.539142e+000	9.539142e-001
1.999147216187756e-003	9.550051e+000	9.550051e-001
1.999157662987193e-003	9.560209e+000	9.560210e-001
1.999169892928662e-003	9.575865e+000	9.575865e-001
1.999181471403177e-003	9.597928e+000	9.597928e-001
1.999194264343085e-003	9.635698e+000	9.635699e-001
1.999208653484980e-003	9.698821e+000	9.698821e-001
1.999224105189354e-003	9.792467e+000	9.792467e-001
1.999241614225024e-003	9.924744e+000	9.924744e-001
1.999252532037296e-003	1.001875e+001	1.001875e+000
1.999258699545608e-003	1.007536e+001	1.007536e+000
1.999262090468986e-003	1.010706e+001	1.010706e+000
1.999264580058361e-003	1.013043e+001	1.013043e+000
1.999267202458532e-003	1.015505e+001	1.015505e+000
1.999269746715056e-003	1.017889e+001	1.017889e+000
1.999272538998886e-003	1.020496e+001	1.020496e+000
1.999274874558799e-003	1.022666e+001	1.022666e+000
1.999276771600322e-003	1.024418e+001	1.024418e+000
1.999278847651395e-003	1.026322e+001	1.026322e+000
1.999280965236921e-003	1.028246e+001	1.028245e+000
1.999284230786067e-003	1.031176e+001	1.031176e+000
1.999287641441912e-003	1.034185e+001	1.034185e+000
1.999292102691947e-003	1.038033e+001	1.038033e+000
1.999296522058486e-003	1.041745e+001	1.041746e+000
1.999301047936704e-003	1.045439e+001	1.045439e+000
1.999304859770759e-003	1.048457e+001	1.048457e+000
1.999307708970416e-003	1.050645e+001	1.050645e+000
1.999310768062614e-003	1.052921e+001	1.052921e+000
1.999313972780688e-003	1.055238e+001	1.055238e+000
1.999315975426641e-003	1.056646e+001	1.056646e+000
1.999317829929015e-003	1.057916e+001	1.057916e+000
1.999319967603544e-003	1.059342e+001	1.059342e+000
1.999322437353707e-003	1.060945e+001	1.060945e+000
1.999324908393422e-003	1.062498e+001	1.062498e+000
1.999327779898869e-003	1.064234e+001	1.064234e+000
1.999331127331015e-003	1.066157e+001	1.066157e+000
1.999336303399549e-003	1.068967e+001	1.068967e+000
1.999339322775687e-003	1.070511e+001	1.070511e+000
1.999342059086032e-003	1.071826e+001	1.071826e+000
1.999344989392035e-003	1.073153e+001	1.073153e+000
1.999348516921790e-003	1.074622e+001	1.074622e+000
1.999355571981300e-003	1.077184e+001	1.077184e+000
1.999365721362044e-003	1.080197e+001	1.080197e+000
1.999374985585235e-003	1.082135e+001	1.082135e+000
1.999389594391567e-003	1.083615e+001	1.083615e+000
1.999411549795065e-003	1.083592e+001	1.083592e+000
1.999430306782045e-003	1.082143e+001	1.082143e+000
1.999444146243412e-003	1.080588e+001	1.080588e+000
1.999457905292225e-003	1.079028e+001	1.079028e+000
1.999471409198679e-003	1.077601e+001	1.077601e+000
1.999490417609127e-003	1.075694e+001	1.075694e+000
1.999507243239704e-003	1.074055e+001	1.074055e+000
1.999525545472211e-003	1.072310e+001	1.072310e+000
1.999543173956038e-003	1.070661e+001	1.070661e+000
1.999563171134620e-003	1.068828e+001	1.068828e+000
1.999584427968974e-003	1.066921e+001	1.066921e+000
1.999605160647920e-003	1.065106e+001	1.065106e+000
1.999627285228677e-003	1.063301e+001	1.063301e+000
1.999649142362550e-003	1.061756e+001	1.061756e+000
1.999673013381982e-003	1.060204e+001	1.060204e+000
1.999694707887923e-003	1.058696e+001	1.058696e+000
1.999723455410669e-003	1.056538e+001	1.056538e+000
1.999751569961088e-003	1.054371e+001	1.054371e+000
1.999780952952592e-003	1.052111e+001	1.052111e+000
1.999813820170696e-003	1.049628e+001	1.049628e+000
1.999850870576252e-003	1.046898e+001	1.046898e+000
1.999890598342858e-003	1.044060e+001	1.044060e+000
1.999939531304976e-003	1.040691e+001	1.040691e+000
2.000005640826747e-003	1.036324e+001	1.036324e+000
2.000069209566162e-003	1.032314e+001	1.032314e+000
2.000143224271236e-003	1.027899e+001	1.027899e+000
2.000256825008738e-003	1.021533e+001	1.021533e+000
2.000380505470475e-003	1.015048e+001	1.015048e+000
2.000482438570251e-003	1.010032e+001	1.010032e+000
2.000544524929153e-003	1.007133e+001	1.007133e+000
2.000595406985202e-003	1.004853e+001	1.004853e+000
2.000648515768052e-003	1.002546e+001	1.002546e+000
2.000697508667005e-003	1.000479e+001	1.000479e+000
2.000758967786163e-003	9.979543e+000	9.979542e-001
2.000808415736064e-003	9.959718e+000	9.959717e-001
2.000864547117570e-003	9.937744e+000	9.937744e-001
2.000915481761367e-003	9.918205e+000	9.918205e-001
2.000942890925164e-003	9.907886e+000	9.907886e-001
2.000972276528823e-003	9.897008e+000	9.897007e-001
2.001011212326829e-003	9.882815e+000	9.882815e-001
2.001049147041241e-003	9.869210e+000	9.869211e-001
2.001084962098262e-003	9.856588e+000	9.856588e-001
2.001125402039190e-003	9.842585e+000	9.842585e-001
2.001168847343614e-003	9.827827e+000	9.827827e-001
2.001223672928959e-003	9.809596e+000	9.809596e-001
2.001278660927092e-003	9.791786e+000	9.791785e-001
2.001357906437982e-003	9.766983e+000	9.766983e-001
2.001435240833757e-003	9.744153e+000	9.744153e-001
2.001518253648775e-003	9.722178e+000	9.722179e-001
2.001574456712152e-003	9.710322e+000	9.710322e-001
2.001624580682327e-003	9.704110e+000	9.704110e-001
2.001685849908704e-003	9.702446e+000	9.702446e-001
2.001723646653404e-003	9.704825e+000	9.704826e-001
2.001755454157630e-003	9.709136e+000	9.709136e-001
2.001790844380922e-003	9.715479e+000	9.715478e-001
2.001824332871699e-003	9.722349e+000	9.722350e-001
2.001864145987009e-003	9.730973e+000	9.730973e-001
2.001911091852759e-003	9.741088e+000	9.741088e-001
2.001959454596278e-003	9.751088e+000	9.751089e-001
2.002005305081803e-003	9.760040e+000	9.760041e-001
2.002056519834182e-003	9.769524e+000	9.769524e-001
2.002111295874937e-003	9.779318e+000	9.779318e-001
2.002175425048368e-003	9.790632e+000	9.790633e-001
2.002266259387355e-003	9.806735e+000	9.806736e-001
2.002368516820959e-003	9.825066e+000	9.825065e-001
2.002476596684222e-003	9.844554e+000	9.844553e-001
2.002604963978045e-003	9.867610e+000	9.867610e-001
2.002718414460698e-003	9.887722e+000	9.887723e-001
2.002820855282093e-003	9.905446e+000	9.905446e-001
2.002923316285557e-003	9.922384e+000	9.922384e-001
2.003031980784081e-003	9.938845e+000	9.938844e-001
2.003154070412191e-003	9.954698e+000	9.954697e-001
2.003278367221134e-003	9.967439e+000	9.967439e-001
2.003392707363544e-003	9.975976e+000	9.975976e-001
2.003501385512733e-003	9.981565e+000	9.981565e-001
2.003624328861556e-003	9.985826e+000	9.985825e-001
2.003767940758447e-003	9.989142e+000	9.989142e-001
2.003916486997864e-003	9.991346e+000	9.991345e-001
2.004078754786420e-003	9.992776e+000	9.992776e-001
2.004295384601155e-003	9.993791e+000	9.993790e-001
2.004612666754463e-003	9.994477e+000	9.994477e-001
2.004976263611591e-003	9.994774e+000	9.994774e-001
2.005381614633601e-003	9.994861e+000	9.994861e-001
2.006165484451401e-003	9.994886e+000	9.994887e-001
2.007257032339762e-003	9.994886e+000	9.994887e-001
2.009105028539413e-003	9.994878e+000	9.994878e-001
2.012801020938714e-003	9.994863e+000	9.994863e-001
2.019544373798051e-003	9.994838e+000	9.994838e-001
2.026380311298050e-003	9.994814e+000	9.994814e-001
2.033216248798050e-003	9.994792e+000	9.994792e-001
2.040052186298050e-003	9.994772e+000	9.994773e-001
2.046888123798051e-003	9.994754e+000	9.994754e-001
2.053724061298050e-003	9.994738e+000	9.994738e-001
2.060559998798050e-003	9.994721e+000	9.994721e-001
2.067395936298051e-003	9.994707e+000	9.994707e-001
2.074231873798051e-003	9.994693e+000	9.994693e-001
2.081067811298050e-003	9.994679e+000	9.994680e-001
2.087903748798050e-003	9.994667e+000	9.994668e-001
2.094739686298051e-003	9.994657e+000	9.994656e-001
2.101575623798051e-003	9.994646e+000	9.994646e-001
2.108411561298050e-003	9.994636e+000	9.994636e-001
2.115247498798050e-003	9.994626e+000	9.994626e-001
2.122083436298051e-003	9.994617e+000	9.994617e-001
2.128919373798050e-003	9.994610e+000	9.994609e-001
2.135755311298050e-003	9.994602e+000	9.994601e-001
2.142591248798050e-003	9.994595e+000	9.994594e-001
2.149427186298051e-003	9.994587e+000	9.994587e-001
2.156263123798050e-003	9.994581e+000	9.994581e-001
2.163099061298050e-003	9.994576e+000	9.994575e-001
2.169934998798050e-003	9.994570e+000	9.994569e-001
2.176770936298051e-003	9.994564e+000	9.994564e-001
2.183606873798050e-003	9.994559e+000	9.994559e-001
2.190442811298050e-003	9.994555e+000	9.994555e-001
2.197278748798051e-003	9.994551e+000	9.994550e-001
2.204114686298051e-003	9.994546e+000	9.994546e-001
2.210950623798050e-003	9.994542e+000	9.994543e-001
2.217786561298050e-003	9.994538e+000	9.994539e-001
2.224622498798051e-003	9.994535e+000	9.994535e-001
2.231458436298051e-003	9.994533e+000	9.994532e-001
2.238294373798050e-003	9.994530e+000	9.994529e-001
2.245130311298050e-003	9.994527e+000	9.994527e-001
2.251966248798051e-003	9.994524e+000	9.994524e-001
2.258802186298050e-003	9.994521e+000	9.994521e-001
2.265638123798050e-003	9.994519e+000	9.994519e-001
2.272474061298050e-003	9.994516e+000	9.994517e-001
2.279309998798051e-003	9.994514e+000	9.994515e-001
2.286145936298050e-003	9.994513e+000	9.994513e-001
2.292981873798050e-003	9.994511e+000	9.994511e-001
2.299817811298050e-003	9.994510e+000	9.994509e-001
2.306653748798051e-003	9.994508e+000	9.994508e-001
2.313489686298050e-003	9.994506e+000	9.994506e-001
2.320325623798050e-003	9.994505e+000	9.994504e-001
2.327161561298051e-003	9.994503e+000	9.994503e-001
2.333997498798051e-003	9.994502e+000	9.994502e-001
2.340833436298050e-003	9.994501e+000	9.994501e-001
2.347669373798050e-003	9.994500e+000	9.994500e-001
2.354505311298051e-003	9.994499e+000	9.994498e-001
2.361341248798050e-003	9.994497e+000	9.994498e-001
2.368177186298050e-003	9.994497e+000	9.994497e-001
2.375013123798050e-003	9.994496e+000	9.994496e-001
2.381849061298051e-003	9.994495e+000	9.994495e-001
2.388684998798050e-003	9.994494e+000	9.994494e-001
2.395520936298050e-003	9.994493e+000	9.994494e-001
2.402356873798050e-003	9.994493e+000	9.994493e-001
2.409192811298051e-003	9.994492e+000	9.994493e-001
2.416028748798050e-003	9.994492e+000	9.994491e-001
2.422864686298050e-003	9.994491e+000	9.994491e-001
2.429700623798051e-003	9.994491e+000	9.994490e-001
2.436536561298051e-003	9.994490e+000	9.994490e-001
2.443372498798050e-003	9.994490e+000	9.994490e-001
2.450208436298050e-003	9.994489e+000	9.994489e-001
2.457044373798051e-003	9.994489e+000	9.994488e-001
2.463880311298051e-003	9.994488e+000	9.994488e-001
2.470716248798050e-003	9.994488e+000	9.994488e-001
2.477552186298050e-003	9.994488e+000	9.994487e-001
2.484388123798051e-003	9.994487e+000	9.994487e-001
2.491224061298050e-003	9.994487e+000	9.994487e-001
2.498059998798050e-003	9.994486e+000	9.994487e-001
2.504895936298050e-003	9.994486e+000	9.994486e-001
2.511731873798051e-003	9.994486e+000	9.994486e-001
2.518567811298050e-003	9.994486e+000	9.994485e-001
2.525403748798050e-003	9.994485e+000	9.994485e-001
2.532239686298050e-003	9.994485e+000	9.994485e-001
2.539075623798051e-003	9.994484e+000	9.994485e-001
2.545911561298050e-003	9.994484e+000	9.994484e-001
2.552747498798050e-003	9.994484e+000	9.994484e-001
2.559583436298051e-003	9.994484e+000	9.994484e-001
2.566419373798051e-003	9.994484e+000	9.994484e-001
2.573255311298050e-003	9.994484e+000	9.994484e-001
2.580091248798050e-003	9.994484e+000	9.994484e-001
2.586927186298051e-003	9.994484e+000	9.994483e-001
2.593763123798051e-003	9.994483e+000	9.994483e-001
2.600599061298050e-003	9.994483e+000	9.994483e-001
2.607434998798050e-003	9.994483e+000	9.994483e-001
2.614270936298051e-003	9.994483e+000	9.994483e-001
2.621106873798050e-003	9.994482e+000	9.994483e-001
2.627942811298050e-003	9.994482e+000	9.994483e-001
2.634778748798050e-003	9.994482e+000	9.994482e-001
2.641614686298051e-003	9.994482e+000	9.994482e-001
2.648450623798050e-003	9.994482e+000	9.994482e-001
2.662122498798050e-003	9.994482e+000	9.994482e-001
2.668958436298051e-003	9.994482e+000	9.994482e-001
2.675794373798050e-003	9.994482e+000	9.994482e-001
2.682630311298050e-003	9.994482e+000	9.994482e-001
2.689466248798051e-003	9.994482e+000	9.994482e-001
2.696302186298051e-003	9.994482e+000	9.994482e-001
2.703138123798050e-003	9.994482e+000	9.994482e-001
2.709974061298050e-003	9.994482e+000	9.994482e-001
2.716809998798051e-003	9.994481e+000	9.994481e-001
2.723645936298050e-003	9.994481e+000	9.994481e-001
2.730481873798050e-003	9.994481e+000	9.994481e-001
2.737317811298050e-003	9.994481e+000	9.994481e-001
2.750989686298050e-003	9.994481e+000	9.994481e-001
2.764661561298050e-003	9.994481e+000	9.994481e-001
2.771497498798051e-003	9.994481e+000	9.994481e-001
2.778333436298050e-003	9.994481e+000	9.994481e-001
2.785169373798050e-003	9.994481e+000	9.994481e-001
2.792005311298051e-003	9.994481e+000	9.994481e-001
2.798841248798051e-003	9.994481e+000	9.994481e-001
2.805677186298050e-003	9.994481e+000	9.994481e-001
2.812513123798050e-003	9.994481e+000	9.994481e-001
2.826184998798051e-003	9.994480e+000	9.994481e-001
2.839856873798050e-003	9.994480e+000	9.994481e-001
2.853528748798050e-003	9.994480e+000	9.994481e-001
2.867200623798050e-003	9.994480e+000	9.994481e-001
2.887708436298050e-003	9.994480e+000	9.994481e-001
2.901380311298051e-003	9.994480e+000	9.994481e-001
2.915052186298050e-003	9.994480e+000	9.994481e-001
2.928724061298051e-003	9.994480e+000	9.994481e-001
2.942395936298050e-003	9.994480e+000	9.994481e-001
2.962903748798050e-003	9.994480e+000	9.994481e-001
2.976575623798051e-003	9.994480e+000	9.994481e-001
2.997083436298050e-003	9.994480e+000	9.994481e-001
3.066419373798051e-003	9.994480e+000	9.994480e-001
3.135755311298050e-003	9.994480e+000	9.994480e-001
3.205091248798051e-003	9.994480e+000	9.994480e-001
3.274427186298051e-003	9.994480e+000	9.994480e-001
3.343763123798050e-003	9.994480e+000	9.994480e-001
3.413099061298051e-003	9.994480e+000	9.994480e-001
3.482434998798050e-003	9.994480e+000	9.994479e-001
3.992164062500000e-003	9.994480e+000	9.994479e-001
3.999000000000000e-003	1.045233e+001	5.007229e-001
3.999013702667248e-003	1.061078e+001	3.331488e-001
3.999041108001745e-003	1.092727e+001	1.103654e-009
3.999046755064726e-003	1.092195e+001	1.103117e-009
3.999048570143850e-003	1.092065e+001	1.102986e-009
3.999050146291940e-003	1.092022e+001	1.102943e-009
3.999051440887687e-003	1.091966e+001	1.102886e-009
3.999052889253743e-003	1.091938e+001	1.102858e-009
3.999054763892276e-003	1.091862e+001	1.102781e-009
3.999056632879445e-003	1.091801e+001	1.102719e-009
3.999058517707974e-003	1.091733e+001	1.102650e-009
3.999060582917817e-003	1.091665e+001	1.102582e-009
3.999062783863747e-003	1.091589e+001	1.102505e-009
3.999065261921357e-003	1.091507e+001	1.102422e-009
3.999068166959388e-003	1.091408e+001	1.102322e-009
3.999071633630416e-003	1.091293e+001	1.102206e-009
3.999075879822800e-003	1.091150e+001	1.102062e-009
3.999081440164865e-003	1.090966e+001	1.101875e-009
3.999088306170255e-003	1.090738e+001	1.101645e-009
3.999097749809973e-003	1.090428e+001	1.101332e-009
3.999110240910369e-003	1.090022e+001	1.100922e-009
3.999126753770015e-003	1.089496e+001	1.100391e-009
3.999146759848278e-003	1.088908e+001	1.099797e-009
3.999161023924759e-003	1.088595e+001	1.099481e-009
3.999174165602464e-003	1.088427e+001	1.099311e-009
3.999186984950782e-003	1.088294e+001	1.099177e-009
3.999200756849018e-003	1.088101e+001	1.098982e-009
3.999213434869585e-003	1.087862e+001	1.098741e-009
3.999227887810794e-003	1.087532e+001	1.098407e-009
3.999242985264231e-003	1.087144e+001	1.098015e-009
3.999258643541591e-003	1.086710e+001	1.097577e-009
3.999274288075941e-003	1.086258e+001	1.097120e-009
3.999290894300500e-003	1.085766e+001	1.096624e-009
3.999307422489275e-003	1.085273e+001	1.096125e-009
3.999325196586081e-003	1.084741e+001	1.095588e-009
3.999344058655122e-003	1.084179e+001	1.095020e-009
3.999366704468234e-003	1.083509e+001	1.094344e-009
3.999395704659518e-003	1.082662e+001	1.093488e-009
3.999417431337052e-003	1.082035e+001	1.092855e-009
3.999440728390849e-003	1.081372e+001	1.092186e-009
3.999465903644966e-003	1.080666e+001	1.091472e-009
3.999497402675899e-003	1.079798e+001	1.090596e-009
3.999540108116898e-003	1.078646e+001	1.089433e-009
3.999589691920362e-003	1.077344e+001	1.088118e-009
3.999655091976276e-003	1.075679e+001	1.086436e-009
3.999717024281331e-003	1.074165e+001	1.084907e-009
3.999840888891441e-003	1.071291e+001	1.082004e-009
3.999978316123145e-003	1.068323e+001	1.079006e-009
4.000215074007895e-003	1.063741e+001	1.074378e-009
4.000622727829223e-003	1.057029e+001	1.067599e-009
4.001281697849194e-003	1.048232e+001	1.058714e-009
4.001917816578640e-003	1.041588e+001	1.052004e-009
4.002577941827269e-003	1.036351e+001	1.046714e-009
4.003315701861065e-003	1.031995e+001	1.042315e-009
4.004269333926735e-003	1.027957e+001	1.038237e-009
4.005199689188441e-003	1.025226e+001	1.035478e-009
4.006206584090330e-003	1.023208e+001	1.033441e-009
4.007004542686811e-003	1.022142e+001	1.032363e-009
4.007763352306818e-003	1.021496e+001	1.031711e-009
4.008639811603154e-003	1.021007e+001	1.031217e-009
4.009643373810351e-003	1.020654e+001	1.030860e-009
4.011170217604746e-003	1.020344e+001	1.030547e-009
4.012780638861698e-003	1.020161e+001	1.030363e-009
4.014611607003038e-003	1.020050e+001	1.030250e-009
4.017556455038994e-003	1.019940e+001	1.030140e-009
4.021001797717785e-003	1.019845e+001	1.030043e-009
4.026903828209809e-003	1.019704e+001	1.029901e-009
4.033739765709810e-003	1.019552e+001	1.029747e-009
4.039692016408377e-003	1.019425e+001	1.029620e-009
4.044551994707270e-003	1.019325e+001	1.029519e-009
4.049244922443550e-003	1.019231e+001	1.029423e-009
4.054396677701792e-003	1.019129e+001	1.029320e-009
4.059153959129655e-003	1.019036e+001	1.029226e-009
4.064130089316428e-003	1.018939e+001	1.029129e-009
4.068719834607800e-003	1.018851e+001	1.029040e-009
4.074070902184268e-003	1.018749e+001	1.028936e-009
4.079828293166029e-003	1.018640e+001	1.028826e-009
4.086664230666028e-003	1.018511e+001	1.028696e-009
4.093500168166028e-003	1.018382e+001	1.028566e-009
4.100336105666028e-003	1.018254e+001	1.028437e-009
4.107172043166028e-003	1.018127e+001	1.028308e-009
4.114007980666028e-003	1.018000e+001	1.028180e-009
4.120843918166028e-003	1.017873e+001	1.028052e-009
4.127559232705368e-003	1.017750e+001	1.027927e-009
4.134395170205369e-003	1.017624e+001	1.027800e-009
4.141145011222545e-003	1.017500e+001	1.027675e-009
4.147980948722545e-003	1.017375e+001	1.027548e-009
4.154816886222545e-003	1.017250e+001	1.027422e-009
4.161652823722545e-003	1.017125e+001	1.027296e-009
4.168488761222546e-003	1.017001e+001	1.027171e-009
4.175324698722545e-003	1.016877e+001	1.027046e-009
4.182160636222545e-003	1.016754e+001	1.026921e-009
4.188996573722546e-003	1.016630e+001	1.026797e-009
4.195832511222545e-003	1.016508e+001	1.026673e-009
4.202668448722545e-003	1.016385e+001	1.026549e-009
4.209504386222546e-003	1.016263e+001	1.026425e-009
4.216340323722545e-003	1.016141e+001	1.026302e-009
4.223176261222545e-003	1.016019e+001	1.026179e-009
4.230012198722545e-003	1.015898e+001	1.026057e-009
4.236848136222545e-003	1.015777e+001	1.025934e-009
4.243684073722546e-003	1.015656e+001	1.025813e-009
4.250520011222545e-003	1.015536e+001	1.025691e-009
4.257355948722545e-003	1.015416e+001	1.025570e-009
4.264191886222546e-003	1.015296e+001	1.025449e-009
4.271027823722545e-003	1.015176e+001	1.025328e-009
4.277863761222545e-003	1.015057e+001	1.025208e-009
4.284699698722545e-003	1.014938e+001	1.025088e-009
4.291535636222545e-003	1.014820e+001	1.024968e-009
4.298371573722546e-003	1.014701e+001	1.024849e-009
4.305207511222545e-003	1.014584e+001	1.024729e-009
4.312043448722545e-003	1.014466e+001	1.024611e-009
4.318879386222546e-003	1.014349e+001	1.024492e-009
4.325715323722545e-003	1.014232e+001	1.024374e-009
4.332551261222545e-003	1.014115e+001	1.024256e-009
4.339387198722546e-003	1.013999e+001	1.024139e-009
4.346223136222545e-003	1.013882e+001	1.024021e-009
4.353059073722545e-003	1.013767e+001	1.023904e-009
4.359895011222545e-003	1.013651e+001	1.023787e-009
4.366730948722545e-003	1.013536e+001	1.023671e-009
4.373566886222546e-003	1.013421e+001	1.023555e-009
4.380402823722545e-003	1.013306e+001	1.023439e-009
4.387238761222545e-003	1.013192e+001	1.023324e-009
4.394074698722546e-003	1.013078e+001	1.023209e-009
4.400910636222545e-003	1.012964e+001	1.023094e-009
4.407746573722545e-003	1.012851e+001	1.022979e-009
4.414582511222545e-003	1.012738e+001	1.022865e-009
4.421418448722545e-003	1.012625e+001	1.022751e-009
4.428254386222546e-003	1.012512e+001	1.022637e-009
4.435090323722545e-003	1.012400e+001	1.022524e-009
4.441926261222545e-003	1.012288e+001	1.022411e-009
4.448762198722546e-003	1.012176e+001	1.022298e-009
4.455598136222545e-003	1.012065e+001	1.022186e-009
4.462434073722545e-003	1.011954e+001	1.022073e-009
4.469270011222546e-003	1.011843e+001	1.021961e-009
4.476105948722545e-003	1.011732e+001	1.021850e-009
4.482941886222545e-003	1.011622e+001	1.021738e-009
4.489777823722545e-003	1.011512e+001	1.021627e-009
4.496613761222545e-003	1.011403e+001	1.021517e-009
4.503449698722546e-003	1.011293e+001	1.021406e-009
4.510285636222545e-003	1.011184e+001	1.021296e-009
4.517121573722545e-003	1.011075e+001	1.021186e-009
4.523957511222546e-003	1.010967e+001	1.021076e-009
4.530793448722545e-003	1.010859e+001	1.020967e-009
4.537629386222545e-003	1.010751e+001	1.020858e-009
4.544465323722545e-003	1.010643e+001	1.020749e-009
4.551301261222545e-003	1.010535e+001	1.020641e-009
4.558137198722546e-003	1.010428e+001	1.020533e-009
4.564973136222545e-003	1.010321e+001	1.020425e-009
4.571809073722545e-003	1.010215e+001	1.020317e-009
4.578645011222546e-003	1.010109e+001	1.020210e-009
4.585480948722545e-003	1.010003e+001	1.020103e-009
4.592316886222545e-003	1.009897e+001	1.019996e-009
4.599152823722546e-003	1.009791e+001	1.019889e-009
4.605988761222545e-003	1.009686e+001	1.019783e-009
4.612824698722545e-003	1.009581e+001	1.019677e-009
4.619660636222545e-003	1.009476e+001	1.019571e-009
4.626496573722545e-003	1.009372e+001	1.019466e-009
4.633332511222546e-003	1.009268e+001	1.019361e-009
4.640168448722545e-003	1.009164e+001	1.019256e-009
4.647004386222545e-003	1.009061e+001	1.019151e-009
4.653840323722546e-003	1.008957e+001	1.019047e-009
4.660676261222545e-003	1.008854e+001	1.018943e-009
4.667512198722545e-003	1.008751e+001	1.018839e-009
4.674348136222545e-003	1.008649e+001	1.018736e-009
4.681184073722545e-003	1.008547e+001	1.018632e-009
4.688020011222546e-003	1.008445e+001	1.018529e-009
4.694855948722545e-003	1.008343e+001	1.018427e-009
4.701691886222545e-003	1.008242e+001	1.018324e-009
4.708527823722546e-003	1.008140e+001	1.018222e-009
4.715363761222545e-003	1.008040e+001	1.018120e-009
4.722199698722545e-003	1.007939e+001	1.018018e-009
4.729035636222546e-003	1.007839e+001	1.017917e-009
4.735871573722545e-003	1.007738e+001	1.017816e-009
4.742707511222545e-003	1.007639e+001	1.017715e-009
4.749543448722545e-003	1.007539e+001	1.017614e-009
4.756379386222545e-003	1.007440e+001	1.017514e-009
4.763215323722546e-003	1.007341e+001	1.017414e-009
4.770051261222545e-003	1.007242e+001	1.017314e-009
4.776887198722545e-003	1.007143e+001	1.017215e-009
4.783723136222546e-003	1.007045e+001	1.017115e-009
4.790559073722545e-003	1.006947e+001	1.017016e-009
4.797395011222545e-003	1.006849e+001	1.016917e-009
4.804230948722545e-003	1.006751e+001	1.016819e-009
4.811066886222545e-003	1.006654e+001	1.016721e-009
4.824738761222545e-003	1.006460e+001	1.016525e-009
4.831574698722545e-003	1.006364e+001	1.016427e-009
4.838410636222546e-003	1.006267e+001	1.016330e-009
4.845246573722545e-003	1.006171e+001	1.016233e-009
4.852082511222545e-003	1.006075e+001	1.016136e-009
4.858918448722546e-003	1.005980e+001	1.016040e-009
4.865754386222545e-003	1.005885e+001	1.015944e-009
4.872590323722545e-003	1.005790e+001	1.015848e-009
4.879426261222545e-003	1.005695e+001	1.015752e-009
4.886262198722545e-003	1.005600e+001	1.015656e-009
4.899934073722545e-003	1.005412e+001	1.015466e-009
4.913605948722546e-003	1.005224e+001	1.015277e-009
4.920441886222545e-003	1.005131e+001	1.015182e-009
4.927277823722545e-003	1.005038e+001	1.015088e-009
4.934113761222546e-003	1.004945e+001	1.014995e-009
4.940949698722545e-003	1.004852e+001	1.014901e-009
4.947785636222546e-003	1.004760e+001	1.014808e-009
4.954621573722545e-003	1.004668e+001	1.014715e-009
4.961457511222545e-003	1.004576e+001	1.014622e-009
4.968293448722546e-003	1.004484e+001	1.014529e-009
4.975129386222545e-003	1.004393e+001	1.014437e-009
4.981965323722545e-003	1.004302e+001	1.014345e-009
4.988801261222546e-003	1.004211e+001	1.014253e-009
4.992164062500000e-003	1.004166e+001	1.014207e-009
4.992274397445090e-003	1.004164e+001	1.014206e-009
4.992495067335272e-003	1.004161e+001	1.014203e-009
4.992936407115634e-003	1.004156e+001	1.014197e-009
4.993509186222063e-003	1.004148e+001	1.014190e-009
4.994654744434921e-003	1.004133e+001	1.014174e-009
4.996708883574283e-003	1.004106e+001	1.014147e-009
4.999000000000000e-003	1.004075e+001	1.014116e-009
5.003582232851433e-003	1.004015e+001	1.014055e-009
5.017254107851433e-003	1.003834e+001	1.013873e-009
5.024090045351433e-003	1.003745e+001	1.013782e-009
5.030925982851433e-003	1.003655e+001	1.013691e-009
5.037761920351433e-003	1.003566e+001	1.013601e-009
5.044597857851433e-003	1.003476e+001	1.013511e-009
5.051433795351433e-003	1.003387e+001	1.013421e-009
5.058269732851433e-003	1.003299e+001	1.013332e-009
5.065105670351434e-003	1.003210e+001	1.013242e-009
5.071941607851433e-003	1.003122e+001	1.013153e-009
5.078777545351433e-003	1.003034e+001	1.013064e-009
5.085613482851433e-003	1.002946e+001	1.012975e-009
5.092449420351433e-003	1.002858e+001	1.012887e-009
5.099285357851433e-003	1.002771e+001	1.012798e-009
5.106121295351433e-003	1.002683e+001	1.012710e-009
5.112957232851433e-003	1.002596e+001	1.012622e-009
5.119793170351433e-003	1.002509e+001	1.012534e-009
5.126629107851433e-003	1.002422e+001	1.012446e-009
5.133465045351433e-003	1.002335e+001	1.012359e-009
5.140300982851434e-003	1.002249e+001	1.012271e-009
5.147136920351433e-003	1.002162e+001	1.012184e-009
5.153972857851433e-003	1.002076e+001	1.012096e-009
5.160808795351433e-003	1.001989e+001	1.012009e-009
5.167644732851433e-003	1.001903e+001	1.011922e-009
5.174480670351433e-003	1.001817e+001	1.011835e-009
5.181316607851433e-003	1.001730e+001	1.011748e-009
5.188152545351433e-003	1.001644e+001	1.011661e-009
5.194988482851434e-003	1.001558e+001	1.011574e-009
5.201824420351433e-003	1.001472e+001	1.011487e-009
5.208660357851433e-003	1.001386e+001	1.011400e-009
5.222332232851433e-003	1.001214e+001	1.011226e-009
5.233074420351433e-003	1.001079e+001	1.011090e-009
5.243816607851433e-003	1.000945e+001	1.010954e-009
5.254558795351434e-003	1.000810e+001	1.010818e-009
5.265300982851433e-003	1.000676e+001	1.010682e-009
5.276043170351433e-003	1.000541e+001	1.010547e-009
5.286785357851433e-003	1.000407e+001	1.010411e-009
5.297527545351433e-003	1.000273e+001	1.010276e-009
5.318035357851433e-003	1.000018e+001	1.010018e-009
5.331707232851433e-003	9.998481e+000	1.009847e-009
5.345379107851433e-003	9.996786e+000	1.009675e-009
5.352215045351433e-003	9.995941e+000	1.009590e-009
5.359050982851433e-003	9.995098e+000	1.009505e-009
5.365886920351433e-003	9.994255e+000	1.009420e-009
5.372722857851433e-003	9.993415e+000	1.009335e-009
5.379558795351433e-003	9.992579e+000	1.009250e-009
5.386394732851433e-003	9.991763e+000	1.009168e-009
5.392302533792778e-003	9.991115e+000	1.009102e-009
5.395937942235563e-003	9.990794e+000	1.009070e-009
5.397915988136629e-003	9.990695e+000	1.009060e-009
5.399861980388551e-003	9.990694e+000	1.009060e-009
5.401931506792131e-003	9.990814e+000	1.009072e-009
5.404302376214342e-003	9.991086e+000	1.009100e-009
5.407583709293753e-003	9.991556e+000	1.009147e-009
5.410369976049385e-003	9.991915e+000	1.009183e-009
5.413385907293071e-003	9.992188e+000	1.009211e-009
5.417086797526649e-003	9.992396e+000	1.009232e-009
5.420460502764186e-003	9.992511e+000	1.009244e-009
5.424396629702684e-003	9.992599e+000	1.009252e-009
5.428635745542385e-003	9.992669e+000	1.009260e-009
5.435045999120626e-003	9.992760e+000	1.009269e-009
5.441854565329534e-003	9.992852e+000	1.009278e-009
5.448690502829533e-003	9.992945e+000	1.009287e-009
5.455526440329534e-003	9.993038e+000	1.009297e-009
5.462362377829533e-003	9.993133e+000	1.009306e-009
5.469198315329534e-003	9.993226e+000	1.009316e-009
5.476034252829534e-003	9.993318e+000	1.009325e-009
5.482870190329533e-003	9.993407e+000	1.009334e-009
5.489706127829534e-003	9.993494e+000	1.009343e-009
5.496542065329534e-003	9.993578e+000	1.009351e-009
5.503378002829533e-003	9.993660e+000	1.009360e-009
5.510213940329534e-003	9.993740e+000	1.009368e-009
5.517049877829534e-003	9.993817e+000	1.009375e-009
5.523885815329533e-003	9.993892e+000	1.009383e-009
5.530721752829534e-003	9.993965e+000	1.009390e-009
5.544393627829534e-003	9.994104e+000	1.009405e-009
5.558065502829533e-003	9.994235e+000	1.009418e-009
5.564901440329534e-003	9.994297e+000	1.009424e-009
5.571737377829534e-003	9.994357e+000	1.009430e-009
5.578573315329533e-003	9.994416e+000	1.009436e-009
5.585409252829534e-003	9.994473e+000	1.009442e-009
5.592245190329533e-003	9.994527e+000	1.009447e-009
5.605917065329534e-003	9.994632e+000	1.009458e-009
5.619588940329534e-003	9.994729e+000	1.009468e-009
5.633260815329533e-003	9.994821e+000	1.009477e-009
5.646932690329534e-003	9.994906e+000	1.009486e-009
5.667440502829533e-003	9.995024e+000	1.009497e-009
5.681112377829534e-003	9.995096e+000	1.009505e-009
5.694784252829534e-003	9.995163e+000	1.009511e-009
5.715292065329534e-003	9.995256e+000	1.009521e-009
5.733846752829534e-003	9.995331e+000	1.009528e-009
5.752401440329534e-003	9.995399e+000	1.009535e-009
5.770956127829534e-003	9.995462e+000	1.009542e-009
5.789510815329533e-003	9.995520e+000	1.009548e-009
5.808065502829534e-003	9.995572e+000	1.009553e-009
5.826620190329534e-003	9.995619e+000	1.009557e-009
5.845174877829534e-003	9.995660e+000	1.009562e-009
5.865682690329534e-003	9.995702e+000	1.009566e-009
5.886190502829534e-003	9.995739e+000	1.009570e-009
5.906698315329534e-003	9.995772e+000	1.009573e-009
5.927206127829533e-003	9.995803e+000	1.009576e-009
5.947713940329533e-003	9.995830e+000	1.009579e-009
5.968221752829533e-003	9.995853e+000	1.009581e-009
5.988729565329534e-003	9.995875e+000	1.009583e-009
6.009237377829534e-003	9.995895e+000	1.009585e-009
6.029745190329534e-003	9.995913e+000	1.009587e-009
6.050253002829534e-003	9.995928e+000	1.009589e-009
6.070760815329534e-003	9.995941e+000	1.009590e-009
6.091268627829534e-003	9.995954e+000	1.009591e-009
6.111776440329533e-003	9.995965e+000	1.009592e-009
6.132284252829533e-003	9.995975e+000	1.009593e-009
6.152792065329533e-003	9.995983e+000	1.009594e-009
6.173299877829533e-003	9.995991e+000	1.009595e-009
6.193807690329534e-003	9.995998e+000	1.009596e-009
6.214315502829534e-003	9.996004e+000	1.009596e-009
6.231893627829534e-003	9.996009e+000	1.009597e-009
6.249471752829534e-003	9.996013e+000	1.009597e-009
6.267049877829533e-003	9.996017e+000	1.009598e-009
6.284628002829534e-003	9.996021e+000	1.009598e-009
6.302206127829534e-003	9.996024e+000	1.009598e-009
6.319784252829534e-003	9.996027e+000	1.009599e-009
6.337362377829533e-003	9.996030e+000	1.009599e-009
6.355917065329533e-003	9.996032e+000	1.009599e-009
6.374471752829534e-003	9.996034e+000	1.009600e-009
6.393026440329534e-003	9.996037e+000	1.009600e-009
6.411581127829533e-003	9.996038e+000	1.009600e-009
6.430135815329533e-003	9.996040e+000	1.009600e-009
6.448690502829533e-003	9.996042e+000	1.009600e-009
6.467245190329533e-003	9.996043e+000	1.009600e-009
6.487753002829533e-003	9.996045e+000	1.009600e-009
6.508260815329533e-003	9.996046e+000	1.009601e-009
6.528768627829533e-003	9.996047e+000	1.009601e-009
6.549276440329534e-003	9.996048e+000	1.009601e-009
6.569784252829534e-003	9.996049e+000	1.009601e-009
6.590292065329534e-003	9.996050e+000	1.009601e-009
6.610799877829534e-003	9.996050e+000	1.009601e-009
6.634237377829534e-003	9.996051e+000	1.009601e-009
6.657674877829534e-003	9.996052e+000	1.009601e-009
6.681112377829534e-003	9.996052e+000	1.009601e-009
6.704549877829534e-003	9.996053e+000	1.009601e-009
6.727987377829534e-003	9.996053e+000	1.009601e-009
6.751424877829534e-003	9.996054e+000	1.009601e-009
6.774862377829534e-003	9.996054e+000	1.009601e-009
6.805135815329533e-003	9.996054e+000	1.009601e-009
6.835409252829534e-003	9.996054e+000	1.009601e-009
6.865682690329534e-003	9.996055e+000	1.009601e-009
6.895956127829533e-003	9.996055e+000	1.009602e-009
6.926229565329534e-003	9.996055e+000	1.009602e-009
6.956503002829534e-003	9.996055e+000	1.009602e-009
6.986776440329533e-003	9.996056e+000	1.009602e-009
6.993612377829534e-003	9.996056e+000	1.009602e-009
6.999000000000000e-003	9.996056e+000	1.009602e-009
